6 
1000 1000 1000 1000 1000 1000 
1 129 185 172 198 105 103 
2 138 112 158 89 71 121 
3 170 155 178 87 162 196 
4 128 134 73 89 193 69 
5 103 69 51 131 62 196 
6 128 131 161 152 131 113 
7 183 152 168 55 102 107 
8 138 110 78 87 79 179 
9 157 66 107 147 121 98 
10 101 105 119 90 80 131 
11 56 69 54 134 170 72 
12 121 121 129 194 93 158 
13 139 53 76 122 109 140 
14 121 183 67 91 160 116 
15 83 78 110 138 181 58 
16 144 53 73 137 113 114 
17 85 137 191 149 115 157 
18 134 59 170 71 60 153 
19 173 72 99 174 174 88 
20 67 62 180 125 181 82 
21 180 129 69 122 177 77 
22 66 57 91 144 60 125 
23 148 59 57 93 69 131 
24 117 187 61 113 140 85 
25 137 111 158 196 92 182 
26 127 113 68 107 184 159 
27 69 180 94 113 157 188 
28 170 107 97 54 58 68 
29 180 96 118 79 176 175 
30 53 164 52 162 85 73 
31 97 177 177 83 160 173 
32 174 175 179 163 102 64 
33 90 133 125 86 129 132 
34 186 182 102 114 176 60 
35 171 142 122 84 88 141 
36 153 192 97 157 89 84 
37 96 168 59 97 137 191 
38 96 172 194 112 190 124 
39 96 152 65 70 56 173 
40 138 160 99 128 143 199 
41 177 56 151 111 83 97 
42 107 101 158 189 154 134 
43 135 182 191 146 181 125 
44 106 121 143 97 187 56 
45 159 75 86 164 147 88 
46 51 84 185 78 190 69 
47 114 195 168 199 199 187 
48 134 187 188 71 131 64 
49 169 191 141 147 110 143 
50 188 73 182 178 128 80 
51 144 191 94 127 199 138 
52 157 105 142 181 103 197 
53 64 149 173 115 118 148 
54 113 56 90 62 79 162 
55 58 196 103 99 194 198 
56 177 68 116 83 109 147 
57 92 184 72 157 107 102 
58 177 169 115 78 151 133 
59 200 121 58 140 85 160 
60 53 135 93 198 172 74 
61 117 126 106 119 157 147 
62 89 179 141 132 167 133 
63 158 194 152 78 194 183 
64 162 60 158 66 67 59 
65 102 194 59 148 187 137 
66 136 172 157 89 98 80 
67 188 136 132 139 102 100 
68 150 142 73 95 166 148 
69 188 169 85 196 56 167 
70 53 156 187 76 111 154 
71 138 84 120 88 192 187 
72 137 190 82 62 128 64 
73 169 86 121 182 187 159 
74 51 111 173 149 114 78 
75 68 154 183 72 108 151 
76 58 147 133 54 62 139 
77 82 199 150 82 103 163 
78 95 104 118 165 99 127 
79 189 177 168 161 186 153 
80 137 93 196 71 116 175 
81 78 79 137 150 181 166 
82 160 181 146 107 152 62 
83 101 129 159 198 82 121 
84 150 97 84 131 115 51 
85 166 82 100 176 138 84 
86 129 102 106 115 106 73 
87 93 159 54 174 65 85 
88 110 101 91 112 87 155 
89 169 133 150 129 93 71 
90 169 169 136 197 80 68 
91 159 186 104 111 137 79 
92 105 114 116 77 57 93 
93 117 184 95 119 165 101 
94 53 138 92 199 85 78 
95 148 56 54 147 54 152 
96 130 50 197 81 90 68 
97 186 139 105 141 166 165 
98 96 187 116 125 83 62 
99 141 139 63 149 63 118 
100 159 118 125 172 139 92 
101 175 174 161 80 189 148 
102 89 140 185 98 90 100 
103 168 101 132 94 188 53 
104 185 159 61 152 124 75 
105 108 192 103 69 119 137 
106 85 116 85 196 155 128 
107 111 172 59 154 195 77 
108 59 123 100 88 178 69 
109 133 116 67 96 139 104 
110 188 158 64 99 137 139 
111 95 193 151 89 187 159 
112 160 87 159 128 51 182 
113 73 96 57 185 146 153 
114 52 159 171 88 192 114 
115 86 185 86 89 183 70 
116 101 146 53 122 150 178 
117 149 101 114 123 90 52 
118 90 131 200 198 109 178 
119 89 130 83 86 105 184 
120 172 147 193 139 154 106 
121 162 67 64 108 113 183 
122 175 199 139 69 179 175 
123 183 158 149 73 92 123 
124 81 91 189 86 146 53 
125 177 176 51 71 99 150 
126 73 54 194 78 193 161 
127 147 129 153 77 180 195 
128 108 127 190 178 177 181 
129 142 93 130 91 177 147 
130 137 84 144 53 137 98 
131 122 175 99 140 76 104 
132 94 140 122 175 137 167 
133 61 150 157 55 72 92 
134 167 68 104 96 89 159 
135 163 197 157 125 65 169 
136 142 65 144 130 198 123 
137 169 70 145 141 52 128 
138 110 183 172 163 121 74 
139 167 73 165 87 151 74 
140 172 186 146 175 92 51 
141 177 153 147 141 168 159 
142 75 175 121 112 197 155 
143 111 151 165 52 76 181 
144 156 127 181 140 129 106 
145 192 57 185 161 153 90 
146 144 72 179 161 158 199 
147 84 93 109 98 174 109 
148 102 185 92 82 71 198 
149 99 154 69 98 174 83 
150 77 168 151 156 186 119 
151 77 59 59 161 140 177 
152 64 95 119 135 92 159 
153 119 170 111 154 177 192 
154 169 59 51 62 138 153 
155 133 170 179 103 58 120 
156 123 197 170 186 153 55 
157 54 171 155 176 198 193 
158 110 66 131 171 83 63 
159 61 119 111 176 86 125 
160 180 128 155 72 92 65 
161 52 88 119 136 200 67 
162 127 68 131 76 84 165 
163 178 190 105 74 138 190 
164 167 200 99 145 184 181 
165 124 85 60 189 117 87 
166 97 170 167 107 179 195 
167 60 138 144 184 50 150 
168 67 96 172 169 87 108 
169 166 163 173 93 181 95 
170 175 184 160 71 157 106 
171 127 174 198 68 124 86 
172 153 55 57 193 79 164 
173 95 113 107 109 175 130 
174 63 129 167 180 127 80 
175 76 171 157 99 192 104 
176 131 148 192 106 64 152 
177 195 172 118 125 200 143 
178 51 116 195 69 116 158 
179 102 64 171 126 97 188 
180 145 197 57 67 124 141 
181 63 180 173 130 86 127 
182 184 113 175 152 155 93 
183 199 183 81 71 107 143 
184 189 141 101 126 181 98 
185 55 124 63 141 150 186 
186 187 146 180 171 147 98 
187 174 69 175 88 103 160 
188 171 194 101 92 61 123 
189 67 71 87 136 177 65 
190 172 163 56 146 61 87 
191 139 188 194 81 194 149 
192 195 134 176 157 89 155 
193 167 178 155 94 198 66 
194 126 132 99 186 141 172 
195 165 185 69 95 77 153 
196 98 127 51 53 58 160 
197 178 104 99 192 53 113 
198 76 106 167 143 128 194 
199 110 149 155 178 198 195 
200 195 158 126 163 121 54 
201 161 72 199 161 104 88 
202 140 54 153 170 68 108 
203 137 198 197 133 127 191 
204 132 193 104 165 151 89 
205 116 65 159 193 79 140 
206 89 200 130 92 164 163 
207 82 150 55 193 96 119 
208 112 199 114 119 190 184 
209 178 68 157 106 150 183 
210 106 58 93 162 165 193 
211 61 138 146 117 106 85 
212 51 146 193 81 75 73 
213 67 160 122 142 180 53 
214 85 130 152 75 191 198 
215 72 163 123 96 55 104 
216 104 123 169 99 102 182 
217 164 75 83 183 56 100 
218 188 168 100 106 149 152 
219 104 167 99 147 160 81 
220 165 175 139 60 128 187 
221 88 106 72 198 102 139 
222 121 130 195 194 130 134 
223 51 63 116 74 93 58 
224 52 93 182 129 94 186 
225 121 118 135 120 67 194 
226 176 52 142 121 174 198 
227 57 183 127 168 67 177 
228 157 50 125 197 175 152 
229 54 144 62 163 142 111 
230 90 124 87 67 113 199 
231 96 92 98 52 163 106 
232 66 143 151 66 91 112 
233 118 93 188 81 130 112 
234 106 120 129 50 198 170 
235 124 55 54 94 168 94 
236 137 93 89 121 118 187 
237 182 56 148 79 113 192 
238 153 94 157 108 102 101 
239 154 133 184 95 137 198 
240 163 64 64 128 92 134 
241 62 144 136 155 72 177 
242 59 101 86 104 135 92 
243 131 62 150 164 79 143 
244 123 94 197 73 50 171 
245 76 181 155 196 151 98 
246 141 166 169 168 112 200 
247 92 69 161 79 107 187 
248 126 178 130 107 167 51 
249 150 111 111 197 142 193 
250 100 118 88 108 198 159 
251 191 56 161 52 140 61 
252 121 156 174 55 171 125 
253 103 106 188 167 75 85 
254 136 81 52 107 130 110 
255 156 74 80 190 52 99 
256 141 78 160 126 94 135 
257 98 154 74 195 153 106 
258 143 128 71 112 176 90 
259 143 93 60 156 156 129 
260 110 190 191 156 197 159 
261 119 110 196 199 198 195 
262 174 174 58 82 68 112 
263 80 97 121 59 67 105 
264 149 131 198 52 62 110 
265 183 52 85 118 62 133 
266 57 105 94 69 64 156 
267 154 184 176 141 106 103 
268 79 152 55 194 198 110 
269 87 117 126 175 63 115 
270 130 195 176 164 95 77 
271 190 168 196 188 99 56 
272 86 181 185 127 57 73 
273 107 142 88 138 92 126 
274 147 130 191 187 73 193 
275 65 174 84 152 191 88 
276 95 175 118 59 90 173 
277 100 172 73 69 146 112 
278 116 61 165 106 104 123 
279 112 200 195 109 162 173 
280 149 100 83 121 63 111 
281 144 183 130 189 165 151 
282 86 74 199 199 197 154 
283 120 163 165 87 196 109 
284 124 114 95 117 156 74 
285 177 58 161 188 53 144 
286 193 130 150 142 171 163 
287 172 192 52 80 151 70 
288 78 58 74 129 126 96 
289 106 104 61 191 74 196 
290 82 160 172 131 101 93 
291 73 148 162 93 73 162 
292 196 192 197 189 124 149 
293 59 80 189 166 95 117 
294 110 168 197 147 97 73 
295 192 171 175 53 52 55 
296 153 155 67 64 154 77 
297 157 109 82 126 53 94 
298 100 101 89 163 162 198 
299 73 78 101 74 175 138 
300 134 170 191 90 166 174 
301 83 147 131 164 100 103 
302 86 159 193 161 127 98 
303 76 108 134 167 173 166 
304 172 58 106 193 86 92 
305 164 151 155 142 123 75 
306 78 73 70 62 57 106 
307 83 128 102 151 50 72 
308 83 57 98 130 173 165 
309 104 71 137 113 183 115 
310 139 85 190 150 77 76 
311 151 193 179 72 88 126 
312 112 74 143 190 137 125 
313 154 75 177 61 70 108 
314 58 96 122 137 101 70 
315 163 112 167 181 167 94 
316 149 179 111 92 186 176 
317 76 188 177 85 71 101 
318 156 167 112 133 151 166 
319 125 102 196 191 171 86 
320 199 184 105 80 96 141 
321 162 87 67 105 80 113 
322 181 190 145 112 195 147 
323 197 99 57 84 107 161 
324 114 198 75 159 134 167 
325 101 87 173 86 163 72 
326 148 104 143 163 129 103 
327 81 70 121 110 166 170 
328 99 197 73 67 116 163 
329 200 155 176 197 121 58 
330 119 55 51 170 186 169 
331 65 71 171 129 91 111 
332 159 171 125 146 182 117 
333 200 90 100 154 100 113 
334 77 188 110 53 104 187 
335 163 105 102 174 72 179 
336 90 167 191 167 159 78 
337 103 195 141 134 90 115 
338 70 128 130 92 197 160 
339 104 51 159 146 72 173 
340 157 190 180 110 85 136 
341 101 68 60 65 130 145 
342 100 114 102 183 114 91 
343 176 157 118 136 112 64 
344 187 128 58 79 118 112 
345 166 147 195 141 191 50 
346 154 133 146 135 67 165 
347 105 52 165 111 91 190 
348 97 184 173 172 182 117 
349 193 183 150 120 193 145 
350 174 190 146 168 85 152 
351 138 174 75 120 170 165 
352 149 171 175 117 126 121 
353 101 52 89 122 145 145 
354 87 198 161 160 118 50 
355 54 88 55 55 128 75 
356 95 92 86 184 125 157 
357 157 127 51 163 72 80 
358 190 196 159 151 195 159 
359 59 90 115 84 128 113 
360 64 95 109 72 103 196 
361 143 105 180 79 62 122 
362 81 79 154 176 179 54 
363 74 123 120 137 149 81 
364 178 60 117 129 131 108 
365 160 124 191 50 52 165 
366 120 111 135 180 128 186 
367 99 78 144 156 118 138 
368 182 69 115 50 196 165 
369 133 128 61 159 88 155 
370 63 96 193 196 128 68 
371 191 83 144 137 129 169 
372 62 130 57 50 135 166 
373 63 125 195 160 56 101 
374 126 126 102 62 71 91 
375 122 85 111 198 186 186 
376 105 128 70 158 68 154 
377 56 193 117 123 116 176 
378 104 111 101 192 62 57 
379 69 182 115 57 67 200 
380 68 71 94 68 179 51 
381 116 91 74 167 155 123 
382 195 190 50 156 113 67 
383 180 99 159 132 169 112 
384 151 130 97 90 165 199 
385 182 59 93 134 195 91 
386 189 190 95 171 90 106 
387 133 181 146 88 81 164 
388 102 183 129 118 192 132 
389 198 127 107 60 79 158 
390 109 181 138 112 54 182 
391 118 137 86 152 101 183 
392 118 63 86 118 172 112 
393 160 107 177 155 107 135 
394 64 115 195 135 83 169 
395 191 103 65 151 171 164 
396 122 134 149 121 51 157 
397 70 119 122 198 186 165 
398 68 161 136 124 144 59 
399 63 167 51 193 119 166 
400 144 51 191 189 108 192 
