6 
1000 1000 1000 1000 1000 1000 
1 450 216 207 768 205 616 
2 650 518 565 608 293 721 
3 331 559 490 720 378 256 
4 426 403 563 344 444 699 
5 249 328 794 399 766 290 
6 706 336 312 510 426 531 
7 333 607 563 224 229 319 
8 377 312 622 247 209 575 
9 574 745 675 476 711 746 
10 568 564 558 358 474 502 
11 482 314 360 232 351 255 
12 232 431 567 634 470 699 
13 762 716 320 751 573 696 
14 377 782 795 536 236 424 
15 341 384 744 567 242 720 
16 780 288 455 753 582 404 
17 756 370 478 548 561 518 
18 480 224 758 631 736 634 
19 212 587 393 595 399 493 
20 797 525 588 448 543 435 
21 682 748 752 633 298 665 
22 684 543 759 262 366 539 
23 651 548 417 779 630 580 
24 399 674 377 545 526 763 
25 663 703 620 756 698 321 
26 257 229 510 664 774 502 
27 697 628 251 736 404 798 
28 566 329 231 656 208 605 
29 622 521 530 213 606 704 
30 712 792 620 617 770 553 
31 759 311 698 519 305 224 
32 509 205 640 232 686 744 
33 723 644 663 697 596 695 
34 639 365 394 695 327 450 
35 328 596 349 714 254 280 
36 779 604 537 432 768 713 
37 343 767 579 790 578 606 
38 566 322 434 500 456 736 
39 608 546 284 536 634 536 
40 498 585 768 543 234 245 
41 281 559 565 476 724 716 
42 503 318 369 674 246 507 
43 278 731 551 249 556 593 
44 450 578 306 219 796 588 
45 780 257 435 559 218 661 
46 395 383 472 522 678 697 
47 719 443 582 265 785 411 
48 498 480 559 540 511 604 
49 264 554 596 284 426 752 
50 235 735 767 698 397 702 
51 263 622 308 434 239 781 
52 208 459 287 402 790 420 
53 711 288 574 595 586 555 
54 374 239 331 367 223 419 
55 295 719 784 650 286 626 
56 608 730 421 244 343 711 
57 408 432 744 572 725 449 
58 722 511 744 352 479 286 
59 582 265 709 387 227 634 
60 358 768 253 419 352 217 
61 279 564 527 335 225 459 
62 417 260 244 689 665 201 
63 623 542 264 788 294 669 
64 604 577 647 608 290 739 
65 334 587 428 478 535 234 
66 322 670 744 214 270 555 
67 407 434 497 297 569 777 
68 254 596 656 607 245 294 
69 413 409 255 420 345 569 
70 236 272 699 543 794 361 
71 539 774 271 420 636 708 
72 267 303 275 515 524 289 
73 495 225 747 313 449 487 
74 553 288 765 514 322 707 
75 426 234 258 348 799 336 
76 274 488 438 611 619 346 
77 599 683 286 275 439 645 
78 453 303 646 430 399 653 
79 445 367 386 276 386 245 
80 206 494 497 262 406 394 
81 455 643 353 244 202 467 
82 273 279 338 311 581 514 
83 691 229 645 430 667 781 
84 274 578 297 289 786 351 
85 569 409 663 721 401 409 
86 318 224 547 411 595 251 
87 758 405 244 374 335 247 
88 735 767 410 429 321 426 
89 540 450 771 728 231 666 
90 623 365 313 663 226 662 
91 753 752 708 210 692 353 
92 374 258 319 204 388 506 
93 726 601 374 710 337 655 
94 606 709 508 462 357 646 
95 201 720 759 791 746 742 
96 234 643 658 362 437 268 
97 638 597 445 239 699 774 
98 327 250 756 421 394 305 
99 348 301 409 716 776 209 
100 422 263 675 542 347 550 
101 785 716 417 285 571 444 
102 253 597 749 346 648 561 
103 717 737 752 347 632 237 
104 398 215 369 712 669 696 
105 719 295 533 567 499 421 
106 429 314 499 523 263 473 
107 258 600 466 521 420 233 
108 431 800 360 703 202 346 
109 676 409 339 705 769 612 
110 478 267 643 675 772 781 
111 361 577 314 321 729 633 
112 628 740 713 212 685 482 
113 674 579 613 486 428 610 
114 650 323 447 656 294 601 
115 390 424 549 771 312 652 
116 466 460 328 514 413 270 
117 243 800 428 310 217 615 
118 491 531 210 248 746 528 
119 204 786 458 780 724 345 
120 631 474 227 275 433 374 
121 370 289 662 226 710 767 
122 481 251 242 212 775 526 
123 401 303 244 472 661 739 
124 294 312 359 686 623 468 
125 640 490 238 445 367 416 
126 364 313 456 478 231 687 
127 758 620 554 266 421 283 
128 207 577 766 240 308 371 
129 509 651 750 243 664 542 
130 200 519 653 520 649 262 
131 586 526 680 634 452 512 
132 581 211 473 521 378 246 
133 215 467 428 533 799 438 
134 682 318 772 761 754 612 
135 389 735 423 505 516 594 
136 684 427 672 446 737 524 
137 286 669 557 475 461 575 
138 485 495 777 459 365 499 
139 525 480 758 686 683 765 
140 791 473 784 335 702 254 
141 598 217 524 751 774 565 
142 291 349 736 793 258 581 
143 349 442 763 765 229 756 
144 523 762 228 490 530 533 
145 679 648 645 799 603 249 
146 759 359 478 364 355 558 
147 248 678 359 346 685 752 
148 783 622 793 630 210 683 
149 375 210 729 390 264 522 
150 699 753 760 712 511 384 
151 391 668 267 517 232 407 
152 677 626 588 218 744 567 
153 338 506 254 300 262 696 
154 751 716 379 555 630 578 
155 602 453 572 695 569 232 
156 515 722 352 280 360 549 
157 746 790 382 364 778 267 
158 459 641 389 794 556 203 
159 350 644 569 585 798 362 
160 566 752 398 303 213 201 
161 641 643 645 387 400 306 
162 715 566 344 365 609 763 
163 394 765 494 278 228 237 
164 442 463 617 216 337 740 
165 285 474 616 474 455 448 
166 693 394 578 434 254 592 
167 340 699 205 343 626 697 
168 228 683 235 240 592 795 
169 255 615 383 302 297 494 
170 760 749 718 649 394 476 
171 647 514 215 584 539 538 
172 668 500 387 495 507 571 
173 755 504 621 772 586 591 
174 405 388 587 332 599 379 
175 292 501 430 648 677 758 
176 290 612 524 226 328 517 
177 483 336 642 632 346 610 
178 225 644 282 307 284 571 
179 633 528 298 359 694 460 
180 775 673 783 723 574 662 
181 767 586 297 293 304 300 
182 587 225 587 436 642 760 
183 389 319 486 583 317 540 
184 701 720 432 583 665 360 
185 641 609 528 694 249 233 
186 382 461 214 562 537 733 
187 775 288 356 284 669 265 
188 601 434 517 369 407 329 
189 295 521 455 711 472 531 
190 609 412 216 639 562 492 
191 495 707 355 640 439 542 
192 709 660 798 482 302 566 
193 503 510 354 757 386 273 
194 570 629 706 421 780 221 
195 731 471 747 674 523 538 
196 739 664 700 379 780 462 
197 258 267 645 382 213 626 
198 243 411 367 254 351 600 
199 732 781 627 216 454 428 
200 758 216 658 730 547 745 
201 510 270 551 386 738 385 
202 635 675 619 653 713 224 
203 272 724 432 505 640 565 
204 354 759 431 213 528 790 
205 436 331 301 245 426 207 
206 330 693 691 436 396 670 
207 201 533 605 671 271 625 
208 206 712 234 648 649 267 
209 652 761 659 383 644 404 
210 590 454 732 425 204 275 
211 445 591 738 459 402 701 
212 608 671 493 542 714 691 
213 400 777 639 679 792 507 
214 409 313 668 414 717 444 
215 599 369 263 536 262 249 
216 671 275 574 423 753 653 
217 319 616 635 251 380 739 
218 675 700 788 463 235 767 
219 743 479 205 266 678 208 
220 497 205 214 404 328 505 
221 463 643 487 717 616 489 
222 672 708 440 201 485 346 
223 724 256 519 543 471 233 
224 354 402 367 300 282 273 
225 776 462 792 748 537 794 
226 756 764 276 683 715 720 
227 337 741 743 766 266 296 
228 634 213 390 469 377 723 
229 450 391 544 541 329 750 
230 586 451 373 367 755 212 
231 549 444 481 283 425 667 
232 725 206 480 320 304 636 
233 653 547 702 488 556 482 
234 432 351 366 209 415 456 
235 503 333 232 387 489 776 
236 298 535 485 499 516 247 
237 613 795 219 796 482 264 
238 320 554 769 670 585 754 
239 596 454 591 452 526 337 
240 515 746 451 242 689 366 
241 578 453 225 344 508 390 
242 478 412 475 473 363 215 
243 494 591 671 388 621 478 
244 578 673 765 507 765 384 
245 337 205 267 276 480 577 
246 760 223 288 306 715 792 
247 359 698 619 379 353 213 
248 281 556 202 336 704 259 
249 392 569 764 389 367 619 
250 747 644 568 393 724 781 
251 269 478 472 244 242 621 
252 763 649 356 532 751 264 
253 309 756 561 277 669 557 
254 317 800 579 678 599 715 
255 372 549 301 219 419 523 
256 719 417 788 281 295 442 
257 746 619 478 360 252 667 
258 324 510 271 209 675 642 
259 360 509 382 287 603 604 
260 765 734 521 391 357 595 
261 294 273 226 721 326 574 
262 383 747 766 658 219 296 
263 627 493 635 534 281 721 
264 458 547 270 233 639 395 
265 423 516 701 633 548 752 
266 748 352 756 567 788 240 
267 560 734 742 698 539 770 
268 749 520 428 635 614 677 
269 694 793 754 349 529 563 
270 206 514 477 201 229 565 
271 378 621 272 272 233 495 
272 794 651 614 489 523 741 
273 645 333 642 473 765 367 
274 617 789 398 630 231 582 
275 201 620 472 565 478 518 
276 696 655 387 554 366 280 
277 774 462 295 656 323 326 
278 399 641 444 392 226 774 
279 394 473 242 648 543 767 
280 478 770 795 398 487 315 
281 405 670 752 382 667 305 
282 250 202 336 394 425 503 
283 712 277 386 652 590 662 
284 585 494 684 505 681 758 
285 377 277 575 623 647 628 
286 317 554 323 430 556 224 
287 581 479 547 424 250 706 
288 648 225 338 676 253 447 
289 487 548 753 747 268 755 
290 626 543 734 745 257 772 
291 270 422 557 357 432 410 
292 219 709 420 597 400 465 
293 435 442 362 470 728 267 
294 254 258 735 624 744 642 
295 491 636 695 561 254 656 
296 616 507 769 585 584 244 
297 638 205 746 629 405 616 
298 541 357 528 734 301 614 
299 464 777 613 380 311 295 
300 471 612 549 639 661 789 
301 276 361 374 360 743 361 
302 272 590 769 545 709 733 
303 613 559 752 796 481 461 
304 423 373 304 710 214 507 
305 370 464 351 418 618 626 
306 464 562 712 247 565 200 
307 570 202 746 501 442 446 
308 718 731 720 223 469 263 
309 395 366 478 342 768 277 
310 530 578 559 504 550 738 
311 720 210 258 269 636 268 
312 548 400 701 479 211 737 
313 320 735 440 688 462 781 
314 527 388 325 783 704 420 
315 620 581 214 278 422 609 
316 724 413 576 213 530 533 
317 233 447 364 411 454 330 
318 701 452 592 230 481 434 
319 283 391 624 743 523 770 
320 728 731 233 724 598 316 
321 624 504 434 624 657 412 
322 402 603 780 569 617 457 
323 453 362 224 262 624 237 
324 703 714 351 562 648 544 
325 449 541 716 638 778 800 
326 767 359 482 270 233 427 
327 599 537 249 462 202 360 
328 520 643 505 408 738 737 
329 402 274 786 601 618 242 
330 623 698 549 675 792 378 
331 371 587 633 398 515 417 
332 527 203 748 462 242 640 
333 525 626 431 225 538 314 
334 258 448 652 213 742 732 
335 707 642 380 399 631 623 
336 237 207 725 245 434 649 
337 458 513 493 295 419 729 
338 467 309 317 536 291 205 
339 682 639 782 538 508 720 
340 587 751 288 243 471 717 
341 598 564 540 359 648 427 
342 408 262 369 504 594 724 
343 400 285 434 264 533 395 
344 693 740 758 602 616 389 
345 234 758 789 751 716 423 
346 484 499 347 494 392 248 
347 792 377 784 739 324 378 
348 216 367 329 407 706 212 
349 766 767 684 686 467 415 
350 441 538 271 418 745 660 
351 630 204 672 457 205 608 
352 720 248 302 341 593 588 
353 699 778 720 421 465 509 
354 249 505 265 424 776 571 
355 410 538 612 676 462 542 
356 606 498 423 353 479 641 
357 640 631 659 782 606 595 
358 350 751 624 327 402 394 
359 730 638 586 554 443 281 
360 433 203 383 568 311 550 
361 307 760 550 477 734 476 
362 533 465 665 757 390 696 
363 283 529 300 638 592 600 
364 203 273 275 719 608 319 
365 599 346 579 673 466 606 
366 313 238 311 616 682 661 
367 656 237 630 777 214 480 
368 717 653 577 455 487 385 
369 289 794 546 480 498 781 
370 461 557 564 490 782 734 
371 717 379 355 353 239 254 
372 445 411 388 650 690 763 
373 677 534 792 732 506 643 
374 720 662 710 416 596 578 
375 770 688 434 610 329 257 
376 297 312 489 281 548 656 
377 767 538 273 754 440 683 
378 548 435 699 550 675 690 
379 475 653 416 277 360 574 
380 512 716 614 736 727 224 
381 564 383 688 570 351 590 
382 604 426 477 491 600 710 
383 477 297 731 419 239 330 
384 510 360 209 324 799 693 
385 779 376 421 439 356 335 
386 589 215 718 244 758 743 
387 619 618 676 780 529 236 
388 511 795 346 756 614 336 
389 436 414 790 618 585 733 
390 384 449 792 647 759 775 
391 207 295 262 521 495 796 
392 547 787 525 756 259 366 
393 490 376 586 429 594 453 
394 367 433 795 580 518 295 
395 279 579 276 551 366 353 
396 207 278 315 666 392 368 
397 709 287 642 676 669 513 
398 704 660 432 415 236 241 
399 271 293 267 325 302 490 
400 247 677 548 336 387 299 
401 633 582 761 446 739 237 
402 592 322 612 631 407 379 
403 542 541 759 496 692 471 
404 421 368 503 413 644 690 
405 585 255 268 496 295 253 
406 265 768 472 411 547 323 
407 274 619 727 388 660 410 
408 213 782 711 601 413 685 
409 518 222 369 477 739 451 
410 223 658 421 440 546 705 
411 596 585 426 310 651 794 
412 358 256 226 463 675 477 
413 563 311 416 695 797 754 
414 768 390 460 785 555 463 
415 510 612 708 585 466 596 
416 299 622 612 288 539 683 
417 379 700 382 468 358 336 
418 348 562 501 292 490 202 
419 738 242 248 476 741 635 
420 632 288 575 308 495 739 
421 716 317 312 201 445 736 
422 386 750 786 727 214 739 
423 686 407 569 374 732 719 
424 368 767 350 655 340 389 
425 791 240 762 753 721 466 
426 526 669 243 792 222 641 
427 756 764 722 668 382 307 
428 698 572 771 720 755 759 
429 258 728 222 614 769 630 
430 377 354 383 650 765 614 
431 614 515 466 216 496 240 
432 624 385 252 362 797 371 
433 656 744 701 248 448 447 
434 270 356 208 293 313 258 
435 579 782 365 496 658 283 
436 307 254 277 610 412 670 
437 384 780 432 570 699 336 
438 761 280 700 287 306 697 
439 668 396 433 728 248 678 
440 202 561 587 216 567 521 
441 335 400 731 502 703 655 
442 769 375 360 225 653 557 
443 469 436 661 637 702 531 
444 371 479 292 346 305 706 
445 241 790 716 249 429 576 
446 537 577 739 463 619 467 
447 603 565 766 527 336 423 
448 739 603 482 260 719 266 
449 479 330 447 297 233 235 
450 676 671 224 488 572 203 
451 571 560 377 213 589 419 
452 377 412 422 312 455 563 
453 511 393 290 756 266 572 
454 449 296 467 381 753 667 
455 641 313 762 429 358 642 
456 257 531 697 212 365 749 
457 702 407 296 751 731 451 
458 240 566 596 348 433 432 
459 428 314 262 449 433 210 
460 294 201 395 314 699 534 
461 639 583 263 730 382 645 
462 481 593 527 674 539 468 
463 794 423 276 759 280 719 
464 784 515 733 357 758 399 
465 496 202 330 595 777 289 
466 307 623 326 658 701 641 
467 733 306 222 685 689 371 
468 765 797 721 565 297 402 
469 476 685 665 515 388 319 
470 336 701 323 486 286 417 
471 636 715 309 533 542 375 
472 746 657 444 780 634 263 
473 692 526 222 698 495 363 
474 347 629 385 638 508 278 
475 234 225 762 457 766 316 
476 767 304 510 374 255 307 
477 700 306 540 202 595 796 
478 414 291 789 593 575 686 
479 229 518 553 398 365 439 
480 240 777 384 222 591 517 
481 676 589 500 674 542 260 
482 607 378 681 769 327 755 
483 684 792 745 762 622 313 
484 729 275 764 266 485 603 
485 504 381 296 269 303 362 
486 485 368 763 262 497 521 
487 715 398 575 758 273 692 
488 524 308 481 791 626 685 
489 315 779 496 535 732 425 
490 246 783 311 688 316 727 
491 583 533 487 698 777 562 
492 505 208 429 465 625 674 
493 373 299 561 487 764 428 
494 207 581 361 598 797 757 
495 233 398 319 706 265 384 
496 428 555 297 582 696 418 
497 281 416 556 715 765 573 
498 662 472 717 488 639 649 
499 453 564 279 487 692 785 
500 435 699 615 665 725 356 
501 213 257 706 413 420 593 
502 283 329 513 779 269 463 
503 286 786 304 688 496 343 
504 620 233 273 579 213 262 
505 208 689 654 708 321 602 
506 789 578 463 746 356 632 
507 746 218 207 476 242 416 
508 430 789 753 254 362 402 
509 211 652 582 311 642 563 
510 548 306 783 710 450 625 
511 696 318 611 757 486 608 
512 248 246 558 778 600 305 
513 542 707 389 557 720 412 
514 525 351 504 703 593 607 
515 739 250 328 381 208 259 
516 414 262 265 240 362 565 
517 571 210 337 798 721 370 
518 236 401 554 726 549 327 
519 239 416 429 250 741 441 
520 674 720 586 461 679 605 
521 373 410 349 705 728 288 
522 765 268 585 228 777 547 
523 369 678 507 656 412 590 
524 534 617 350 352 750 377 
525 347 562 430 591 725 418 
526 733 493 583 365 601 617 
527 205 419 431 635 322 692 
528 228 567 649 746 709 745 
529 424 485 672 688 243 387 
530 692 477 431 756 394 733 
531 758 694 769 367 673 403 
532 480 576 393 518 499 401 
533 650 655 501 213 208 571 
534 308 456 502 239 716 497 
535 707 318 419 375 271 250 
536 298 362 725 515 629 617 
537 329 459 456 435 317 590 
538 571 583 328 517 390 646 
539 533 717 424 335 669 200 
540 467 672 292 287 581 398 
541 613 730 297 576 577 359 
542 429 633 605 314 675 774 
543 513 479 664 641 585 252 
544 794 513 617 530 405 330 
545 796 720 215 659 369 641 
546 678 363 484 526 234 727 
547 208 472 272 705 688 249 
548 624 429 656 595 633 336 
549 494 206 754 473 684 255 
550 351 285 272 490 516 682 
551 357 705 709 465 270 399 
552 424 624 739 531 737 473 
553 276 376 774 730 730 678 
554 798 527 587 500 713 538 
555 763 385 515 313 313 695 
556 726 649 522 582 512 378 
557 332 505 559 689 757 238 
558 508 342 694 541 741 422 
559 680 353 671 636 344 592 
560 597 657 422 264 778 317 
561 701 321 344 696 734 370 
562 336 606 666 422 735 612 
563 454 654 590 520 560 614 
564 238 277 375 705 286 237 
565 377 535 284 264 797 358 
566 465 402 238 477 471 660 
567 480 234 451 610 269 686 
568 709 250 263 554 473 483 
569 731 353 454 227 549 506 
570 554 495 596 447 433 319 
571 746 353 587 448 476 626 
572 701 413 225 556 657 519 
573 291 281 620 596 251 373 
574 296 645 307 777 299 263 
575 770 704 219 599 353 442 
576 467 456 784 649 537 388 
577 426 672 223 676 223 549 
578 406 342 668 728 303 232 
579 524 529 460 374 703 565 
580 370 498 765 346 488 739 
581 324 585 660 505 393 473 
582 427 686 344 733 275 298 
583 601 253 680 563 303 399 
584 212 614 559 505 589 375 
585 395 246 634 441 365 574 
586 283 269 619 790 510 778 
587 596 495 359 361 528 562 
588 364 325 381 689 236 766 
589 287 699 248 623 401 726 
590 207 518 427 437 743 656 
591 339 423 507 657 780 665 
592 350 406 649 638 442 394 
593 638 551 464 372 367 241 
594 544 228 770 616 564 572 
595 300 769 566 269 757 758 
596 720 394 701 321 274 393 
597 615 787 497 758 609 322 
598 777 646 568 428 703 332 
599 262 206 465 656 422 248 
600 341 318 677 236 594 459 
601 578 465 775 307 657 689 
602 688 540 201 377 578 353 
603 682 429 722 634 651 492 
604 783 778 300 696 453 629 
605 641 298 741 537 305 271 
606 764 423 479 560 775 392 
607 694 370 643 325 702 740 
608 251 775 322 395 782 308 
609 375 445 245 377 694 781 
610 658 647 717 257 420 344 
611 468 479 668 499 374 670 
612 406 395 791 583 376 281 
613 440 648 613 256 315 494 
614 594 588 476 351 510 721 
615 398 467 755 258 380 461 
616 309 272 683 266 207 203 
617 528 480 610 276 323 728 
618 485 574 226 345 607 652 
619 472 298 786 323 743 493 
620 708 344 538 203 713 631 
621 537 660 711 703 519 295 
622 736 541 337 510 254 413 
623 586 487 309 663 737 535 
624 201 237 650 600 263 609 
625 297 660 690 792 784 776 
626 730 419 621 631 300 625 
627 432 610 302 465 476 727 
628 679 753 326 528 567 410 
629 695 378 547 499 378 458 
630 757 433 465 540 703 599 
631 388 294 644 220 344 784 
632 562 378 753 543 292 587 
633 330 737 649 569 754 735 
634 742 638 535 648 335 691 
635 418 655 383 357 580 694 
636 456 274 406 504 665 663 
637 272 701 593 798 299 721 
638 421 733 490 719 278 666 
639 505 296 531 526 433 712 
640 710 435 403 523 561 237 
641 422 633 454 294 204 385 
642 763 605 304 739 215 577 
643 245 569 691 520 497 737 
644 750 456 611 378 229 652 
645 633 626 598 788 545 287 
646 568 530 638 561 787 483 
647 620 702 368 634 615 333 
648 353 595 451 671 308 517 
649 424 733 507 717 209 607 
650 754 445 611 596 643 421 
651 299 724 648 712 685 596 
652 516 251 757 444 567 709 
653 568 259 775 788 751 360 
654 718 311 203 586 297 434 
655 415 763 725 203 459 204 
656 404 259 360 742 607 628 
657 393 549 688 245 469 405 
658 282 452 648 684 598 504 
659 517 413 683 459 739 247 
660 501 281 784 325 373 207 
661 682 774 668 309 468 649 
662 380 443 356 425 535 633 
663 361 747 777 461 719 766 
664 791 730 785 564 438 540 
665 200 263 575 756 645 738 
666 501 426 582 629 595 764 
667 227 570 742 436 369 783 
668 399 625 455 232 435 534 
669 277 378 337 279 505 224 
670 679 688 577 503 371 548 
671 674 304 615 614 622 356 
672 599 787 585 252 786 640 
673 704 745 209 660 428 782 
674 550 339 279 797 208 341 
675 744 360 696 215 711 456 
676 790 678 637 779 442 606 
677 434 787 414 205 384 750 
678 436 288 583 788 289 376 
679 691 652 667 223 585 392 
680 332 304 660 638 285 791 
681 793 605 731 687 598 258 
682 551 687 546 491 204 241 
683 302 530 608 584 475 658 
684 658 635 738 534 254 364 
685 708 621 353 425 692 317 
686 240 330 613 461 593 425 
687 508 579 597 398 346 306 
688 529 740 671 275 678 738 
689 204 537 241 728 481 236 
690 664 614 449 781 349 328 
691 305 485 281 311 616 470 
692 334 265 486 229 248 771 
693 503 787 603 544 678 231 
694 759 385 373 608 218 525 
695 698 592 771 373 596 207 
696 472 469 288 629 414 227 
697 759 381 526 311 405 695 
698 658 427 758 748 481 608 
699 661 548 723 656 314 481 
700 490 547 611 709 285 666 
701 774 770 231 471 543 398 
702 504 397 688 417 691 426 
703 671 519 572 704 567 211 
704 440 758 331 382 314 670 
705 518 468 415 244 348 579 
706 231 700 223 502 745 580 
707 470 735 655 411 767 744 
708 279 313 609 309 529 591 
709 796 575 496 217 493 482 
710 635 495 499 268 575 258 
711 541 383 695 601 218 561 
712 587 770 405 621 300 745 
713 786 251 623 290 459 469 
714 347 594 500 288 510 303 
715 631 747 594 223 775 404 
716 455 200 444 784 341 657 
717 800 507 768 220 534 390 
718 648 488 709 548 507 416 
719 262 215 726 208 282 457 
720 260 302 385 267 400 242 
721 389 283 580 591 564 419 
722 548 429 715 376 551 354 
723 435 624 255 302 573 426 
724 511 450 386 768 739 498 
725 485 664 420 556 468 448 
726 257 266 787 670 742 451 
727 232 497 391 467 365 770 
728 295 716 581 288 566 710 
729 687 257 594 797 230 742 
730 756 665 729 329 498 591 
731 599 699 425 386 686 673 
732 525 626 533 448 465 602 
733 531 481 669 474 292 458 
734 663 464 572 540 608 378 
735 235 285 314 535 228 253 
736 743 536 593 204 360 393 
737 209 714 288 786 596 212 
738 324 664 223 542 626 218 
739 240 512 738 372 604 204 
740 427 441 516 786 636 414 
741 709 509 242 632 501 366 
742 359 567 618 732 261 739 
743 549 403 777 245 379 286 
744 553 588 608 441 521 572 
745 332 679 467 374 248 661 
746 718 570 262 266 741 205 
747 329 677 355 300 701 221 
748 610 729 746 451 686 716 
749 660 304 695 459 328 615 
750 585 753 714 774 526 631 
751 342 518 614 290 238 205 
752 488 788 579 440 369 561 
753 277 788 369 675 453 736 
754 556 651 621 399 261 420 
755 339 700 398 279 480 425 
756 411 298 261 224 337 321 
757 328 536 604 521 586 232 
758 224 676 710 579 610 250 
759 208 500 536 350 480 218 
760 578 235 314 571 792 625 
761 618 240 604 328 524 670 
762 388 784 299 383 459 608 
763 299 285 289 590 387 393 
764 369 596 533 217 410 541 
765 800 313 727 645 440 373 
766 632 611 259 255 629 468 
767 497 670 414 211 735 683 
768 291 272 202 204 776 412 
769 290 393 416 364 502 772 
770 276 603 232 331 318 783 
771 406 267 459 710 308 354 
772 247 207 342 364 241 459 
773 391 751 280 444 411 285 
774 207 789 512 566 357 404 
775 665 276 380 601 277 740 
776 313 366 657 427 577 480 
777 496 497 633 287 305 607 
778 384 437 776 323 658 781 
779 669 311 525 789 661 497 
780 733 750 281 679 654 544 
781 271 437 717 665 275 348 
782 365 601 337 355 455 627 
783 784 395 411 565 739 500 
784 471 281 638 709 598 745 
785 596 588 385 238 440 485 
786 210 300 650 381 589 645 
787 254 476 664 684 324 273 
788 396 343 410 552 402 697 
789 708 567 532 407 377 755 
790 484 268 776 489 621 603 
791 236 559 518 501 715 704 
792 689 212 639 657 796 582 
793 648 280 681 577 679 585 
794 285 738 656 746 200 433 
795 270 686 220 598 306 592 
796 508 726 279 364 599 297 
797 241 276 354 396 545 395 
798 763 750 669 451 434 233 
799 720 452 655 708 595 565 
800 700 596 565 792 705 218 
