6 
150 150 150 150 150 150 
1 53 63 54 69 68 61 
2 38 73 95 20 45 76 
3 98 25 76 53 32 97 
4 94 36 68 43 40 73 
5 67 56 62 49 62 49 
6 57 72 47 66 24 89 
7 51 64 57 61 43 77 
8 55 72 50 60 83 33 
9 82 31 54 74 81 44 
10 68 58 69 59 49 72 
11 63 61 83 36 64 47 
12 70 59 100 28 34 85 
13 48 69 81 39 94 27 
14 37 75 87 26 53 74 
15 65 45 49 74 54 56 
16 40 75 63 64 62 52 
17 90 37 71 39 62 56 
18 63 54 61 69 29 89 
19 51 78 62 54 61 65 
20 91 20 20 97 57 62 
21 30 86 59 55 85 25 
22 67 61 62 52 100 22 
23 35 79 95 25 38 89 
24 99 26 97 14 27 96 
25 29 98 22 99 36 75 
26 99 30 39 89 20 92 
27 59 58 22 91 98 30 
28 53 57 55 71 55 61 
29 80 45 75 55 58 54 
30 44 72 33 90 96 28 
31 84 45 42 78 95 18 
32 97 27 90 28 56 57 
33 45 67 56 73 37 93 
34 67 58 69 50 91 37 
35 22 91 78 46 36 75 
36 68 50 21 95 99 24 
37 31 90 65 57 98 22 
38 25 91 37 74 53 68 
39 37 87 38 87 61 54 
40 65 45 33 78 23 88 
41 33 84 52 78 51 66 
42 37 85 65 49 33 87 
43 88 30 93 29 20 108 
44 71 59 20 91 85 42 
45 59 63 88 39 38 81 
46 41 89 96 18 53 73 
47 62 63 43 81 80 32 
48 44 83 50 74 36 94 
49 65 46 81 45 86 38 
50 59 52 43 80 69 61 
51 31 84 68 42 62 57 
52 63 66 72 47 71 42 
53 48 63 62 53 50 69 
54 43 76 56 60 83 42 
55 87 36 69 55 53 75 
56 66 63 46 65 59 57 
57 65 65 30 92 48 70 
58 83 44 39 81 53 71 
59 34 85 58 60 83 34 
60 41 69 39 77 58 70 
61 35 87 50 78 73 51 
62 56 54 94 18 31 92 
63 76 43 38 80 27 95 
64 50 73 74 51 64 59 
65 33 85 60 70 22 107 
66 20 105 64 60 24 88 
67 22 104 84 39 56 55 
68 21 89 53 72 39 79 
69 85 45 50 80 96 33 
70 41 69 94 32 28 100 
71 20 98 42 83 59 60 
72 92 29 24 90 51 76 
73 57 53 90 22 30 92 
74 75 42 88 33 58 62 
75 76 45 30 94 34 85 
76 78 38 76 41 75 35 
77 22 97 74 43 62 53 
78 47 68 90 24 95 23 
79 57 63 37 90 25 99 
80 96 14 46 84 100 14 
81 45 74 36 78 80 40 
82 30 95 96 33 64 55 
83 27 103 63 55 39 85 
84 64 62 48 79 65 49 
85 23 87 45 78 44 70 
86 71 46 79 46 37 81 
87 96 31 23 100 35 95 
88 45 73 68 44 91 29 
89 38 83 27 101 91 33 
90 28 90 74 54 70 60 
91 53 66 97 14 22 98 
92 34 91 100 28 39 76 
93 38 83 25 86 98 23 
94 67 53 57 63 88 28 
95 68 44 59 54 83 28 
96 65 64 89 24 62 55 
97 37 73 66 63 80 40 
98 29 84 64 59 99 29 
99 94 23 45 85 38 77 
100 77 37 92 28 29 96 
101 35 89 97 33 92 29 
102 31 81 90 25 33 79 
103 58 71 49 64 94 33 
104 28 95 34 83 42 82 
105 51 62 63 58 99 15 
106 62 56 25 100 54 71 
107 39 87 95 25 42 70 
108 22 98 75 52 63 60 
109 43 77 37 92 24 99 
110 54 62 87 27 66 58 
111 29 92 51 66 46 70 
112 46 81 63 61 76 45 
113 25 85 28 86 74 46 
114 37 75 92 31 24 106 
115 52 60 60 65 56 58 
116 27 88 20 91 67 51 
117 33 90 49 70 45 79 
118 51 61 52 70 65 51 
119 86 28 53 68 44 67 
120 79 47 61 51 74 43 
121 88 35 51 67 98 14 
122 66 62 31 79 40 73 
123 66 45 50 75 56 63 
124 77 43 31 98 65 51 
125 22 98 89 28 57 58 
126 90 29 24 92 39 85 
127 92 31 45 72 38 75 
128 31 96 73 37 77 51 
129 71 42 90 30 61 59 
130 69 60 49 72 95 35 
131 91 34 69 61 93 26 
132 33 94 37 75 20 108 
133 51 69 45 85 48 71 
134 98 16 47 72 95 20 
135 67 63 21 98 74 50 
136 30 80 35 89 48 69 
137 49 80 87 43 36 94 
138 29 86 80 45 40 73 
139 33 88 33 85 38 77 
140 50 72 89 34 98 32 
141 93 33 65 52 43 85 
142 27 83 97 31 67 55 
143 25 88 46 71 87 34 
144 32 86 87 33 71 39 
145 47 75 29 86 45 71 
146 64 50 24 87 46 64 
147 25 101 41 69 41 69 
148 90 23 97 24 37 81 
149 28 93 97 16 100 20 
150 64 48 100 10 80 46 
151 49 68 92 28 66 52 
152 34 95 58 54 27 86 
153 20 97 61 64 48 74 
154 54 56 90 39 67 46 
155 30 95 91 39 73 40 
156 92 23 40 79 74 46 
157 63 62 76 48 72 56 
158 45 68 73 52 91 23 
159 76 53 29 95 28 91 
160 26 84 30 99 32 78 
161 61 49 84 33 98 15 
162 61 50 40 84 25 99 
163 23 103 91 35 23 89 
164 79 38 89 24 83 44 
165 78 46 79 32 25 105 
166 81 46 36 78 38 80 
167 38 79 50 76 24 91 
168 34 92 33 90 95 15 
169 60 57 87 31 44 86 
170 80 42 81 45 22 98 
171 95 35 37 82 76 44 
172 69 44 69 60 92 35 
173 70 60 93 17 90 20 
174 78 32 67 46 41 89 
175 80 47 21 92 67 49 
176 49 69 87 34 42 75 
177 21 92 37 77 56 57 
178 48 80 62 63 77 46 
179 92 25 74 52 62 52 
180 99 23 100 14 24 98 
181 40 79 47 73 20 104 
182 32 91 44 81 61 69 
183 87 25 21 91 39 89 
184 84 34 29 87 81 34 
185 85 37 84 38 91 25 
186 94 27 86 40 82 39 
187 22 94 82 35 52 69 
188 21 103 62 55 82 36 
189 69 59 68 48 32 90 
190 61 53 87 23 85 30 
191 63 53 75 52 65 59 
192 50 70 86 42 66 62 
193 87 35 59 67 31 94 
194 23 91 41 73 30 85 
195 31 99 53 57 55 55 
196 42 68 50 78 87 42 
197 26 89 100 12 32 90 
198 45 83 65 48 96 19 
199 80 46 23 96 28 101 
200 84 38 70 40 23 98 
201 73 38 33 79 41 81 
202 25 103 63 60 46 68 
203 23 106 36 91 51 76 
204 65 58 53 69 83 28 
205 63 62 36 90 73 57 
206 40 76 79 50 46 75 
207 24 94 74 45 100 13 
208 53 70 45 76 24 98 
209 21 93 42 80 69 60 
210 63 47 100 19 76 52 
211 64 57 95 15 89 40 
212 40 83 79 40 66 45 
213 42 87 73 52 67 53 
214 34 89 31 84 47 72 
215 68 58 70 58 34 96 
216 86 27 75 40 51 59 
217 87 43 72 52 76 40 
218 31 80 82 41 34 86 
219 84 37 35 90 73 50 
220 93 35 35 83 31 97 
221 61 55 69 51 46 70 
222 26 87 86 38 68 62 
223 24 89 65 57 52 76 
224 70 60 64 49 80 31 
225 88 28 44 77 42 86 
226 54 67 30 97 84 44 
227 91 30 45 76 38 90 
228 36 92 57 60 83 31 
229 72 47 74 49 76 51 
230 49 74 25 91 47 69 
231 88 39 21 102 44 71 
232 97 31 20 103 45 69 
233 40 89 54 73 46 82 
234 71 55 94 23 95 15 
235 35 82 97 22 92 37 
236 65 62 48 62 94 26 
237 52 69 28 82 65 53 
238 80 49 35 92 64 58 
239 55 69 86 30 79 48 
240 79 47 86 37 54 66 
241 77 41 100 21 39 71 
242 26 100 32 91 71 47 
243 62 55 25 91 25 100 
244 31 92 51 71 76 52 
245 63 62 70 47 86 31 
246 98 14 38 89 56 68 
247 91 39 40 89 97 16 
248 90 33 36 90 75 49 
249 91 26 71 45 37 80 
250 89 31 27 89 94 29 
251 84 32 77 47 83 47 
252 77 46 47 66 67 63 
253 62 58 75 46 53 57 
254 41 74 59 52 95 17 
255 77 47 49 75 74 39 
256 73 49 50 60 31 90 
257 71 52 58 60 20 92 
258 33 83 86 33 20 98 
259 90 30 27 101 76 34 
260 36 85 46 69 68 43 
261 25 97 94 36 36 83 
262 91 31 75 52 47 67 
263 90 23 78 45 60 68 
264 24 102 34 85 87 26 
265 70 46 61 63 93 19 
266 57 73 59 64 28 95 
267 44 85 57 69 79 34 
268 25 102 56 68 23 92 
269 72 46 60 64 75 42 
270 62 58 63 64 82 42 
271 32 89 62 48 46 69 
272 89 25 83 33 94 24 
273 66 48 44 70 39 75 
274 58 62 93 22 40 70 
275 44 80 76 51 25 87 
276 37 85 29 81 47 66 
277 85 32 95 24 20 92 
278 39 83 20 100 89 40 
279 49 65 94 27 78 33 
280 94 22 55 69 62 56 
281 97 17 49 61 32 96 
282 96 21 78 45 52 77 
283 30 87 78 38 38 81 
284 47 80 46 82 97 33 
285 31 95 70 42 68 46 
286 64 49 55 63 24 87 
287 33 79 97 28 93 31 
288 55 65 64 49 44 73 
289 23 96 44 85 69 44 
290 61 66 43 80 40 73 
291 55 55 65 55 53 74 
292 52 58 46 64 69 59 
293 49 73 41 70 98 18 
294 31 81 22 106 66 56 
295 30 85 55 68 47 64 
296 100 16 54 75 45 73 
297 51 73 86 33 32 82 
298 88 31 21 109 37 77 
299 22 101 39 88 42 76 
300 99 26 45 72 69 47 
301 21 98 40 88 59 70 
302 68 49 70 41 32 82 
303 56 55 82 44 69 45 
304 62 59 92 33 20 99 
305 20 107 26 93 82 31 
306 35 95 37 85 74 49 
307 42 75 66 47 78 41 
308 81 43 46 78 71 47 
309 58 61 69 56 26 100 
310 37 76 46 76 100 11 
311 93 33 81 35 97 21 
312 95 33 21 100 93 23 
313 53 69 59 60 99 28 
314 27 98 63 47 44 76 
315 95 26 44 70 82 32 
316 34 84 92 22 54 76 
317 33 90 30 94 32 90 
318 90 36 47 82 53 60 
319 21 92 81 45 35 94 
320 31 87 20 102 92 24 
321 72 46 94 18 93 28 
322 91 21 98 21 93 20 
323 60 58 41 76 40 76 
324 20 96 75 53 90 27 
325 94 25 48 71 38 84 
326 96 29 82 45 89 38 
327 77 48 81 33 69 45 
328 96 31 96 33 69 50 
329 35 81 72 56 73 49 
330 100 22 76 49 51 63 
331 38 80 58 52 29 87 
332 23 87 92 24 40 79 
333 93 25 81 47 22 89 
334 83 31 55 72 36 75 
335 32 84 79 49 71 55 
336 78 46 47 72 82 32 
337 44 66 66 48 56 63 
338 55 62 46 67 85 33 
339 61 65 22 106 43 86 
340 58 72 87 33 29 81 
341 62 59 42 75 28 88 
342 37 82 62 53 80 50 
343 45 73 28 84 82 37 
344 30 86 47 75 65 51 
345 99 25 94 30 91 32 
346 34 77 96 26 54 62 
347 44 83 96 29 73 45 
348 71 39 41 81 88 40 
349 88 23 85 28 45 80 
350 39 77 99 22 89 33 
351 91 26 56 62 24 96 
352 43 67 58 65 47 75 
353 67 44 90 36 25 89 
354 77 35 85 44 84 33 
355 82 47 87 29 78 48 
356 80 49 52 75 57 67 
357 30 82 32 90 30 97 
358 50 78 39 88 51 61 
359 70 48 94 28 56 61 
360 92 19 68 45 52 60 
361 74 54 91 22 28 85 
362 97 28 25 94 95 33 
363 52 78 38 73 84 38 
364 93 31 80 30 36 93 
365 57 69 80 42 48 80 
366 96 14 71 54 20 91 
367 36 76 23 92 83 46 
368 21 97 20 95 27 90 
369 99 27 23 98 36 75 
370 54 68 99 23 44 86 
371 55 68 57 55 59 56 
372 64 47 59 69 60 50 
373 44 67 64 62 97 28 
374 58 70 37 73 57 72 
375 71 51 22 107 75 50 
376 60 62 52 65 64 50 
377 68 62 33 91 87 42 
378 62 63 27 93 85 28 
379 53 61 23 93 91 26 
380 57 55 65 49 51 69 
381 45 77 52 73 90 21 
382 59 65 88 27 82 45 
383 70 54 99 28 88 39 
384 59 53 91 21 48 82 
385 36 74 83 33 59 61 
386 73 40 85 33 36 83 
387 71 52 98 22 28 100 
388 29 93 37 74 57 67 
389 38 76 78 33 96 20 
390 37 91 35 85 52 65 
391 41 82 22 102 98 31 
392 74 43 36 76 71 50 
393 64 63 24 99 64 50 
394 62 57 86 25 100 10 
395 53 71 81 31 98 23 
396 85 34 22 103 62 56 
397 79 36 68 57 38 79 
398 33 88 95 21 42 76 
399 93 35 44 86 93 25 
400 60 51 42 86 55 72 
401 34 77 93 23 32 83 
402 75 35 62 51 61 50 
403 34 94 25 89 69 55 
404 97 21 51 69 57 56 
405 47 82 88 29 45 82 
406 22 88 43 68 38 89 
407 76 51 45 76 79 49 
408 43 85 91 37 95 25 
409 48 74 60 55 83 43 
410 25 99 96 33 62 65 
411 59 69 48 71 30 100 
412 97 33 57 58 44 68 
413 72 44 41 86 83 35 
414 27 84 97 15 41 87 
415 99 20 98 27 39 89 
416 96 24 97 27 36 92 
417 91 31 88 22 43 68 
418 79 35 37 81 51 60 
419 60 60 22 91 71 40 
420 98 16 41 82 83 42 
421 35 93 93 34 20 90 
422 41 78 23 106 24 89 
423 90 29 40 80 24 96 
424 33 80 57 70 56 73 
425 61 60 41 76 55 73 
426 66 55 81 36 53 69 
427 71 49 35 78 26 94 
428 66 60 88 33 23 106 
429 77 41 40 81 91 26 
430 52 62 87 23 78 39 
431 79 50 29 98 65 50 
432 86 27 29 89 43 69 
433 33 95 44 70 94 16 
434 28 86 68 55 56 61 
435 62 63 67 59 70 40 
436 62 50 54 57 22 89 
437 47 67 98 26 43 86 
438 69 45 93 24 48 63 
439 21 94 40 77 20 109 
440 34 96 55 74 82 29 
441 65 56 29 95 39 91 
442 57 72 30 98 96 32 
443 80 44 91 36 95 29 
444 94 28 60 70 21 104 
445 72 50 86 31 97 28 
446 99 23 60 67 39 76 
447 71 51 42 72 50 66 
448 72 53 96 34 65 47 
449 68 48 40 74 100 17 
450 25 92 73 40 48 81 
451 29 82 78 46 43 79 
452 62 55 51 72 37 78 
453 86 34 57 61 77 33 
454 63 64 95 18 54 69 
455 60 64 72 58 81 49 
456 60 68 87 35 84 32 
457 65 47 53 70 96 18 
458 87 26 27 96 100 24 
459 40 72 26 86 65 61 
460 59 69 28 98 95 33 
461 42 68 93 27 38 76 
462 89 32 98 27 67 53 
463 59 67 93 17 68 47 
464 75 38 73 44 82 48 
465 34 95 88 29 92 37 
466 81 34 49 81 79 48 
467 67 52 46 76 45 73 
468 63 54 22 104 96 16 
469 32 87 39 75 44 82 
470 39 73 45 84 74 36 
471 36 74 95 19 96 16 
472 58 53 91 29 52 78 
473 25 87 31 86 82 42 
474 56 71 54 74 78 48 
475 28 89 57 65 36 87 
476 64 60 98 17 60 52 
477 76 48 26 91 72 53 
478 47 69 62 54 77 52 
479 32 86 30 85 29 93 
480 89 23 26 86 47 81 
481 40 73 80 46 38 88 
482 36 93 45 70 48 69 
483 34 84 42 83 53 72 
484 87 31 52 66 47 64 
485 82 44 84 44 55 74 
486 43 87 95 33 79 31 
487 45 84 44 78 89 25 
488 95 28 88 39 86 32 
489 73 53 39 72 94 31 
490 48 78 38 80 80 44 
491 32 97 69 59 71 47 
492 72 41 44 85 40 72 
493 51 73 93 24 95 26 
494 55 75 65 56 83 45 
495 32 98 70 48 45 78 
496 23 97 24 94 90 23 
497 51 65 89 22 39 71 
498 42 79 100 22 30 94 
499 30 96 26 91 63 51 
500 25 100 46 73 37 85 
501 92 20 93 20 98 30 
502 26 93 90 20 57 54 
503 53 62 50 75 51 72 
504 33 88 30 88 84 45 
505 69 42 57 71 55 69 
506 32 88 40 88 73 50 
507 87 38 39 86 33 92 
508 59 65 74 49 20 108 
509 59 70 94 35 61 59 
510 55 64 44 77 97 15 
511 95 35 26 103 87 25 
512 32 89 71 41 68 56 
513 44 86 94 36 27 83 
514 51 79 42 76 84 38 
515 75 47 83 36 43 68 
516 86 37 70 44 74 50 
517 48 76 44 84 39 80 
518 88 38 98 27 22 102 
519 25 105 52 65 69 43 
520 53 60 29 82 23 92 
521 21 89 49 71 98 32 
522 55 67 30 97 45 67 
523 73 57 22 96 72 52 
524 57 59 36 77 38 80 
525 59 69 51 66 61 64 
526 85 30 39 81 96 34 
527 65 53 31 90 52 64 
528 85 39 24 101 64 54 
529 90 29 30 90 60 51 
530 57 61 89 38 61 49 
531 96 16 38 88 27 99 
532 100 15 54 64 93 18 
533 30 100 49 81 86 26 
534 74 37 75 46 70 59 
535 86 43 36 81 45 68 
536 61 55 51 63 44 72 
537 36 81 68 56 76 43 
538 29 98 99 13 26 101 
539 60 70 71 51 71 59 
540 54 69 21 105 46 64 
541 91 25 26 101 26 94 
542 76 54 88 30 91 21 
543 80 34 69 47 99 22 
544 27 96 78 42 98 26 
545 54 76 42 84 100 28 
546 97 19 57 62 79 36 
547 25 94 68 54 26 99 
548 87 30 67 61 53 74 
549 40 84 42 81 80 42 
550 93 21 74 46 71 42 
551 65 65 71 40 66 63 
552 95 35 25 94 20 109 
553 50 62 92 29 72 51 
554 41 75 98 22 77 47 
555 82 34 49 68 32 88 
556 75 37 32 93 86 37 
557 40 80 92 34 100 23 
558 83 27 79 33 47 81 
559 86 36 24 96 35 82 
560 71 40 40 82 86 25 
561 76 35 66 49 74 47 
562 74 40 28 97 94 20 
563 51 60 36 90 31 92 
564 86 28 83 42 48 67 
565 33 97 53 58 73 41 
566 52 77 87 24 100 15 
567 72 40 54 72 47 71 
568 31 94 97 29 97 16 
569 86 37 86 35 77 46 
570 32 98 59 55 94 36 
571 42 72 37 75 92 21 
572 60 57 98 24 86 43 
573 63 59 67 60 82 29 
574 92 30 83 39 37 89 
575 80 32 55 72 43 79 
576 83 44 37 89 95 27 
577 83 42 32 96 25 103 
578 53 63 61 63 28 82 
579 40 85 61 50 57 72 
580 77 40 54 56 35 79 
581 93 33 68 58 96 26 
582 93 30 66 56 91 36 
583 70 50 99 29 73 47 
584 92 18 85 27 43 69 
585 49 70 62 51 70 45 
586 79 40 37 76 49 79 
587 88 29 97 15 40 83 
588 30 89 97 15 54 60 
589 30 97 82 38 34 80 
590 54 76 22 105 20 102 
591 79 34 82 41 43 70 
592 53 73 93 17 49 69 
593 21 106 48 67 52 75 
594 58 63 77 53 53 75 
595 53 62 61 49 31 83 
596 49 64 44 79 39 79 
597 27 91 29 94 93 22 
598 41 72 37 87 84 44 
599 39 79 47 79 58 65 
600 28 86 74 48 43 68 
601 47 71 45 69 32 80 
602 86 35 71 55 93 33 
603 66 62 21 90 51 70 
604 67 50 68 43 26 96 
605 93 18 85 30 100 21 
606 52 75 94 35 40 72 
607 75 42 40 80 80 46 
608 73 39 48 81 74 51 
609 39 81 94 33 70 51 
610 96 23 48 67 76 45 
611 53 77 27 98 25 90 
612 20 106 84 39 85 34 
613 29 95 70 52 88 36 
614 76 48 26 87 92 18 
615 70 47 86 32 52 72 
616 74 54 77 47 48 75 
617 90 33 98 26 37 85 
618 24 104 53 57 53 73 
619 74 38 42 86 21 92 
620 58 66 89 32 72 46 
621 26 88 83 33 71 47 
622 84 46 94 22 66 61 
623 21 108 61 58 66 56 
624 55 75 68 43 73 41 
625 98 25 86 34 68 46 
626 72 49 50 66 20 98 
627 26 90 64 56 66 47 
628 67 52 59 63 79 39 
629 53 69 20 108 59 71 
630 48 62 91 28 68 52 
631 88 31 76 40 74 39 
632 38 77 74 43 81 44 
633 34 77 78 50 80 39 
634 70 46 48 71 55 75 
635 70 60 99 20 56 74 
636 63 51 34 93 85 27 
637 93 24 57 59 43 79 
638 35 76 60 62 76 43 
639 96 26 99 21 83 31 
640 66 64 38 77 75 40 
641 23 107 59 70 25 87 
642 49 80 53 71 99 19 
643 48 77 81 34 20 97 
644 46 80 37 78 21 102 
645 68 44 94 34 79 49 
646 30 93 88 39 44 76 
647 24 87 76 54 46 83 
648 92 23 23 96 48 73 
649 62 49 95 20 85 32 
650 84 35 50 70 74 45 
651 89 39 53 58 24 104 
652 90 25 95 16 86 40 
653 31 97 64 55 68 44 
654 39 83 40 74 21 99 
655 50 72 21 95 21 94 
656 43 80 83 33 87 39 
657 47 63 25 88 98 23 
658 21 107 20 99 72 42 
659 88 35 91 24 79 31 
660 44 67 55 72 20 108 
661 63 50 31 83 72 55 
662 33 97 31 82 82 45 
663 72 51 79 47 86 27 
664 79 47 57 70 90 32 
665 30 99 29 83 21 93 
666 90 29 74 43 27 84 
667 64 48 34 91 57 61 
668 59 59 95 23 83 38 
669 93 33 50 78 81 32 
670 81 45 80 34 55 71 
671 44 80 64 50 56 65 
672 54 65 47 74 41 83 
673 36 78 39 89 57 73 
674 97 26 79 42 21 90 
675 39 82 47 75 45 69 
676 95 25 25 90 60 56 
677 72 45 42 71 34 86 
678 88 27 41 83 77 43 
679 29 85 67 60 73 45 
680 31 86 78 42 50 72 
681 57 57 53 60 56 64 
682 83 27 62 55 65 65 
683 84 31 80 38 27 91 
684 28 94 67 46 54 56 
685 38 82 20 105 95 29 
686 45 83 24 90 27 90 
687 97 27 84 36 36 90 
688 67 52 23 99 36 83 
689 70 56 61 55 82 39 
690 81 48 30 99 41 69 
691 52 61 64 66 23 91 
692 41 73 26 88 46 71 
693 60 58 78 49 36 83 
694 39 87 90 37 71 49 
695 46 70 31 96 92 27 
696 75 42 49 67 58 63 
697 20 109 47 76 87 29 
698 64 55 41 89 79 32 
699 89 23 28 91 45 85 
700 41 85 98 30 57 55 
701 69 58 76 46 69 56 
702 71 46 78 32 71 56 
703 25 99 58 58 93 17 
704 63 47 27 94 77 38 
705 25 91 92 29 53 70 
706 22 106 97 15 89 40 
707 27 100 32 82 94 31 
708 48 74 37 77 41 74 
709 93 21 68 58 25 90 
710 66 58 94 32 70 54 
711 88 36 49 67 82 33 
712 20 100 62 50 87 28 
713 78 35 79 38 84 35 
714 61 63 56 65 50 62 
715 77 52 93 29 63 51 
716 69 42 31 97 58 63 
717 68 48 75 40 61 55 
718 46 68 84 45 72 58 
719 68 60 87 40 65 60 
720 41 77 25 93 67 50 
721 95 33 83 32 41 71 
722 95 28 59 67 73 52 
723 43 82 38 85 56 66 
724 68 43 33 80 33 93 
725 38 80 53 67 85 26 
726 50 68 40 85 25 101 
727 66 64 85 32 73 40 
728 41 83 50 80 42 84 
729 62 61 24 91 58 63 
730 28 95 46 81 48 67 
731 34 94 42 76 94 24 
732 68 52 93 25 23 101 
733 100 19 94 36 78 40 
734 80 32 75 40 71 41 
735 26 92 62 65 48 81 
736 51 73 23 99 84 36 
737 55 65 66 61 42 74 
738 44 67 45 76 40 90 
739 90 33 23 92 65 65 
740 72 46 78 45 77 53 
741 66 57 28 83 20 92 
742 56 69 52 72 54 76 
743 47 64 88 32 53 66 
744 29 101 39 83 57 73 
745 95 27 91 34 94 30 
746 90 40 72 41 92 38 
747 55 74 59 54 80 49 
748 33 94 21 109 100 17 
749 62 63 87 32 39 80 
750 67 43 57 66 24 89 
751 61 65 89 21 74 54 
752 61 59 70 43 79 42 
753 38 74 48 78 59 54 
754 28 102 71 55 23 102 
755 96 22 50 71 85 36 
756 97 17 53 77 38 89 
757 94 18 34 95 83 30 
758 96 19 71 45 88 25 
759 96 15 94 25 38 78 
760 86 27 68 53 67 58 
761 79 41 50 67 28 97 
762 78 33 56 74 38 90 
763 87 37 53 72 23 92 
764 72 39 59 54 89 32 
765 32 90 55 72 89 27 
766 98 18 36 76 22 104 
767 58 63 39 85 44 77 
768 42 84 96 32 75 36 
769 29 83 80 34 22 97 
770 72 45 22 107 55 62 
771 35 85 53 75 36 92 
772 60 69 100 23 30 95 
773 97 29 76 41 46 75 
774 98 29 30 86 31 99 
775 61 68 82 37 70 44 
776 98 20 47 69 48 79 
777 28 83 86 42 50 67 
778 78 52 74 37 59 70 
779 76 48 100 25 68 54 
780 51 64 40 73 83 47 
781 86 41 92 19 43 76 
782 63 48 35 83 43 67 
783 98 25 36 80 79 44 
784 83 38 43 77 96 26 
785 100 15 20 93 48 77 
786 80 34 24 100 79 42 
787 53 60 23 90 67 52 
788 28 98 63 52 90 31 
789 100 13 27 99 99 28 
790 70 57 80 37 74 37 
791 85 41 68 43 64 52 
792 78 45 56 59 46 65 
793 28 99 38 79 85 30 
794 94 36 84 27 100 24 
795 33 96 79 35 65 46 
796 34 76 71 41 67 52 
797 93 31 83 41 72 47 
798 52 74 91 27 29 93 
799 97 26 68 51 84 46 
800 34 82 82 47 70 50 
801 23 98 41 73 21 103 
802 63 66 35 77 34 87 
803 34 88 20 90 91 34 
804 46 76 97 28 49 77 
805 84 33 33 95 47 76 
806 30 95 26 86 55 56 
807 46 77 71 53 25 93 
808 51 60 24 101 55 73 
809 29 101 60 55 77 48 
810 56 73 63 51 86 41 
811 70 49 74 42 69 54 
812 65 57 65 61 32 93 
813 75 45 96 17 20 104 
814 31 91 66 57 72 45 
815 32 84 35 75 67 45 
816 51 78 63 49 84 30 
817 44 67 44 75 84 45 
818 45 69 49 69 22 95 
819 54 56 65 64 24 101 
820 81 45 28 86 84 46 
821 50 72 36 85 71 51 
822 44 73 42 78 21 92 
823 43 84 23 94 97 27 
824 51 62 87 41 30 91 
825 78 42 92 35 36 87 
826 72 40 59 56 69 59 
827 47 65 35 82 78 33 
828 52 63 53 72 98 22 
829 49 66 61 62 100 18 
830 32 83 57 53 50 63 
831 71 57 64 59 35 81 
832 63 55 94 23 64 50 
833 28 93 63 59 40 77 
834 71 40 55 74 88 33 
835 74 44 52 59 40 89 
836 69 47 58 58 94 16 
837 67 59 92 28 92 22 
838 43 68 23 90 52 58 
839 62 63 88 39 36 80 
840 39 82 38 87 54 67 
841 40 89 29 87 87 43 
842 34 79 94 35 21 105 
843 45 73 21 99 59 59 
844 80 36 57 70 24 95 
845 66 64 55 75 65 61 
846 84 30 56 59 69 59 
847 76 38 88 22 100 20 
848 47 74 56 70 46 81 
849 26 89 56 60 77 39 
850 44 84 37 88 38 79 
851 37 74 34 95 91 32 
852 35 95 83 32 69 60 
853 27 97 99 30 86 29 
854 27 91 71 59 73 48 
855 75 42 98 12 65 47 
856 84 42 77 44 44 66 
857 96 25 80 30 59 69 
858 83 46 83 40 88 31 
859 95 15 57 69 38 72 
860 45 75 72 44 82 30 
861 57 54 76 44 25 87 
862 58 53 46 74 94 16 
863 23 103 87 31 83 32 
864 95 20 100 18 59 56 
865 56 65 29 84 44 83 
866 72 55 38 75 62 54 
867 93 26 32 83 46 72 
868 60 67 98 21 33 80 
869 25 92 83 28 74 53 
870 78 32 51 70 53 68 
871 51 75 37 88 28 94 
872 91 30 38 82 68 45 
873 64 59 81 35 66 52 
874 38 87 73 56 87 42 
875 25 92 43 68 91 31 
876 24 105 59 59 90 38 
877 64 59 38 72 93 30 
878 30 90 54 56 97 26 
879 52 63 74 38 51 66 
880 30 82 95 22 87 26 
881 67 51 31 95 77 43 
882 26 93 28 84 97 21 
883 64 57 36 78 95 20 
884 31 88 52 73 75 46 
885 62 59 81 45 28 82 
886 68 54 41 87 77 50 
887 32 82 24 103 50 68 
888 59 55 74 44 71 57 
889 67 61 39 90 53 71 
890 79 33 42 84 66 55 
891 53 63 57 68 32 87 
892 34 93 44 80 100 28 
893 42 69 79 40 100 22 
894 94 29 100 27 94 24 
895 72 42 45 73 61 66 
896 43 85 24 102 21 103 
897 97 19 64 60 73 47 
898 86 30 57 67 83 44 
899 30 80 66 54 33 86 
900 97 32 22 103 44 67 
901 54 75 93 17 27 85 
902 89 24 22 95 26 90 
903 88 25 98 25 40 81 
904 45 65 86 36 86 33 
905 86 29 23 88 100 29 
906 49 68 96 30 60 69 
907 56 59 35 81 30 90 
908 65 48 26 101 59 70 
909 21 104 85 40 51 70 
910 64 54 96 15 51 60 
911 89 34 76 48 21 94 
912 85 35 85 29 78 39 
913 37 77 60 61 38 79 
914 52 76 43 85 46 78 
915 55 71 47 81 43 79 
916 49 67 66 49 59 58 
917 84 29 65 56 57 56 
918 47 83 65 57 69 45 
919 59 58 30 81 78 40 
920 71 48 83 34 83 34 
921 58 58 22 97 58 56 
922 29 91 99 28 68 49 
923 32 88 26 104 85 36 
924 67 52 85 32 91 21 
925 64 56 98 14 90 30 
926 30 80 81 44 62 49 
927 63 63 23 97 94 28 
928 74 40 37 91 52 76 
929 76 45 44 70 76 38 
930 61 64 87 37 22 102 
931 96 16 28 97 25 105 
932 100 19 65 50 52 63 
933 35 83 63 66 62 67 
934 63 56 23 106 89 35 
935 33 90 88 40 61 69 
936 95 24 80 32 48 75 
937 48 76 76 52 44 85 
938 66 56 70 58 85 28 
939 22 104 43 79 69 57 
940 89 28 24 91 57 70 
941 49 81 58 53 44 66 
942 94 26 43 75 77 40 
943 67 54 91 37 81 46 
944 20 110 92 35 79 49 
945 78 37 44 83 39 91 
946 60 63 55 75 43 85 
947 51 69 90 33 67 52 
948 97 14 58 63 42 84 
949 75 50 64 64 60 63 
950 54 61 96 20 58 54 
951 89 28 51 64 57 58 
952 52 77 57 57 48 66 
953 84 28 64 56 88 28 
954 82 28 51 67 88 27 
955 99 15 41 75 24 93 
956 94 20 31 91 99 22 
957 86 40 96 21 20 109 
958 78 43 58 67 55 64 
959 45 76 66 48 51 68 
960 33 95 37 88 31 97 
961 81 41 95 26 100 23 
962 47 65 68 57 84 29 
963 88 24 69 49 84 45 
964 34 77 24 103 25 95 
965 47 80 54 72 56 63 
966 27 94 97 27 86 40 
967 78 43 94 30 37 78 
968 96 31 43 80 42 71 
969 35 83 45 70 56 73 
970 88 27 39 76 97 27 
971 99 29 55 59 68 47 
972 39 84 66 54 96 23 
973 99 28 43 86 23 99 
974 79 44 42 68 77 51 
975 96 19 63 50 82 37 
976 70 42 27 93 24 93 
977 87 36 70 52 77 44 
978 75 39 80 42 90 38 
979 45 68 30 93 78 37 
980 80 47 57 65 96 31 
981 59 68 34 88 88 28 
982 63 64 99 25 61 69 
983 92 30 23 94 38 76 
984 48 75 46 73 87 39 
985 98 28 92 36 76 37 
986 49 61 98 29 91 35 
987 27 84 78 45 88 28 
988 54 67 82 34 81 32 
989 76 42 74 47 96 16 
990 28 90 67 56 80 31 
991 46 78 62 57 67 44 
992 55 55 70 46 52 66 
993 76 39 80 48 21 102 
994 45 80 82 46 64 60 
995 87 40 20 92 81 36 
996 90 31 22 102 30 83 
997 48 81 63 52 29 81 
998 33 82 98 12 40 78 
999 41 87 78 44 46 84 
1000 95 24 47 72 39 75 
