Alsó Korlát;102
FFD-bin-sum;115
FFD-bin-avg;115
FFD-bin-prod;116
FFD-item-sum;115
FFD-item-avg;115
FFD-item-prod;114
dotP-gp1;108
dotP-gp2;108
dotP-gp3;110
dotP-gp4;110
L2-gp1;108
L2-gp2;109
L2-gp3;109
L2-gp4;109
FFDRev;125
FFDRevAdv;124
FFDMP-1.0;115
FFDMP-0.9;115
FFDMP-0.8;115
FFDMP-0.75;115
FFDBox-bx3-rt100; ;Átlag;114.33;Összes futási eredmény;[116, 114, 114, 116, 112, 116, 114, 114, 115, 114, 113, 114, 114, 114, 116, 115, 114, 114, 116, 114, 116, 113, 113, 114, 115, 115, 116, 114, 114, 114, 114, 114, 114, 113, 112, 115, 114, 113, 114, 114, 116, 113, 114, 115, 115, 114, 116, 113, 114, 114, 115, 113, 115, 115, 115, 115, 113, 113, 115, 113, 114, 113, 114, 115, 114, 115, 113, 113, 114, 114, 114, 113, 115, 114, 114, 114, 115, 115, 115, 115, 115, 113, 115, 116, 114, 115, 114, 116, 114, 115, 113, 116, 115, 113, 115, 116, 115, 115, 115, 114];Eredmények csoportosítva;{116: 13, 114: 38, 112: 2, 115: 29, 113: 18}
FFDBox-bx4-rt100; ;Átlag;114.62;Összes futási eredmény;[116, 113, 116, 114, 114, 115, 114, 114, 115, 115, 115, 114, 115, 114, 115, 115, 114, 113, 114, 115, 116, 115, 113, 114, 116, 114, 114, 114, 115, 114, 114, 113, 114, 114, 114, 115, 116, 115, 115, 116, 114, 114, 115, 114, 115, 115, 115, 115, 115, 115, 115, 114, 114, 116, 113, 114, 114, 114, 115, 114, 115, 116, 116, 117, 115, 114, 116, 114, 115, 115, 114, 116, 114, 114, 113, 116, 115, 113, 115, 115, 114, 114, 116, 114, 114, 115, 117, 114, 114, 115, 115, 113, 114, 115, 115, 115, 115, 114, 116, 114];Eredmények csoportosítva;{116: 14, 113: 8, 114: 40, 115: 36, 117: 2}
FFDBox-bx5-rt100; ;Átlag;114.57;Összes futási eredmény;[114, 115, 114, 115, 115, 114, 113, 115, 117, 114, 114, 114, 114, 115, 114, 113, 116, 113, 115, 115, 116, 115, 115, 114, 115, 115, 114, 113, 116, 114, 116, 114, 113, 115, 114, 116, 116, 116, 113, 115, 115, 115, 115, 116, 115, 115, 116, 114, 115, 115, 115, 115, 115, 116, 115, 113, 116, 114, 115, 114, 113, 115, 115, 112, 115, 113, 114, 114, 115, 115, 115, 113, 114, 115, 114, 113, 116, 116, 115, 114, 114, 114, 115, 114, 114, 114, 113, 114, 114, 115, 116, 115, 114, 113, 114, 116, 114, 114, 116, 115];Eredmények csoportosítva;{114: 32, 115: 37, 113: 13, 117: 1, 116: 16, 112: 1}
FFDBox-bx6-rt100; ;Átlag;114.22;Összes futási eredmény;[113, 114, 114, 113, 114, 114, 116, 114, 113, 114, 113, 115, 114, 114, 116, 113, 115, 114, 114, 114, 115, 114, 113, 114, 114, 114, 114, 113, 115, 114, 116, 115, 115, 114, 113, 114, 114, 113, 112, 115, 116, 113, 113, 114, 113, 115, 113, 114, 113, 111, 115, 114, 115, 115, 113, 114, 116, 116, 115, 113, 114, 116, 114, 114, 113, 116, 113, 115, 115, 115, 114, 115, 114, 116, 114, 115, 113, 116, 115, 113, 115, 114, 116, 114, 114, 115, 114, 114, 115, 116, 115, 117, 113, 115, 113, 113, 114, 113, 114, 115];Eredmények csoportosítva;{113: 24, 114: 37, 116: 12, 115: 24, 112: 1, 111: 1, 117: 1}
FFDGroups-gn4-rt100; ;Átlag;114.71;Összes futási eredmény;[116, 115, 114, 114, 115, 114, 116, 114, 114, 115, 115, 114, 116, 114, 114, 114, 115, 115, 114, 115, 113, 117, 114, 115, 115, 116, 114, 116, 116, 116, 116, 117, 115, 115, 115, 114, 113, 113, 114, 114, 114, 114, 113, 114, 114, 114, 115, 114, 114, 114, 114, 113, 113, 116, 114, 115, 114, 116, 114, 113, 114, 114, 114, 114, 114, 116, 115, 115, 115, 114, 114, 114, 115, 115, 115, 115, 116, 116, 115, 115, 114, 114, 114, 114, 116, 115, 115, 117, 115, 115, 115, 116, 116, 116, 115, 116, 116, 116, 114, 114];Eredmények csoportosítva;{116: 20, 115: 29, 114: 41, 113: 7, 117: 3}
FFDGroups-gn6-rt100; ;Átlag;114.8;Összes futási eredmény;[117, 114, 115, 115, 114, 115, 115, 115, 114, 115, 116, 115, 116, 116, 115, 116, 114, 115, 114, 114, 113, 114, 113, 115, 115, 113, 115, 114, 115, 114, 114, 117, 114, 114, 115, 114, 114, 116, 115, 115, 114, 115, 114, 115, 114, 115, 115, 115, 116, 115, 114, 116, 116, 113, 116, 115, 116, 116, 116, 115, 114, 113, 116, 113, 116, 114, 115, 116, 115, 116, 114, 115, 115, 116, 114, 115, 115, 115, 114, 116, 115, 115, 116, 115, 114, 113, 114, 115, 116, 116, 114, 114, 115, 114, 114, 114, 114, 115, 115, 115];Eredmények csoportosítva;{117: 2, 114: 31, 115: 39, 116: 21, 113: 7}
FFDGroups-gn10-rt100; ;Átlag;114.6;Összes futási eredmény;[115, 115, 115, 116, 113, 115, 113, 114, 115, 116, 114, 114, 113, 115, 114, 115, 115, 115, 113, 114, 115, 115, 115, 116, 114, 114, 115, 115, 114, 116, 116, 115, 115, 116, 116, 117, 115, 114, 115, 117, 115, 115, 115, 115, 114, 115, 115, 113, 114, 114, 114, 112, 113, 115, 116, 115, 115, 113, 115, 115, 115, 115, 113, 115, 116, 114, 115, 115, 115, 113, 115, 114, 114, 114, 115, 115, 114, 115, 113, 114, 115, 115, 115, 113, 114, 113, 117, 114, 115, 115, 117, 113, 114, 114, 114, 116, 115, 113, 115, 112];Eredmények csoportosítva;{115: 46, 116: 10, 113: 14, 114: 24, 117: 4, 112: 2}
FFDGroups-gn20-rt100; ;Átlag;114.29;Összes futási eredmény;[116, 114, 115, 114, 114, 115, 113, 114, 115, 114, 113, 114, 114, 114, 114, 114, 114, 116, 117, 115, 114, 115, 114, 115, 115, 114, 115, 114, 115, 115, 115, 113, 114, 115, 116, 112, 115, 115, 112, 114, 115, 115, 115, 112, 114, 113, 113, 114, 113, 114, 115, 114, 114, 114, 115, 113, 114, 116, 114, 114, 115, 115, 113, 112, 114, 115, 115, 115, 115, 115, 114, 113, 114, 114, 114, 114, 114, 115, 114, 115, 115, 113, 114, 115, 114, 113, 115, 115, 114, 115, 115, 116, 115, 114, 114, 113, 114, 115, 115, 113];Eredmények csoportosítva;{116: 5, 114: 40, 115: 37, 113: 13, 117: 1, 112: 4}
FFDBG-gn4-bx4-rt100; ;Átlag;114.46;Összes futási eredmény;[113, 114, 114, 114, 113, 115, 116, 114, 115, 114, 113, 115, 114, 114, 114, 115, 115, 115, 114, 115, 114, 115, 114, 114, 115, 115, 114, 115, 114, 114, 114, 114, 113, 115, 114, 116, 116, 115, 115, 112, 115, 114, 116, 115, 113, 114, 116, 113, 113, 114, 116, 114, 115, 115, 113, 114, 114, 116, 115, 113, 115, 116, 114, 115, 115, 114, 114, 115, 113, 116, 114, 114, 117, 115, 114, 114, 115, 113, 114, 116, 116, 114, 114, 114, 114, 117, 114, 114, 115, 114, 114, 114, 115, 114, 115, 115, 116, 114, 113, 115];Eredmények csoportosítva;{113: 12, 114: 43, 115: 30, 116: 12, 112: 1, 117: 2}
FFDBG-gn6-bx4-rt100; ;Átlag;114.32;Összes futási eredmény;[115, 114, 115, 114, 115, 113, 115, 115, 115, 115, 114, 114, 114, 116, 114, 114, 113, 114, 113, 114, 115, 115, 115, 115, 114, 115, 114, 115, 115, 114, 115, 114, 116, 116, 115, 114, 114, 113, 115, 115, 116, 115, 115, 115, 115, 114, 113, 114, 115, 114, 115, 115, 113, 114, 113, 114, 113, 114, 114, 114, 116, 114, 113, 114, 114, 114, 114, 116, 114, 114, 115, 114, 113, 116, 115, 114, 113, 114, 114, 114, 114, 115, 114, 114, 113, 114, 114, 113, 114, 116, 114, 116, 117, 112, 114, 112, 115, 114, 115, 112];Eredmények csoportosítva;{115: 30, 114: 44, 113: 13, 116: 9, 117: 1, 112: 3}
FFDBG-gn5-bx3-rt100; ;Átlag;114.48;Összes futási eredmény;[114, 115, 115, 115, 114, 114, 113, 114, 114, 115, 116, 114, 114, 113, 113, 115, 115, 116, 114, 115, 114, 114, 114, 113, 115, 114, 112, 115, 115, 114, 116, 114, 114, 114, 114, 115, 115, 113, 115, 114, 114, 116, 115, 116, 113, 115, 115, 113, 113, 116, 115, 115, 116, 115, 116, 116, 115, 115, 114, 113, 116, 114, 114, 115, 115, 115, 115, 114, 113, 113, 116, 114, 114, 115, 114, 115, 114, 116, 115, 114, 114, 114, 114, 114, 115, 114, 115, 114, 114, 116, 114, 114, 115, 115, 115, 114, 114, 115, 114, 115];Eredmények csoportosítva;{114: 40, 115: 35, 113: 11, 116: 13, 112: 1}
FFDRatio-ra2-rt100; ;Átlag;123.07;Összes futási eredmény;[122, 122, 121, 124, 124, 123, 124, 121, 121, 122, 125, 123, 123, 124, 124, 123, 122, 123, 124, 124, 122, 124, 122, 122, 124, 123, 123, 123, 121, 124, 125, 123, 123, 122, 122, 123, 124, 121, 123, 123, 123, 124, 123, 123, 123, 123, 122, 124, 124, 124, 125, 123, 125, 124, 122, 122, 124, 122, 123, 122, 124, 125, 123, 124, 123, 123, 121, 124, 123, 124, 123, 123, 124, 124, 119, 124, 123, 122, 124, 122, 124, 124, 123, 124, 123, 123, 123, 124, 124, 124, 121, 123, 124, 123, 123, 121, 123, 124, 123, 123];Eredmények csoportosítva;{122: 16, 121: 8, 124: 33, 123: 37, 125: 5, 119: 1}
FFDRatio-ra5-rt100; ;Átlag;117.04;Összes futási eredmény;[117, 118, 117, 117, 118, 118, 116, 117, 118, 117, 117, 117, 116, 116, 117, 118, 117, 118, 117, 118, 117, 117, 116, 116, 119, 118, 117, 116, 116, 118, 117, 118, 116, 118, 117, 116, 116, 117, 117, 116, 117, 118, 117, 118, 117, 117, 118, 118, 118, 116, 116, 119, 116, 118, 116, 117, 116, 118, 116, 116, 118, 118, 117, 116, 116, 116, 116, 116, 118, 117, 118, 118, 117, 117, 118, 116, 117, 116, 118, 118, 117, 118, 118, 118, 118, 116, 117, 116, 117, 117, 118, 118, 116, 117, 116, 117, 117, 117, 115, 116];Eredmények csoportosítva;{117: 35, 118: 32, 116: 30, 119: 2, 115: 1}
FFDRatio-ra10-rt100; ;Átlag;116.87;Összes futási eredmény;[117, 116, 117, 117, 118, 116, 117, 117, 118, 117, 118, 116, 116, 118, 118, 117, 116, 116, 116, 118, 117, 116, 117, 118, 119, 119, 118, 117, 117, 117, 117, 117, 117, 115, 117, 116, 116, 118, 117, 116, 117, 116, 118, 117, 116, 117, 118, 117, 116, 116, 117, 117, 116, 117, 115, 116, 117, 116, 116, 117, 116, 117, 117, 117, 116, 116, 115, 118, 118, 116, 119, 118, 117, 117, 116, 118, 117, 117, 117, 117, 116, 116, 116, 118, 117, 117, 117, 117, 117, 117, 118, 115, 116, 117, 118, 117, 117, 116, 117, 117];Eredmények csoportosítva;{117: 46, 116: 29, 118: 18, 119: 3, 115: 4}
FFDRatio-ra15-rt100; ;Átlag;116.33;Összes futási eredmény;[116, 117, 116, 118, 116, 117, 116, 117, 116, 116, 117, 116, 117, 116, 117, 116, 116, 117, 115, 117, 116, 117, 116, 116, 115, 115, 116, 117, 117, 115, 116, 115, 118, 116, 117, 117, 118, 116, 115, 116, 117, 116, 117, 116, 117, 116, 116, 119, 117, 115, 117, 116, 115, 117, 116, 116, 116, 115, 117, 117, 115, 116, 116, 116, 117, 116, 117, 116, 116, 116, 117, 117, 115, 117, 117, 117, 118, 117, 116, 117, 117, 116, 116, 116, 116, 115, 115, 116, 118, 116, 116, 116, 116, 115, 116, 117, 116, 117, 116, 117];Eredmények csoportosítva;{116: 46, 117: 34, 118: 5, 115: 14, 119: 1}
FFDVal-rt100; ;Átlag;117.94;Összes futási eredmény;[118, 117, 119, 117, 117, 118, 119, 119, 118, 119, 118, 119, 118, 118, 118, 118, 116, 118, 117, 117, 117, 117, 118, 117, 118, 117, 119, 119, 119, 117, 119, 119, 117, 117, 120, 118, 116, 118, 117, 118, 116, 117, 119, 118, 117, 118, 115, 118, 122, 117, 118, 119, 118, 117, 119, 119, 118, 118, 120, 118, 117, 117, 119, 119, 121, 116, 119, 116, 121, 118, 117, 117, 117, 117, 117, 118, 119, 119, 118, 118, 119, 116, 116, 118, 116, 118, 119, 117, 118, 118, 119, 118, 118, 120, 117, 117, 118, 119, 119, 118];Eredmények csoportosítva;{118: 34, 117: 27, 119: 24, 116: 8, 120: 3, 115: 1, 122: 1, 121: 2}
L2NotDet-gp1-rn50; ;Átlag;103.0;Összes futási eredmény;[103, 103, 103, 103, 103, 103, 103, 103, 103, 103, 103, 103, 103, 103, 103, 103, 103, 103, 103, 103, 103, 103, 103, 103, 103, 103, 103, 103, 103, 103, 103, 103, 103, 103, 103, 103, 103, 103, 103, 103, 103, 103, 103, 103, 103, 103, 103, 103, 103, 103];Eredmények csoportosítva;{103: 50}
L2NotDet-gp3-rn50; ;Átlag;103.0;Összes futási eredmény;[103, 103, 103, 103, 103, 103, 103, 103, 103, 103, 103, 103, 103, 103, 103, 103, 103, 103, 103, 103, 103, 103, 103, 103, 103, 103, 103, 103, 103, 103, 103, 103, 103, 103, 103, 103, 103, 103, 103, 103, 103, 103, 103, 103, 103, 103, 103, 103, 103, 103];Eredmények csoportosítva;{103: 50}
L2NotDet-gp5-rn50; ;Átlag;103.0;Összes futási eredmény;[103, 103, 103, 103, 103, 103, 103, 103, 103, 103, 103, 103, 103, 103, 103, 103, 103, 103, 103, 103, 103, 103, 103, 103, 103, 103, 103, 103, 103, 103, 103, 103, 103, 103, 103, 103, 103, 103, 103, 103, 103, 103, 103, 103, 103, 103, 103, 103, 103, 103];Eredmények csoportosítva;{103: 50}
Alsó Korlát;102
Alsó Korlát;102
Alsó Korlát;102
