Alsó Korlát;256
FFD-bin-sum;286
FFD-bin-avg;286
FFD-bin-prod;285
FFD-item-sum;284
FFD-item-avg;284
FFD-item-prod;285
dotP-gp1;270
dotP-gp2;271
dotP-gp3;271
dotP-gp4;271
L2-gp1;270
L2-gp2;270
L2-gp3;271
L2-gp4;273
FFDRev;308
FFDRevAdv;309
FFDMP-1.0;284
FFDMP-0.9;284
FFDMP-0.8;284
FFDMP-0.75;284
FFDBox-bx3-rt100; ;Átlag;283.2;Összes futási eredmény;[284, 283, 284, 284, 284, 281, 286, 283, 284, 283, 282, 282, 281, 284, 282, 283, 284, 281, 282, 284, 284, 284, 283, 284, 284, 284, 282, 285, 283, 283, 284, 281, 284, 283, 285, 285, 285, 285, 285, 283, 283, 282, 282, 282, 280, 283, 284, 285, 283, 282, 283, 283, 284, 283, 283, 285, 286, 283, 282, 284, 283, 284, 282, 282, 284, 282, 283, 285, 281, 284, 283, 284, 284, 284, 285, 281, 282, 284, 283, 284, 283, 283, 282, 283, 284, 283, 285, 283, 283, 283, 283, 281, 284, 284, 284, 282, 281, 285, 280, 281];Eredmények csoportosítva;{284: 30, 283: 29, 281: 9, 286: 2, 282: 16, 285: 12, 280: 2}
FFDBox-bx4-rt100; ;Átlag;282.94;Összes futási eredmény;[285, 283, 284, 281, 284, 286, 283, 282, 283, 283, 284, 282, 282, 281, 283, 283, 282, 283, 283, 281, 284, 283, 282, 283, 283, 282, 284, 284, 282, 282, 282, 283, 281, 283, 282, 283, 283, 283, 282, 285, 282, 283, 284, 282, 284, 284, 282, 281, 282, 284, 282, 284, 282, 283, 283, 282, 282, 282, 284, 283, 281, 283, 285, 284, 285, 284, 284, 281, 283, 281, 281, 283, 282, 283, 284, 282, 281, 284, 282, 283, 285, 285, 284, 285, 284, 285, 281, 282, 283, 284, 282, 282, 283, 284, 286, 282, 284, 283, 283, 282];Eredmények csoportosítva;{285: 8, 283: 29, 284: 22, 281: 11, 286: 2, 282: 28}
FFDBox-bx5-rt100; ;Átlag;283.16;Összes futási eredmény;[283, 284, 283, 283, 283, 282, 284, 284, 284, 281, 283, 284, 284, 283, 283, 285, 284, 282, 282, 284, 283, 283, 284, 280, 283, 282, 282, 283, 285, 283, 280, 285, 283, 282, 282, 284, 280, 282, 284, 283, 284, 284, 284, 284, 284, 281, 284, 280, 284, 281, 284, 282, 285, 281, 284, 287, 285, 283, 283, 284, 283, 283, 285, 283, 281, 283, 285, 282, 283, 284, 282, 281, 283, 283, 285, 281, 284, 283, 283, 284, 284, 284, 284, 284, 283, 284, 284, 283, 283, 284, 285, 280, 283, 284, 282, 284, 283, 283, 285, 283];Eredmények csoportosítva;{283: 32, 284: 33, 282: 12, 281: 7, 285: 10, 280: 5, 287: 1}
FFDBox-bx6-rt100; ;Átlag;283.23;Összes futási eredmény;[283, 283, 284, 284, 284, 283, 280, 285, 283, 285, 284, 282, 285, 283, 284, 284, 287, 284, 282, 283, 284, 281, 284, 284, 282, 282, 282, 282, 285, 284, 286, 282, 286, 285, 284, 281, 283, 284, 283, 284, 283, 282, 285, 282, 284, 284, 282, 282, 282, 281, 286, 284, 284, 281, 282, 285, 284, 283, 283, 281, 281, 282, 284, 282, 283, 282, 284, 284, 280, 283, 285, 282, 281, 282, 282, 284, 283, 282, 283, 281, 282, 285, 285, 286, 284, 282, 284, 282, 284, 285, 284, 284, 285, 283, 283, 283, 283, 284, 282, 283];Eredmények csoportosítva;{283: 20, 284: 29, 280: 2, 285: 12, 282: 24, 287: 1, 281: 8, 286: 4}
FFDGroups-gn4-rt100; ;Átlag;284.81;Összes futási eredmény;[285, 284, 284, 286, 284, 285, 287, 284, 285, 287, 287, 285, 284, 285, 286, 284, 286, 285, 286, 285, 286, 285, 286, 287, 285, 285, 284, 285, 285, 283, 285, 288, 286, 284, 285, 283, 285, 285, 285, 286, 288, 285, 285, 285, 282, 284, 283, 285, 284, 286, 283, 284, 288, 285, 284, 284, 287, 284, 286, 286, 282, 286, 283, 283, 283, 283, 284, 284, 284, 284, 285, 285, 285, 286, 285, 286, 281, 286, 284, 284, 284, 285, 286, 284, 285, 285, 285, 283, 285, 284, 288, 283, 287, 285, 286, 284, 283, 283, 284, 284];Eredmények csoportosítva;{285: 32, 284: 26, 286: 17, 287: 6, 283: 12, 288: 4, 282: 2, 281: 1}
FFDGroups-gn6-rt100; ;Átlag;284.87;Összes futási eredmény;[283, 287, 285, 284, 284, 285, 286, 285, 285, 284, 284, 286, 285, 285, 284, 285, 284, 284, 287, 283, 285, 284, 285, 285, 284, 286, 286, 285, 285, 285, 284, 283, 282, 285, 284, 284, 285, 284, 285, 287, 283, 286, 285, 285, 285, 285, 286, 282, 286, 286, 286, 284, 282, 285, 283, 284, 284, 286, 285, 287, 284, 286, 282, 286, 285, 288, 284, 286, 285, 286, 286, 285, 285, 285, 285, 283, 284, 286, 285, 286, 286, 285, 283, 286, 286, 286, 285, 285, 286, 287, 286, 285, 284, 284, 285, 284, 285, 285, 285, 284];Eredmények csoportosítva;{283: 7, 287: 5, 285: 37, 284: 23, 286: 23, 282: 4, 288: 1}
FFDGroups-gn10-rt100; ;Átlag;284.1;Összes futási eredmény;[284, 285, 284, 282, 283, 283, 286, 283, 286, 284, 282, 286, 284, 285, 281, 287, 287, 285, 285, 284, 285, 283, 283, 284, 284, 283, 282, 284, 283, 284, 283, 284, 284, 283, 283, 286, 284, 282, 283, 285, 284, 284, 284, 282, 285, 281, 285, 284, 283, 285, 284, 285, 285, 285, 283, 285, 286, 285, 283, 283, 284, 281, 286, 284, 284, 285, 283, 284, 284, 286, 284, 286, 285, 284, 285, 283, 283, 286, 285, 284, 283, 282, 285, 282, 284, 285, 284, 284, 284, 284, 284, 286, 284, 286, 285, 286, 284, 284, 283, 286];Eredmények csoportosítva;{284: 34, 285: 21, 282: 7, 283: 20, 286: 13, 281: 3, 287: 2}
FFDGroups-gn20-rt100; ;Átlag;283.57;Összes futási eredmény;[282, 285, 285, 282, 281, 283, 285, 284, 284, 285, 282, 280, 281, 284, 284, 283, 286, 284, 281, 284, 284, 281, 283, 286, 284, 282, 283, 282, 283, 284, 284, 285, 283, 283, 284, 287, 284, 281, 284, 284, 287, 283, 282, 285, 282, 285, 285, 284, 283, 284, 283, 284, 284, 283, 285, 283, 283, 282, 283, 284, 286, 285, 284, 282, 285, 283, 283, 286, 286, 281, 282, 285, 285, 283, 285, 284, 285, 282, 283, 281, 283, 284, 281, 281, 286, 284, 284, 286, 285, 284, 283, 284, 286, 285, 286, 284, 283, 281, 279, 282];Eredmények csoportosítva;{282: 12, 285: 17, 281: 10, 283: 21, 284: 27, 280: 1, 286: 9, 287: 2, 279: 1}
FFDBG-gn4-bx4-rt100; ;Átlag;283.08;Összes futási eredmény;[281, 283, 281, 284, 283, 283, 281, 282, 283, 283, 283, 284, 283, 284, 283, 283, 284, 283, 283, 283, 287, 282, 284, 284, 283, 285, 283, 284, 283, 285, 281, 282, 285, 284, 282, 283, 282, 283, 283, 282, 283, 283, 286, 284, 282, 282, 280, 282, 281, 282, 285, 283, 283, 281, 283, 283, 283, 284, 283, 282, 285, 285, 283, 283, 284, 281, 283, 283, 282, 286, 284, 284, 283, 284, 286, 283, 283, 282, 284, 282, 284, 283, 282, 284, 282, 283, 281, 284, 285, 281, 283, 283, 283, 282, 284, 280, 285, 284, 283, 283];Eredmények csoportosítva;{281: 9, 283: 40, 284: 20, 282: 17, 287: 1, 285: 8, 286: 3, 280: 2}
FFDBG-gn6-bx4-rt100; ;Átlag;283.08;Összes futási eredmény;[283, 283, 283, 284, 283, 283, 284, 284, 282, 280, 282, 282, 283, 283, 284, 282, 285, 284, 282, 281, 282, 282, 281, 282, 282, 284, 282, 282, 282, 284, 283, 284, 285, 284, 284, 285, 282, 283, 284, 283, 282, 284, 282, 285, 284, 283, 283, 283, 284, 284, 285, 281, 282, 283, 284, 285, 283, 281, 282, 281, 282, 284, 284, 282, 283, 283, 283, 283, 283, 283, 285, 284, 282, 281, 284, 284, 285, 283, 283, 283, 283, 283, 282, 283, 284, 283, 284, 282, 284, 282, 282, 284, 287, 282, 282, 286, 284, 282, 284, 283];Eredmények csoportosítva;{283: 29, 284: 27, 282: 27, 280: 1, 285: 8, 281: 6, 287: 1, 286: 1}
FFDBG-gn5-bx3-rt100; ;Átlag;282.92;Összes futási eredmény;[285, 283, 284, 283, 280, 284, 281, 281, 284, 280, 284, 281, 283, 282, 286, 283, 283, 283, 283, 285, 283, 282, 282, 284, 283, 284, 281, 283, 284, 284, 283, 282, 285, 282, 283, 281, 282, 284, 283, 283, 283, 284, 284, 283, 284, 284, 283, 283, 280, 286, 279, 282, 282, 283, 283, 280, 284, 285, 282, 284, 281, 284, 282, 283, 284, 282, 281, 283, 281, 283, 282, 284, 284, 283, 281, 283, 284, 283, 283, 285, 282, 285, 284, 283, 281, 285, 283, 284, 285, 282, 282, 282, 281, 283, 285, 284, 283, 282, 282, 284];Eredmények csoportosítva;{285: 9, 283: 31, 284: 24, 280: 4, 281: 11, 282: 18, 286: 2, 279: 1}
FFDRatio-ra2-rt100; ;Átlag;305.4;Összes futási eredmény;[306, 304, 306, 306, 307, 308, 306, 303, 305, 304, 307, 307, 305, 307, 306, 305, 307, 305, 308, 305, 304, 305, 304, 305, 305, 305, 304, 306, 305, 306, 307, 309, 305, 307, 306, 307, 305, 306, 305, 306, 303, 306, 306, 304, 306, 305, 305, 305, 305, 307, 305, 308, 304, 308, 306, 307, 303, 305, 305, 303, 308, 308, 304, 305, 303, 305, 305, 305, 304, 303, 307, 306, 305, 306, 305, 305, 303, 307, 305, 306, 306, 306, 304, 303, 304, 305, 306, 306, 305, 306, 303, 306, 305, 306, 304, 306, 304, 305, 306, 304];Eredmények csoportosítva;{306: 26, 304: 14, 307: 12, 308: 6, 303: 9, 305: 32, 309: 1}
FFDRatio-ra5-rt100; ;Átlag;291.09;Összes futási eredmény;[294, 290, 292, 291, 291, 290, 292, 290, 291, 290, 290, 290, 291, 292, 290, 289, 292, 291, 291, 292, 290, 293, 290, 289, 291, 291, 292, 291, 290, 288, 294, 290, 292, 293, 292, 290, 292, 292, 291, 292, 290, 289, 290, 292, 291, 292, 292, 290, 290, 292, 289, 291, 291, 292, 294, 291, 291, 292, 291, 290, 291, 289, 292, 293, 291, 290, 291, 291, 291, 291, 291, 292, 293, 293, 290, 291, 291, 291, 291, 292, 289, 292, 292, 291, 290, 291, 294, 289, 291, 289, 291, 291, 291, 291, 293, 294, 290, 292, 291, 290];Eredmények csoportosítva;{294: 5, 290: 22, 292: 23, 291: 35, 289: 8, 293: 6, 288: 1}
FFDRatio-ra10-rt100; ;Átlag;288.97;Összes futási eredmény;[287, 289, 289, 290, 291, 288, 288, 290, 289, 292, 289, 288, 290, 289, 289, 288, 289, 286, 289, 290, 287, 288, 289, 289, 289, 288, 288, 289, 289, 289, 291, 288, 290, 288, 292, 288, 291, 288, 289, 290, 287, 289, 289, 291, 290, 288, 288, 291, 288, 288, 287, 290, 287, 290, 290, 289, 287, 288, 289, 292, 288, 288, 289, 289, 291, 288, 289, 291, 288, 287, 290, 290, 289, 289, 290, 290, 287, 288, 288, 289, 289, 290, 288, 288, 287, 288, 288, 287, 290, 290, 292, 288, 289, 289, 287, 290, 289, 289, 291, 292];Eredmények csoportosítva;{287: 11, 289: 30, 290: 18, 291: 8, 288: 27, 292: 5, 286: 1}
FFDRatio-ra15-rt100; ;Átlag;287.21;Összes futási eredmény;[287, 289, 287, 286, 286, 288, 286, 290, 286, 289, 286, 287, 287, 286, 288, 289, 288, 286, 289, 288, 284, 286, 287, 286, 288, 288, 288, 287, 287, 290, 285, 289, 285, 289, 286, 287, 288, 286, 287, 289, 288, 288, 287, 288, 287, 285, 287, 289, 286, 289, 288, 286, 288, 285, 286, 288, 288, 286, 285, 287, 288, 284, 288, 286, 288, 289, 285, 288, 288, 289, 286, 287, 287, 286, 285, 291, 287, 288, 287, 290, 288, 288, 285, 290, 287, 288, 286, 286, 285, 287, 286, 287, 289, 286, 284, 286, 289, 289, 288, 289];Eredmények csoportosítva;{287: 20, 289: 15, 286: 23, 288: 25, 290: 4, 284: 3, 285: 9, 291: 1}
FFDVal-rt100; ;Átlag;292.56;Összes futási eredmény;[294, 291, 293, 294, 292, 291, 292, 293, 292, 294, 295, 295, 294, 290, 295, 292, 288, 291, 292, 296, 293, 293, 294, 290, 294, 293, 293, 291, 290, 295, 291, 292, 290, 292, 291, 294, 293, 294, 293, 293, 291, 292, 292, 295, 293, 292, 294, 294, 289, 293, 290, 294, 293, 291, 293, 294, 293, 290, 295, 293, 292, 288, 294, 293, 293, 294, 295, 294, 292, 296, 295, 293, 293, 292, 292, 292, 294, 293, 294, 291, 291, 295, 290, 293, 291, 291, 293, 292, 293, 292, 290, 290, 292, 293, 294, 293, 293, 292, 295, 289];Eredmények csoportosítva;{294: 18, 291: 12, 293: 26, 292: 19, 295: 10, 290: 9, 288: 2, 296: 2, 289: 2}
Alsó Korlát;256
Alsó Korlát;256
