Alsó Korlát;50
FFD-bin-sum;57
FFD-bin-avg;57
FFD-bin-prod;58
FFD-item-sum;56
FFD-item-avg;56
FFD-item-prod;57
dotP-gp1;54
dotP-gp2;54
dotP-gp3;54
dotP-gp4;55
L2-gp1;54
L2-gp2;55
L2-gp3;54
L2-gp4;55
FFDRev;59
FFDRevAdv;60
FFDMP-1.0;56
FFDMP-0.9;56
FFDMP-0.8;56
FFDMP-0.75;56
FFDBox-bx3-rt100; ;Átlag;56.05;Összes futási eredmény;[56, 55, 56, 57, 57, 56, 56, 56, 57, 55, 56, 56, 56, 56, 56, 56, 56, 57, 55, 56, 56, 56, 56, 55, 55, 55, 57, 56, 56, 55, 57, 56, 56, 56, 56, 56, 56, 55, 56, 56, 56, 55, 56, 56, 56, 56, 56, 56, 55, 56, 56, 56, 58, 57, 56, 57, 56, 56, 57, 56, 56, 56, 56, 56, 56, 56, 57, 56, 56, 56, 56, 56, 56, 56, 56, 56, 56, 56, 56, 57, 56, 57, 57, 55, 56, 55, 56, 56, 55, 56, 55, 56, 57, 56, 57, 56, 57, 56, 57, 56];Eredmények csoportosítva;{56: 68, 55: 14, 57: 17, 58: 1}
FFDBox-bx4-rt100; ;Átlag;56.0;Összes futási eredmény;[56, 56, 55, 56, 55, 56, 57, 56, 57, 56, 56, 57, 56, 56, 56, 56, 56, 56, 56, 56, 56, 55, 57, 57, 57, 55, 56, 56, 55, 55, 55, 55, 56, 55, 57, 55, 56, 56, 56, 56, 56, 56, 56, 56, 56, 57, 57, 56, 55, 55, 56, 56, 56, 56, 56, 56, 56, 57, 56, 55, 57, 55, 56, 55, 56, 56, 55, 56, 56, 56, 57, 57, 56, 57, 56, 56, 57, 56, 56, 56, 56, 56, 56, 56, 56, 56, 56, 56, 55, 56, 56, 57, 57, 57, 56, 56, 56, 56, 55, 56];Eredmények csoportosítva;{56: 64, 55: 18, 57: 18}
FFDBox-bx5-rt100; ;Átlag;56.04;Összes futási eredmény;[56, 56, 56, 55, 55, 55, 56, 56, 56, 57, 56, 56, 55, 56, 56, 56, 57, 56, 55, 56, 56, 57, 56, 56, 56, 57, 56, 56, 56, 56, 56, 56, 56, 56, 56, 57, 57, 57, 55, 56, 56, 56, 56, 55, 56, 55, 56, 57, 57, 56, 57, 55, 57, 56, 56, 56, 56, 57, 56, 56, 55, 56, 56, 57, 56, 56, 57, 55, 57, 55, 57, 55, 56, 56, 56, 57, 56, 56, 56, 56, 55, 56, 55, 57, 56, 56, 56, 56, 56, 55, 57, 56, 56, 56, 57, 57, 55, 56, 55, 57];Eredmények csoportosítva;{56: 60, 55: 18, 57: 22}
FFDBox-bx6-rt100; ;Átlag;55.97;Összes futási eredmény;[56, 55, 57, 56, 56, 56, 56, 56, 57, 56, 56, 56, 56, 56, 56, 56, 55, 55, 55, 56, 56, 56, 56, 57, 56, 56, 56, 55, 55, 56, 56, 57, 56, 56, 56, 56, 55, 57, 56, 57, 56, 55, 56, 56, 57, 56, 56, 56, 56, 56, 56, 55, 57, 56, 56, 55, 55, 56, 57, 56, 56, 57, 57, 55, 56, 56, 56, 56, 56, 56, 57, 57, 54, 57, 57, 56, 55, 56, 56, 56, 55, 55, 57, 55, 56, 56, 56, 56, 56, 57, 56, 56, 55, 56, 56, 56, 55, 56, 56, 56];Eredmények csoportosítva;{56: 64, 55: 18, 57: 17, 54: 1}
FFDGroups-gn4-rt100; ;Átlag;56.48;Összes futási eredmény;[57, 57, 57, 56, 56, 56, 57, 57, 56, 56, 57, 57, 56, 57, 56, 56, 56, 57, 57, 55, 56, 56, 56, 57, 57, 57, 57, 57, 57, 57, 55, 56, 56, 56, 56, 56, 56, 57, 57, 57, 57, 56, 56, 57, 57, 57, 55, 57, 56, 56, 57, 57, 56, 57, 57, 56, 56, 56, 56, 56, 56, 56, 57, 57, 56, 56, 56, 57, 57, 56, 57, 57, 56, 57, 57, 57, 57, 56, 56, 57, 55, 56, 56, 57, 58, 57, 56, 57, 57, 57, 56, 57, 56, 57, 56, 57, 56, 57, 56, 57];Eredmények csoportosítva;{57: 50, 56: 45, 55: 4, 58: 1}
FFDGroups-gn6-rt100; ;Átlag;56.22;Összes futási eredmény;[57, 56, 56, 55, 56, 57, 57, 57, 57, 56, 56, 57, 56, 56, 57, 56, 56, 56, 57, 57, 56, 56, 56, 57, 56, 56, 56, 56, 56, 57, 56, 56, 57, 56, 56, 56, 56, 55, 55, 57, 56, 56, 56, 56, 56, 55, 57, 57, 57, 56, 56, 56, 57, 56, 56, 56, 56, 56, 56, 56, 57, 57, 56, 56, 56, 57, 56, 56, 56, 57, 56, 57, 57, 56, 56, 56, 56, 57, 56, 57, 56, 56, 56, 56, 56, 57, 56, 57, 56, 56, 57, 55, 56, 56, 56, 57, 56, 55, 56, 55];Eredmények csoportosítva;{57: 29, 56: 64, 55: 7}
FFDGroups-gn10-rt100; ;Átlag;56.23;Összes futási eredmény;[57, 56, 57, 57, 56, 56, 56, 56, 56, 56, 57, 56, 55, 57, 56, 56, 56, 57, 56, 56, 56, 57, 56, 56, 56, 56, 57, 55, 57, 56, 55, 57, 56, 56, 55, 56, 56, 57, 56, 56, 57, 56, 56, 56, 56, 57, 56, 56, 57, 56, 57, 56, 56, 56, 56, 56, 56, 57, 55, 57, 56, 57, 56, 56, 56, 56, 56, 56, 57, 57, 56, 56, 56, 57, 57, 56, 56, 56, 56, 57, 56, 56, 55, 57, 56, 56, 57, 57, 56, 57, 57, 56, 56, 57, 56, 56, 55, 57, 56, 56];Eredmények csoportosítva;{57: 30, 56: 63, 55: 7}
FFDGroups-gn20-rt100; ;Átlag;56.21;Összes futási eredmény;[56, 56, 56, 56, 56, 56, 57, 56, 56, 56, 56, 56, 57, 56, 56, 56, 55, 56, 57, 56, 55, 57, 57, 56, 57, 56, 56, 56, 57, 56, 56, 57, 56, 56, 56, 56, 56, 56, 56, 55, 56, 57, 55, 57, 57, 56, 55, 55, 57, 57, 56, 57, 56, 56, 56, 55, 57, 55, 55, 56, 56, 56, 56, 55, 56, 55, 56, 56, 57, 56, 56, 56, 57, 56, 57, 57, 57, 57, 57, 57, 56, 57, 56, 56, 57, 57, 57, 56, 56, 55, 57, 57, 57, 57, 56, 56, 57, 56, 56, 57];Eredmények csoportosítva;{56: 55, 57: 33, 55: 12}
FFDBG-gn4-bx4-rt100; ;Átlag;55.93;Összes futási eredmény;[56, 55, 55, 56, 56, 56, 56, 57, 57, 55, 57, 57, 56, 56, 56, 56, 55, 56, 56, 56, 56, 56, 55, 56, 55, 57, 56, 56, 56, 57, 56, 56, 56, 56, 55, 56, 56, 56, 55, 55, 57, 56, 56, 56, 55, 55, 56, 56, 56, 56, 55, 55, 55, 55, 56, 55, 56, 56, 56, 56, 55, 57, 56, 57, 57, 57, 55, 56, 57, 55, 56, 56, 56, 56, 55, 57, 56, 57, 56, 57, 55, 55, 56, 56, 56, 56, 56, 55, 57, 56, 55, 56, 56, 56, 56, 57, 56, 56, 56, 56];Eredmények csoportosítva;{56: 59, 55: 24, 57: 17}
FFDBG-gn6-bx4-rt100; ;Átlag;55.79;Összes futási eredmény;[55, 56, 56, 56, 56, 55, 56, 56, 55, 56, 57, 56, 55, 57, 56, 56, 56, 55, 56, 57, 56, 55, 55, 56, 56, 56, 56, 55, 55, 56, 57, 55, 56, 55, 57, 56, 56, 56, 55, 56, 56, 56, 56, 55, 56, 55, 56, 56, 55, 55, 56, 56, 56, 56, 56, 55, 56, 55, 56, 56, 55, 56, 56, 56, 55, 56, 55, 56, 55, 56, 56, 55, 55, 57, 55, 56, 55, 56, 56, 56, 56, 56, 55, 56, 56, 56, 55, 56, 56, 56, 56, 57, 56, 56, 56, 56, 56, 56, 56, 56];Eredmények csoportosítva;{55: 28, 56: 65, 57: 7}
FFDBG-gn5-bx3-rt100; ;Átlag;56.11;Összes futási eredmény;[56, 56, 56, 55, 56, 57, 55, 56, 57, 56, 56, 56, 56, 56, 57, 57, 56, 56, 56, 56, 56, 56, 56, 56, 56, 56, 58, 57, 58, 56, 57, 56, 56, 56, 56, 56, 58, 56, 55, 57, 56, 56, 56, 56, 56, 56, 55, 57, 56, 55, 56, 57, 56, 57, 55, 55, 56, 56, 56, 56, 57, 56, 56, 57, 56, 56, 57, 56, 56, 56, 55, 56, 56, 57, 56, 56, 56, 56, 55, 56, 57, 56, 57, 55, 56, 56, 56, 57, 56, 57, 56, 56, 56, 56, 54, 56, 56, 55, 56, 56];Eredmények csoportosítva;{56: 67, 55: 11, 57: 18, 58: 3, 54: 1}
FFDRatio-ra2-rt100; ;Átlag;59.25;Összes futási eredmény;[60, 60, 58, 59, 58, 61, 59, 60, 61, 59, 59, 60, 60, 59, 60, 60, 57, 59, 61, 60, 59, 58, 59, 59, 60, 61, 60, 58, 59, 58, 60, 60, 60, 58, 57, 60, 60, 60, 60, 61, 60, 61, 60, 58, 59, 58, 59, 59, 60, 56, 60, 58, 60, 59, 55, 57, 57, 59, 59, 60, 59, 60, 58, 60, 59, 59, 61, 59, 59, 59, 60, 59, 57, 60, 60, 61, 59, 59, 61, 58, 59, 61, 58, 60, 60, 58, 58, 61, 57, 60, 58, 60, 61, 59, 60, 59, 57, 60, 60, 61];Eredmények csoportosítva;{60: 35, 58: 15, 59: 28, 61: 13, 57: 7, 56: 1, 55: 1}
FFDRatio-ra5-rt100; ;Átlag;56.75;Összes futási eredmény;[57, 57, 57, 57, 56, 57, 56, 57, 57, 57, 56, 57, 57, 57, 57, 57, 57, 57, 57, 58, 57, 56, 57, 56, 56, 57, 57, 57, 56, 57, 57, 56, 55, 58, 56, 56, 57, 58, 58, 57, 58, 56, 56, 57, 57, 58, 56, 57, 57, 57, 56, 57, 57, 57, 57, 56, 57, 57, 57, 57, 56, 57, 57, 57, 57, 56, 56, 57, 58, 57, 57, 56, 56, 56, 57, 57, 56, 57, 56, 56, 57, 57, 57, 58, 57, 56, 56, 56, 56, 56, 57, 56, 56, 57, 56, 57, 57, 57, 57, 58];Eredmények csoportosítva;{57: 58, 56: 32, 58: 9, 55: 1}
FFDRatio-ra10-rt100; ;Átlag;56.82;Összes futási eredmény;[57, 57, 57, 57, 56, 57, 56, 57, 58, 57, 56, 57, 57, 57, 57, 56, 57, 57, 56, 57, 56, 57, 57, 58, 56, 57, 57, 57, 57, 57, 56, 57, 57, 58, 56, 57, 57, 58, 57, 56, 55, 57, 57, 58, 56, 57, 57, 57, 58, 57, 58, 57, 57, 57, 57, 57, 57, 56, 57, 57, 57, 57, 56, 57, 57, 56, 57, 57, 57, 56, 56, 57, 57, 57, 57, 58, 56, 57, 57, 57, 56, 56, 57, 57, 58, 56, 56, 57, 57, 57, 57, 56, 57, 57, 57, 57, 57, 57, 55, 56];Eredmények csoportosítva;{57: 66, 56: 23, 58: 9, 55: 2}
FFDRatio-ra15-rt100; ;Átlag;56.68;Összes futási eredmény;[57, 58, 57, 56, 57, 56, 56, 57, 56, 57, 57, 56, 58, 56, 56, 57, 58, 57, 56, 57, 57, 57, 57, 57, 58, 57, 56, 56, 56, 57, 57, 56, 57, 56, 57, 56, 57, 56, 56, 57, 56, 57, 55, 56, 57, 58, 56, 58, 56, 57, 57, 57, 56, 57, 57, 56, 56, 58, 57, 57, 57, 57, 57, 56, 56, 56, 57, 56, 57, 58, 57, 55, 57, 57, 57, 56, 58, 58, 56, 56, 56, 58, 57, 56, 56, 57, 57, 57, 57, 56, 56, 57, 56, 56, 56, 57, 56, 58, 56, 57];Eredmények csoportosítva;{57: 46, 58: 12, 56: 40, 55: 2}
FFDVal-rt100; ;Átlag;57.46;Összes futási eredmény;[58, 57, 58, 59, 57, 57, 59, 58, 57, 57, 58, 58, 58, 58, 57, 57, 59, 58, 58, 57, 57, 57, 57, 57, 57, 57, 58, 57, 57, 57, 58, 57, 59, 57, 57, 58, 57, 57, 57, 57, 59, 59, 56, 59, 58, 57, 57, 58, 58, 57, 57, 56, 58, 57, 57, 58, 57, 57, 57, 58, 58, 58, 57, 58, 58, 57, 57, 58, 57, 57, 57, 56, 58, 58, 57, 58, 57, 57, 57, 58, 57, 58, 58, 57, 58, 57, 57, 57, 57, 57, 57, 57, 58, 57, 58, 58, 58, 57, 57, 58];Eredmények csoportosítva;{58: 35, 57: 55, 59: 7, 56: 3}
L2NotDet-gp1-rn50; ;Átlag;51.0;Összes futási eredmény;[51, 51, 51, 51, 51, 51, 51, 51, 51, 51, 51, 51, 51, 51, 51, 51, 51, 51, 51, 51, 51, 51, 51, 51, 51, 51, 51, 51, 51, 51, 51, 51, 51, 51, 51, 51, 51, 51, 51, 51, 51, 51, 51, 51, 51, 51, 51, 51, 51, 51];Eredmények csoportosítva;{51: 50}
L2NotDet-gp3-rn50; ;Átlag;51.0;Összes futási eredmény;[51, 51, 51, 51, 51, 51, 51, 51, 51, 51, 51, 51, 51, 51, 51, 51, 51, 51, 51, 51, 51, 51, 51, 51, 51, 51, 51, 51, 51, 51, 51, 51, 51, 51, 51, 51, 51, 51, 51, 51, 51, 51, 51, 51, 51, 51, 51, 51, 51, 51];Eredmények csoportosítva;{51: 50}
L2NotDet-gp5-rn50; ;Átlag;51.0;Összes futási eredmény;[51, 51, 51, 51, 51, 51, 51, 51, 51, 51, 51, 51, 51, 51, 51, 51, 51, 51, 51, 51, 51, 51, 51, 51, 51, 51, 51, 51, 51, 51, 51, 51, 51, 51, 51, 51, 51, 51, 51, 51, 51, 51, 51, 51, 51, 51, 51, 51, 51, 51];Eredmények csoportosítva;{51: 50}
