800 
1000 1000 1000  
1 97 32 93 
2 26 60 45 
3 48 68 88 
4 73 95 33 
5 82 40 37 
6 60 51 99 
7 79 46 87 
8 25 34 61 
9 89 25 28 
10 65 39 58 
11 54 76 100 
12 30 45 76 
13 77 41 72 
14 49 42 48 
15 63 39 78 
16 50 95 69 
17 36 36 55 
18 63 84 91 
19 62 53 81 
20 57 79 75 
21 84 81 39 
22 68 43 74 
23 49 46 64 
24 97 50 62 
25 65 54 80 
26 96 41 86 
27 46 63 55 
28 67 26 26 
29 90 74 62 
30 50 34 94 
31 82 49 72 
32 58 48 48 
33 35 45 58 
34 62 56 39 
35 47 49 71 
36 93 76 70 
37 85 92 53 
38 93 59 39 
39 97 67 41 
40 71 73 35 
41 64 93 80 
42 30 75 29 
43 48 68 85 
44 27 76 79 
45 27 94 85 
46 34 28 46 
47 63 29 90 
48 45 30 27 
49 65 31 33 
50 96 95 47 
51 66 90 79 
52 28 94 73 
53 93 46 41 
54 67 66 66 
55 79 37 72 
56 41 100 35 
57 28 86 75 
58 67 93 44 
59 87 35 41 
60 52 73 48 
61 31 35 68 
62 82 34 100 
63 26 89 57 
64 100 66 58 
65 77 34 83 
66 59 32 36 
67 53 30 31 
68 99 82 47 
69 63 79 100 
70 78 31 91 
71 75 99 82 
72 51 54 59 
73 72 40 26 
74 97 51 25 
75 80 82 85 
76 85 31 83 
77 74 38 89 
78 71 89 53 
79 84 39 87 
80 92 68 35 
81 97 97 64 
82 25 26 84 
83 47 93 72 
84 70 27 70 
85 95 45 54 
86 63 75 36 
87 50 90 29 
88 62 61 45 
89 65 44 63 
90 95 32 79 
91 40 58 86 
92 28 40 74 
93 47 91 77 
94 72 28 49 
95 86 42 34 
96 73 80 98 
97 27 30 46 
98 88 39 74 
99 39 79 27 
100 71 66 76 
101 67 58 87 
102 28 54 79 
103 78 76 83 
104 25 67 47 
105 46 49 86 
106 95 83 49 
107 52 31 88 
108 91 88 67 
109 69 49 72 
110 30 62 86 
111 68 37 48 
112 77 28 67 
113 44 62 37 
114 61 66 97 
115 92 44 35 
116 78 66 98 
117 62 43 93 
118 67 42 83 
119 69 85 89 
120 75 46 41 
121 56 60 57 
122 70 27 96 
123 25 51 70 
124 75 55 78 
125 69 68 78 
126 77 100 43 
127 32 26 66 
128 84 75 50 
129 91 98 50 
130 68 64 71 
131 42 82 33 
132 81 64 52 
133 39 67 30 
134 43 52 52 
135 42 25 51 
136 65 45 71 
137 91 27 84 
138 30 71 47 
139 42 75 43 
140 88 70 44 
141 41 69 33 
142 72 62 41 
143 59 25 82 
144 99 53 40 
145 80 30 89 
146 85 33 98 
147 85 37 78 
148 82 31 90 
149 38 34 60 
150 66 26 44 
151 92 65 33 
152 82 96 39 
153 34 83 31 
154 73 28 94 
155 33 83 61 
156 63 52 72 
157 87 59 50 
158 33 39 48 
159 74 82 30 
160 40 28 52 
161 28 48 94 
162 61 61 99 
163 66 30 40 
164 26 44 95 
165 56 41 100 
166 52 76 75 
167 95 99 27 
168 73 61 55 
169 57 76 48 
170 67 95 88 
171 69 94 36 
172 43 76 95 
173 100 99 65 
174 31 26 69 
175 39 44 68 
176 67 44 89 
177 81 64 76 
178 67 60 49 
179 40 51 38 
180 93 49 54 
181 43 29 100 
182 86 62 58 
183 72 29 89 
184 86 77 70 
185 69 39 69 
186 30 100 38 
187 83 66 27 
188 84 60 76 
189 48 94 39 
190 39 94 38 
191 46 48 84 
192 26 100 58 
193 41 35 49 
194 85 85 74 
195 90 84 25 
196 38 88 59 
197 30 98 97 
198 54 61 99 
199 56 31 94 
200 68 62 79 
201 45 91 59 
202 32 94 30 
203 84 92 85 
204 63 77 59 
205 68 27 59 
206 43 74 69 
207 94 51 90 
208 72 30 97 
209 97 80 87 
210 65 25 99 
211 91 63 82 
212 87 97 38 
213 92 34 64 
214 51 81 81 
215 47 54 72 
216 78 26 53 
217 97 75 51 
218 74 53 37 
219 42 50 66 
220 51 98 97 
221 58 34 32 
222 49 55 94 
223 51 96 41 
224 61 53 100 
225 76 41 71 
226 98 87 53 
227 44 57 70 
228 45 88 30 
229 48 27 83 
230 77 36 44 
231 49 93 27 
232 96 90 76 
233 56 65 72 
234 91 70 61 
235 27 61 45 
236 41 49 55 
237 72 65 73 
238 53 30 62 
239 35 41 84 
240 58 73 89 
241 83 56 39 
242 71 86 45 
243 97 53 88 
244 93 29 90 
245 27 50 95 
246 100 90 48 
247 31 79 75 
248 54 91 77 
249 37 71 27 
250 78 56 33 
251 78 47 60 
252 90 80 36 
253 25 95 65 
254 71 69 66 
255 67 59 66 
256 29 29 39 
257 26 34 66 
258 80 76 58 
259 77 81 76 
260 28 31 71 
261 62 62 87 
262 79 97 37 
263 94 89 53 
264 52 38 74 
265 82 94 32 
266 80 72 48 
267 60 62 88 
268 87 71 99 
269 100 96 86 
270 80 75 26 
271 66 61 33 
272 52 66 87 
273 72 92 65 
274 91 36 59 
275 64 39 44 
276 25 99 62 
277 36 94 55 
278 48 51 52 
279 52 72 66 
280 30 68 92 
281 61 70 84 
282 29 71 60 
283 43 56 93 
284 67 50 72 
285 89 85 94 
286 78 26 80 
287 73 47 64 
288 67 32 61 
289 42 46 78 
290 46 79 90 
291 29 90 94 
292 73 61 62 
293 70 65 76 
294 83 65 52 
295 28 86 32 
296 31 67 45 
297 62 98 98 
298 98 39 49 
299 38 44 46 
300 45 36 42 
301 56 75 46 
302 82 80 99 
303 49 83 68 
304 56 41 75 
305 38 68 47 
306 95 74 49 
307 57 61 65 
308 77 93 50 
309 60 86 31 
310 93 100 87 
311 49 96 98 
312 28 25 25 
313 59 63 33 
314 77 39 25 
315 35 99 46 
316 38 53 75 
317 52 80 27 
318 72 52 74 
319 33 51 46 
320 93 70 72 
321 44 82 60 
322 95 49 40 
323 60 100 77 
324 70 75 93 
325 91 25 63 
326 45 59 92 
327 26 77 32 
328 47 86 72 
329 84 65 43 
330 47 41 31 
331 73 58 75 
332 57 83 47 
333 85 29 59 
334 90 87 94 
335 79 42 39 
336 84 60 31 
337 40 54 30 
338 92 59 73 
339 42 56 57 
340 31 90 95 
341 68 31 98 
342 69 64 99 
343 88 100 31 
344 88 55 36 
345 90 76 87 
346 33 65 76 
347 30 56 25 
348 76 97 72 
349 76 27 84 
350 29 96 93 
351 40 38 97 
352 85 31 35 
353 100 34 34 
354 44 72 70 
355 46 30 51 
356 86 76 83 
357 96 69 84 
358 78 88 37 
359 92 61 47 
360 53 67 39 
361 51 42 45 
362 100 79 71 
363 63 40 81 
364 60 61 26 
365 31 30 58 
366 50 48 85 
367 30 72 44 
368 73 35 63 
369 69 41 47 
370 58 25 67 
371 28 96 66 
372 40 70 85 
373 65 44 94 
374 41 77 58 
375 87 89 80 
376 55 82 43 
377 56 31 31 
378 86 71 74 
379 49 85 53 
380 27 64 58 
381 94 43 48 
382 62 64 33 
383 62 62 63 
384 77 39 50 
385 72 85 98 
386 74 88 89 
387 75 47 61 
388 90 43 96 
389 88 72 53 
390 25 62 60 
391 96 61 45 
392 84 72 76 
393 74 86 99 
394 93 100 50 
395 90 86 48 
396 28 91 74 
397 63 57 64 
398 79 99 90 
399 38 48 83 
400 58 95 69 
401 38 66 80 
402 32 37 70 
403 77 54 67 
404 68 33 74 
405 59 33 55 
406 37 72 32 
407 62 94 35 
408 91 51 70 
409 47 39 97 
410 62 35 44 
411 66 40 37 
412 48 91 94 
413 69 70 72 
414 46 81 82 
415 92 56 32 
416 69 30 46 
417 31 65 48 
418 33 30 55 
419 53 77 45 
420 54 78 44 
421 84 85 71 
422 66 68 53 
423 39 28 68 
424 96 66 61 
425 38 30 81 
426 62 45 86 
427 66 91 33 
428 61 74 59 
429 83 54 92 
430 93 27 67 
431 76 84 91 
432 99 44 76 
433 48 31 61 
434 74 70 98 
435 55 28 36 
436 35 40 91 
437 48 69 84 
438 36 88 71 
439 78 33 67 
440 92 70 95 
441 59 69 93 
442 35 54 52 
443 39 49 76 
444 36 69 67 
445 54 38 68 
446 27 77 99 
447 93 90 31 
448 43 52 96 
449 84 65 81 
450 57 44 70 
451 89 68 39 
452 100 87 56 
453 84 77 96 
454 30 76 57 
455 91 50 99 
456 74 39 31 
457 79 97 30 
458 96 46 55 
459 57 59 70 
460 53 58 70 
461 87 35 97 
462 47 53 61 
463 33 40 64 
464 54 38 80 
465 64 63 51 
466 37 37 75 
467 35 63 47 
468 33 82 41 
469 87 40 65 
470 33 28 27 
471 66 64 94 
472 66 76 97 
473 54 50 48 
474 43 52 77 
475 58 40 39 
476 26 75 74 
477 69 78 42 
478 39 69 54 
479 77 54 73 
480 58 37 91 
481 30 80 60 
482 45 27 60 
483 58 63 34 
484 43 41 94 
485 55 75 50 
486 93 90 28 
487 36 53 49 
488 44 62 75 
489 83 50 57 
490 86 59 77 
491 33 32 53 
492 68 86 77 
493 59 68 37 
494 42 86 55 
495 35 46 43 
496 51 95 46 
497 38 60 94 
498 33 53 64 
499 52 68 64 
500 38 70 87 
501 54 40 27 
502 93 40 51 
503 77 56 71 
504 41 73 72 
505 58 29 72 
506 28 79 99 
507 38 57 66 
508 89 89 38 
509 74 86 49 
510 78 27 67 
511 83 55 84 
512 53 85 77 
513 97 57 76 
514 33 89 37 
515 64 40 65 
516 95 50 97 
517 81 57 94 
518 57 96 47 
519 90 35 53 
520 32 81 37 
521 31 67 49 
522 28 50 95 
523 91 37 92 
524 43 49 48 
525 88 62 78 
526 34 100 91 
527 59 55 66 
528 93 27 26 
529 79 25 77 
530 73 30 69 
531 80 98 74 
532 62 95 58 
533 94 70 76 
534 39 55 86 
535 86 63 37 
536 85 39 84 
537 26 81 66 
538 56 54 87 
539 83 95 72 
540 95 67 88 
541 86 99 62 
542 76 77 76 
543 81 91 96 
544 72 75 55 
545 74 91 48 
546 68 82 76 
547 100 50 32 
548 33 70 43 
549 100 94 86 
550 79 82 51 
551 66 60 55 
552 62 75 92 
553 93 56 86 
554 71 42 44 
555 48 81 75 
556 62 97 97 
557 72 44 59 
558 53 67 69 
559 50 66 54 
560 35 64 64 
561 78 39 59 
562 40 66 51 
563 99 36 54 
564 73 69 99 
565 64 95 96 
566 56 67 96 
567 49 80 97 
568 80 49 98 
569 62 59 100 
570 56 41 89 
571 60 96 87 
572 64 38 68 
573 88 55 98 
574 43 88 75 
575 70 55 67 
576 29 45 51 
577 30 78 66 
578 53 34 46 
579 64 98 87 
580 93 69 79 
581 85 30 35 
582 51 65 62 
583 26 88 82 
584 74 39 94 
585 64 89 31 
586 74 45 57 
587 95 77 35 
588 35 54 79 
589 63 28 79 
590 89 95 49 
591 56 81 86 
592 59 47 35 
593 28 47 65 
594 84 56 41 
595 59 95 83 
596 57 55 33 
597 49 49 72 
598 91 87 100 
599 39 76 25 
600 70 69 56 
601 33 32 58 
602 43 69 56 
603 64 74 57 
604 68 40 96 
605 40 67 76 
606 58 44 48 
607 50 59 80 
608 90 84 69 
609 54 76 41 
610 42 95 62 
611 30 79 55 
612 52 99 37 
613 27 34 75 
614 31 31 97 
615 81 71 59 
616 92 32 25 
617 52 54 51 
618 35 66 34 
619 49 82 100 
620 43 26 46 
621 67 68 37 
622 44 99 44 
623 90 31 50 
624 53 92 45 
625 58 56 30 
626 41 62 53 
627 36 54 45 
628 94 71 29 
629 90 63 80 
630 38 49 60 
631 78 46 74 
632 40 49 62 
633 97 77 40 
634 98 40 61 
635 94 27 98 
636 87 72 70 
637 97 92 28 
638 29 78 71 
639 48 39 77 
640 31 31 33 
641 51 28 71 
642 88 52 45 
643 60 65 47 
644 59 35 69 
645 64 77 45 
646 96 63 32 
647 50 76 76 
648 88 90 78 
649 65 55 36 
650 65 71 59 
651 46 92 35 
652 69 59 48 
653 58 35 75 
654 47 64 100 
655 56 59 51 
656 27 87 39 
657 85 50 64 
658 61 84 83 
659 37 47 52 
660 60 48 49 
661 58 35 91 
662 45 78 27 
663 27 36 54 
664 71 58 43 
665 90 36 67 
666 76 52 79 
667 39 61 37 
668 89 26 64 
669 77 69 34 
670 82 66 83 
671 41 48 29 
672 68 32 69 
673 87 74 47 
674 33 81 89 
675 38 75 34 
676 87 69 94 
677 75 67 79 
678 52 28 42 
679 44 98 70 
680 85 34 47 
681 54 92 70 
682 57 71 27 
683 25 78 99 
684 99 73 85 
685 54 87 98 
686 37 28 73 
687 31 63 43 
688 64 65 65 
689 56 91 27 
690 28 27 39 
691 89 83 66 
692 80 34 98 
693 91 96 91 
694 97 55 87 
695 44 86 73 
696 52 87 33 
697 52 37 87 
698 91 68 73 
699 74 92 98 
700 26 41 96 
701 65 60 31 
702 39 37 99 
703 31 38 75 
704 26 50 33 
705 96 44 85 
706 63 98 25 
707 90 69 89 
708 36 94 64 
709 62 73 90 
710 41 52 77 
711 96 35 84 
712 57 53 62 
713 52 54 34 
714 93 61 44 
715 98 36 44 
716 46 81 78 
717 54 60 36 
718 73 39 40 
719 68 48 29 
720 91 51 99 
721 62 26 80 
722 29 84 30 
723 70 69 56 
724 81 100 89 
725 39 75 68 
726 50 96 76 
727 55 32 43 
728 74 45 90 
729 36 29 84 
730 81 38 35 
731 51 88 34 
732 66 84 27 
733 87 94 65 
734 37 25 40 
735 85 79 66 
736 51 53 33 
737 78 81 74 
738 97 62 32 
739 51 40 95 
740 39 37 44 
741 30 74 67 
742 65 70 83 
743 36 84 48 
744 82 54 66 
745 53 90 94 
746 63 83 89 
747 56 35 73 
748 34 98 29 
749 93 96 75 
750 46 48 65 
751 73 58 87 
752 82 77 93 
753 27 70 81 
754 26 98 64 
755 46 50 97 
756 98 71 26 
757 85 25 26 
758 49 33 84 
759 67 30 36 
760 25 60 85 
761 82 52 45 
762 31 45 83 
763 63 59 97 
764 84 88 80 
765 25 34 99 
766 31 75 53 
767 51 39 31 
768 68 52 67 
769 88 48 49 
770 71 36 78 
771 82 80 71 
772 91 25 76 
773 66 69 83 
774 77 67 25 
775 86 73 41 
776 59 87 61 
777 37 76 81 
778 62 94 61 
779 93 36 44 
780 57 59 66 
781 36 29 76 
782 83 53 32 
783 45 75 78 
784 38 36 63 
785 81 72 39 
786 62 37 78 
787 67 37 77 
788 90 54 98 
789 35 93 57 
790 57 74 87 
791 73 41 43 
792 60 61 84 
793 32 55 45 
794 46 61 69 
795 50 48 33 
796 62 95 94 
797 96 84 80 
798 88 77 60 
799 56 33 53 
800 30 92 95 
