3
1000 1000 
1 498 298 790
2 627 557 572
3 729 442 449
4 768 507 437
5 576 344 222
6 736 659 203
7 258 473 791
8 715 589 429
9 305 453 504
10 447 343 514
11 438 203 371
12 728 308 576
13 498 413 654
14 390 302 706
15 229 678 424
16 657 640 264
17 703 261 519
18 622 391 751
19 480 615 629
20 452 317 565
21 330 654 500
22 624 342 477
23 297 701 600
24 594 529 681
25 765 572 408
26 266 785 693
27 790 603 510
28 280 487 266
29 700 580 654
30 769 417 582
31 602 532 448
32 496 286 683
33 530 575 465
34 230 262 250
35 738 687 399
36 336 330 580
37 220 358 703
38 424 735 219
39 765 593 524
40 222 599 787
41 291 596 451
42 715 387 713
43 493 661 769
44 485 749 299
45 547 296 214
46 379 559 248
47 287 485 632
48 569 476 214
49 504 727 414
50 258 732 557
51 725 445 651
52 368 225 643
53 405 738 575
54 753 397 296
55 644 697 628
56 504 459 609
57 383 422 714
58 313 538 483
59 348 629 478
60 780 587 586
61 652 287 350
62 468 695 233
63 758 416 278
64 509 234 774
65 538 228 314
66 604 251 781
67 665 517 771
68 713 617 295
69 678 713 438
70 287 535 656
71 509 632 537
72 568 565 668
73 797 203 381
74 254 590 407
75 525 472 240
76 451 759 726
77 505 323 662
78 797 455 325
79 667 552 491
80 656 290 323
81 353 672 441
82 294 260 219
83 781 546 254
84 536 310 701
85 386 392 798
86 235 441 770
87 208 662 284
88 306 546 529
89 252 514 633
90 566 553 572
91 239 344 334
92 200 751 742
93 583 618 451
94 668 268 655
95 331 765 409
96 483 595 243
97 390 703 551
98 732 451 475
99 498 329 391
100 500 300 438
101 632 559 288
102 267 335 502
103 509 774 388
104 507 417 273
105 281 223 684
106 373 427 779
107 512 708 212
108 272 790 445
109 488 510 435
110 264 425 432
111 453 403 238
112 628 327 375
113 276 350 674
114 440 321 259
115 279 200 714
116 501 314 266
117 544 728 274
118 550 717 429
119 253 235 612
120 242 387 411
121 728 642 298
122 634 322 447
123 708 616 269
124 388 603 503
125 286 382 593
126 699 562 283
127 294 479 630
128 209 645 638
129 490 472 731
130 550 379 623
131 436 370 741
132 574 678 679
133 232 223 590
134 513 612 744
135 744 262 688
136 541 474 609
137 327 326 739
138 385 563 633
139 526 346 524
140 377 383 733
141 277 383 774
142 354 567 679
143 239 541 784
144 234 304 635
145 311 497 430
146 728 730 734
147 659 757 622
148 585 347 202
149 429 286 756
150 326 627 565
151 566 384 220
152 731 674 552
153 348 639 520
154 716 525 711
155 489 760 546
156 698 306 553
157 372 680 293
158 314 299 779
159 389 766 607
160 313 608 393
161 772 213 754
162 294 556 509
163 276 433 296
164 338 743 225
165 392 328 732
166 383 250 217
167 462 642 280
168 651 275 368
169 416 489 464
170 560 493 678
171 306 733 332
172 204 724 379
173 238 467 372
174 608 395 517
175 794 576 754
176 297 629 400
177 405 776 522
178 725 713 280
179 265 495 796
180 403 489 376
181 278 741 461
182 305 503 391
183 498 441 544
184 685 539 632
185 403 468 754
186 363 740 385
187 364 349 440
188 694 445 588
189 377 435 414
190 546 320 678
191 652 451 412
192 497 251 368
193 271 263 466
194 345 249 633
195 337 430 642
196 675 415 564
197 794 551 400
198 602 412 713
199 278 312 206
200 362 694 392
201 282 568 487
202 695 675 337
203 228 460 297
204 247 798 397
205 585 303 382
206 331 599 382
207 592 408 778
208 701 445 473
209 262 211 768
210 611 642 558
211 279 505 698
212 258 661 497
213 663 549 610
214 410 245 775
215 753 325 235
216 607 704 679
217 208 788 675
218 416 414 438
219 485 347 239
220 300 760 514
221 500 595 503
222 324 790 798
223 319 586 741
224 778 220 416
225 444 496 365
226 220 457 600
227 200 279 486
228 705 480 559
229 705 300 565
230 464 232 273
231 440 780 578
232 779 701 589
233 231 462 253
234 558 215 650
235 757 534 377
236 540 313 585
237 353 636 620
238 754 249 327
239 458 666 222
240 523 738 732
241 531 525 291
242 435 531 372
243 353 691 303
244 612 562 476
245 449 471 488
246 281 451 338
247 688 691 518
248 326 217 740
249 604 395 255
250 392 719 704
251 536 625 396
252 315 329 499
253 241 616 663
254 728 534 242
255 351 252 685
256 783 492 731
257 219 681 446
258 620 782 544
259 361 590 703
260 249 605 622
261 538 285 213
262 470 210 745
263 302 599 766
264 322 695 762
265 376 417 347
266 710 582 751
267 365 405 361
268 513 244 575
269 749 392 505
270 375 519 479
271 216 317 764
272 428 302 293
273 285 796 624
274 737 425 554
275 564 287 723
276 482 392 452
277 688 742 768
278 444 689 336
279 785 480 286
280 505 390 689
281 629 373 679
282 717 450 598
283 792 548 702
284 540 349 482
285 496 388 225
286 577 775 744
287 655 411 404
288 539 585 717
289 436 201 761
290 530 748 424
291 461 476 566
292 657 693 276
293 741 225 264
294 593 644 704
295 525 370 332
296 453 617 434
297 247 281 212
298 355 295 274
299 568 335 585
300 619 744 539
301 210 262 708
302 365 389 261
303 229 592 604
304 670 339 502
305 205 429 625
306 226 531 673
307 555 223 505
308 351 279 340
309 271 360 781
310 486 613 389
311 708 201 346
312 344 500 675
313 626 722 516
314 796 561 656
315 471 794 788
316 550 356 463
317 249 342 224
318 287 449 545
319 549 793 278
320 647 201 566
321 232 595 294
322 777 306 598
323 368 761 526
324 212 516 344
325 321 218 357
326 282 303 618
327 428 789 519
328 323 554 509
329 340 396 246
330 618 588 580
331 448 214 503
332 512 589 783
333 468 391 392
334 210 576 667
335 373 707 459
336 722 413 272
337 376 611 338
338 533 218 740
339 571 594 375
340 737 572 678
341 552 570 497
342 358 604 516
343 290 310 380
344 395 406 520
345 434 366 782
346 769 595 329
347 580 250 223
348 243 723 320
349 562 472 534
350 434 564 356
351 715 446 361
352 388 481 367
353 363 455 503
354 752 575 263
355 790 273 367
356 750 484 753
357 371 549 276
358 482 630 348
359 330 753 202
360 302 661 519
361 378 485 220
362 706 789 499
363 263 248 773
364 351 371 553
365 550 451 283
366 588 460 351
367 393 608 433
368 745 399 273
369 753 749 664
370 624 540 245
371 763 230 778
372 438 461 562
373 510 505 503
374 245 466 733
375 368 548 463
376 769 479 373
377 588 472 549
378 532 313 554
379 744 696 286
380 478 356 699
381 234 667 227
382 676 473 512
383 227 764 330
384 309 569 550
385 768 739 685
386 259 426 580
387 259 716 520
388 726 294 699
389 599 579 602
390 654 347 775
391 222 269 699
392 435 386 795
393 371 743 202
394 455 229 497
395 276 745 679
396 690 438 771
397 453 529 296
398 633 449 630
399 358 541 410
400 634 368 619
