3
1000 1000 
1 157 101 212
2 107 238 139
3 396 188 333
4 161 236 133
5 264 115 371
6 169 288 327
7 246 330 370
8 252 129 378
9 262 302 281
10 356 115 217
11 146 335 400
12 339 327 242
13 198 357 154
14 166 279 153
15 206 358 133
16 394 271 218
17 373 191 250
18 358 343 333
19 163 343 208
20 187 198 177
21 134 353 264
22 287 206 106
23 308 299 360
24 121 224 220
25 114 325 291
26 342 352 123
27 380 310 172
28 281 342 281
29 132 348 250
30 160 173 387
31 289 282 225
32 113 127 309
33 326 191 347
34 395 226 215
35 129 274 323
36 176 373 311
37 157 259 289
38 195 325 293
39 221 109 144
40 253 138 328
41 165 244 287
42 233 240 117
43 359 269 311
44 153 108 227
45 254 299 329
46 191 337 306
47 318 292 137
48 301 137 303
49 116 249 252
50 155 151 295
51 302 329 336
52 213 378 306
53 315 300 181
54 289 191 277
55 271 249 162
56 204 309 332
57 268 395 163
58 221 235 156
59 358 121 292
60 330 250 165
61 349 104 291
62 235 181 359
63 393 213 164
64 390 265 156
65 168 169 400
66 169 198 302
67 358 126 242
68 309 384 315
69 398 357 250
70 211 373 163
71 121 306 164
72 140 335 304
73 235 113 151
74 263 365 297
75 382 295 110
76 199 254 141
77 287 292 345
78 328 131 270
79 398 191 123
80 291 341 300
81 295 166 180
82 331 203 385
83 205 116 221
84 237 290 194
85 355 221 365
86 384 391 380
87 214 235 185
88 196 219 198
89 298 275 316
90 186 359 392
91 182 305 391
92 271 309 287
93 358 252 342
94 102 246 374
95 329 328 397
96 119 353 237
97 291 326 367
98 109 197 216
99 268 176 153
100 316 116 371
101 186 305 268
102 110 226 156
103 120 169 161
104 174 236 200
105 178 365 400
106 172 216 334
107 126 128 210
108 142 231 306
109 113 101 326
110 114 274 292
111 225 155 215
112 303 323 367
113 367 292 146
114 355 300 258
115 289 182 188
116 249 269 180
117 242 349 110
118 200 145 191
119 251 379 274
120 186 261 152
121 189 215 372
122 284 150 246
123 112 288 215
124 348 137 269
125 112 268 363
126 299 348 166
127 398 101 145
128 144 248 312
129 149 341 152
130 191 356 144
131 347 173 104
132 382 252 122
133 335 135 224
134 125 154 232
135 381 142 370
136 152 330 283
137 361 180 258
138 135 325 281
139 138 255 183
140 139 322 194
141 126 285 146
142 149 246 303
143 100 118 210
144 116 205 332
145 197 112 275
146 101 107 361
147 201 169 313
148 129 249 168
149 269 320 265
150 153 371 321
151 110 116 305
152 131 132 280
153 204 320 236
154 266 333 357
155 193 376 253
156 130 162 392
157 327 338 211
158 155 146 198
159 150 368 158
160 198 304 343
161 343 222 186
162 226 111 175
163 276 187 179
164 178 364 316
165 214 144 214
166 248 143 116
167 362 191 130
168 160 188 262
169 147 339 229
170 337 338 300
171 388 268 130
172 395 161 214
173 167 101 117
174 287 285 307
175 185 336 369
176 255 214 160
177 180 283 212
178 161 189 141
179 160 193 209
180 224 115 103
181 208 396 318
182 306 161 130
183 113 170 286
184 266 131 279
185 164 206 199
186 268 159 133
187 272 191 349
188 394 295 183
189 262 243 377
190 297 381 122
191 311 280 179
192 352 366 211
193 400 261 331
194 397 286 135
195 199 245 100
196 307 214 386
197 361 112 268
198 277 219 129
199 347 319 286
200 208 319 251
201 249 380 300
202 264 114 303
203 368 276 270
204 381 252 243
205 304 117 392
206 138 392 249
207 224 388 356
208 343 202 314
209 226 101 289
210 212 226 333
211 395 299 255
212 258 253 154
213 364 133 170
214 143 366 306
215 263 114 155
216 288 311 357
217 252 116 291
218 118 175 197
219 299 349 214
220 305 215 373
221 102 249 163
222 219 115 231
223 100 195 358
224 114 147 243
225 337 110 201
226 395 321 267
227 192 132 195
228 144 397 281
229 396 376 362
230 299 358 304
231 171 398 104
232 173 214 223
233 206 125 155
234 269 377 258
235 278 100 144
236 208 337 334
237 356 360 189
238 255 170 144
239 150 223 331
240 231 237 307
241 349 293 176
242 330 269 271
243 275 271 339
244 220 296 223
245 239 393 377
246 341 181 217
247 201 303 336
248 311 154 116
249 267 197 118
250 400 393 121
251 269 199 385
252 347 201 141
253 248 187 280
254 124 137 230
255 207 303 161
256 296 398 195
257 199 303 131
258 227 110 201
259 155 115 257
260 396 376 368
261 263 315 198
262 288 354 346
263 381 324 138
264 393 117 281
265 159 317 205
266 260 155 333
267 364 307 308
268 333 355 287
269 173 339 168
270 373 202 291
271 137 223 105
272 173 193 218
273 115 355 380
274 171 151 298
275 343 282 198
276 370 123 273
277 343 294 116
278 341 311 234
279 397 309 276
280 317 334 155
281 398 270 168
282 247 228 287
283 197 304 161
284 249 229 340
285 241 216 281
286 280 144 225
287 362 234 170
288 251 292 297
289 370 211 205
290 223 223 129
291 155 105 109
292 124 227 101
293 371 280 381
294 339 155 382
295 391 202 160
296 365 242 362
297 380 260 399
298 279 161 259
299 298 168 277
300 210 348 228
301 383 133 252
302 274 390 225
303 393 274 179
304 115 284 382
305 365 265 198
306 288 371 101
307 144 379 304
308 381 310 308
309 281 198 122
310 104 232 224
311 105 384 347
312 398 226 328
313 265 317 114
314 380 241 153
315 394 135 156
316 178 376 285
317 304 243 232
318 159 205 178
319 143 170 329
320 306 273 362
321 197 172 247
322 213 389 308
323 194 199 242
324 318 291 373
325 335 218 267
326 236 312 100
327 215 318 184
328 384 310 392
329 259 177 200
330 153 276 362
331 138 196 250
332 377 116 156
333 135 200 291
334 365 119 213
335 335 348 287
336 154 191 367
337 352 275 187
338 263 373 154
339 190 259 121
340 165 342 390
341 103 336 339
342 149 251 286
343 104 110 339
344 129 213 184
345 210 344 183
346 366 172 346
347 300 291 118
348 153 141 330
349 270 169 259
350 318 258 187
351 220 352 214
352 323 373 319
353 226 350 240
354 106 301 236
355 380 222 288
356 291 365 173
357 178 101 301
358 102 129 245
359 252 334 155
360 288 271 115
361 241 292 260
362 210 350 233
363 323 109 220
364 324 122 106
365 318 318 386
366 138 389 234
367 184 138 166
368 139 386 149
369 325 248 230
370 324 190 335
371 382 156 250
372 255 264 155
373 293 124 333
374 277 202 108
375 244 285 197
376 166 274 389
377 337 182 238
378 363 315 396
379 245 365 149
380 361 275 129
381 171 318 170
382 318 336 111
383 320 373 329
384 323 295 130
385 133 376 350
386 181 241 220
387 228 183 310
388 183 294 246
389 104 354 300
390 171 134 166
391 209 313 279
392 178 243 285
393 103 294 190
394 254 251 316
395 340 278 281
396 263 211 202
397 296 247 189
398 318 255 147
399 325 169 209
400 201 374 312
401 280 259 361
402 123 358 324
403 201 192 343
404 360 188 395
405 163 101 338
406 394 249 388
407 170 168 184
408 342 226 138
409 324 206 325
410 141 380 377
411 282 102 282
412 369 258 234
413 238 187 157
414 134 360 236
415 148 238 207
416 294 264 341
417 170 156 384
418 216 328 141
419 204 128 180
420 296 139 232
421 240 103 316
422 153 284 380
423 317 225 130
424 187 276 265
425 323 396 197
426 196 356 319
427 380 254 104
428 317 251 160
429 399 355 387
430 328 246 202
431 212 273 364
432 225 145 154
433 116 160 288
434 275 387 377
435 270 204 211
436 360 312 392
437 242 345 186
438 338 272 245
439 157 135 156
440 345 135 302
441 121 327 375
442 359 274 159
443 120 366 322
444 309 125 121
445 153 267 374
446 338 141 374
447 198 189 273
448 309 257 225
449 249 319 147
450 201 319 189
451 276 282 186
452 279 237 160
453 131 253 133
454 148 333 127
455 350 386 215
456 283 319 257
457 318 100 244
458 198 160 225
459 303 100 271
460 274 345 130
461 323 217 307
462 315 147 374
463 152 308 315
464 392 368 159
465 149 115 312
466 107 217 130
467 400 185 343
468 228 383 137
469 358 216 338
470 253 315 356
471 353 273 396
472 159 123 399
473 286 281 367
474 337 316 252
475 104 121 343
476 375 153 373
477 323 301 398
478 270 124 194
479 140 163 142
480 341 399 374
481 220 283 132
482 180 108 383
483 242 376 203
484 173 318 400
485 290 339 207
486 196 159 312
487 357 252 158
488 340 275 373
489 201 233 178
490 220 153 390
491 134 253 384
492 158 221 343
493 116 160 196
494 133 156 151
495 147 364 393
496 168 371 361
497 257 382 373
498 349 252 149
499 364 182 359
500 378 332 320
501 242 102 157
502 400 207 188
503 397 384 123
504 356 208 260
505 170 135 128
506 334 253 355
507 157 256 241
508 122 162 354
509 151 254 306
510 193 389 388
511 158 349 176
512 293 387 128
513 106 109 304
514 340 360 237
515 279 294 218
516 386 165 278
517 271 219 103
518 281 179 356
519 123 328 228
520 396 335 291
521 150 271 133
522 350 211 361
523 132 228 276
524 298 271 114
525 100 186 324
526 314 330 160
527 122 104 185
528 370 227 256
529 348 202 279
530 239 282 219
531 188 126 364
532 352 215 358
533 182 378 393
534 194 157 174
535 345 323 176
536 128 109 108
537 317 200 143
538 337 283 256
539 288 260 390
540 166 170 335
541 358 381 339
542 314 361 230
543 123 387 353
544 126 162 220
545 293 235 216
546 268 265 336
547 350 256 272
548 178 106 264
549 156 314 375
550 262 190 191
551 129 107 196
552 240 165 304
553 211 106 367
554 102 108 297
555 317 273 190
556 272 198 138
557 260 297 154
558 392 355 250
559 210 303 328
560 352 365 251
561 240 139 304
562 365 257 178
563 177 355 376
564 237 399 178
565 353 147 368
566 311 112 201
567 303 124 108
568 280 206 250
569 198 385 220
570 257 338 170
571 162 190 373
572 253 322 275
573 222 192 187
574 344 139 338
575 139 355 288
576 351 103 272
577 331 348 385
578 251 212 344
579 223 273 257
580 270 342 242
581 215 373 209
582 233 187 194
583 293 354 122
584 346 119 300
585 335 234 292
586 119 364 127
587 236 397 155
588 314 161 173
589 344 271 274
590 127 263 355
591 112 219 297
592 366 112 187
593 269 170 342
594 160 319 366
595 300 253 343
596 307 242 212
597 276 114 200
598 281 338 157
599 354 278 331
600 168 112 386
601 331 142 346
602 128 302 216
603 377 239 196
604 102 344 269
605 227 314 186
606 305 224 385
607 207 226 131
608 335 219 275
609 167 172 152
610 249 127 138
611 188 166 127
612 364 225 133
613 181 319 109
614 144 308 107
615 155 124 135
616 175 143 260
617 287 188 120
618 133 366 274
619 161 123 372
620 309 338 125
621 180 393 398
622 103 299 349
623 364 366 110
624 200 352 170
625 375 270 381
626 329 167 346
627 212 310 371
628 208 268 250
629 277 379 145
630 317 222 106
631 356 383 274
632 276 297 339
633 352 143 280
634 373 293 229
635 117 231 130
636 139 132 144
637 361 142 117
638 364 113 272
639 347 143 312
640 306 198 181
641 335 110 369
642 334 100 396
643 273 349 380
644 319 131 218
645 295 204 160
646 317 214 127
647 390 384 240
648 124 342 382
649 180 227 141
650 218 161 326
651 282 155 107
652 367 302 218
653 174 229 364
654 341 356 197
655 119 235 122
656 139 262 109
657 104 129 360
658 290 180 246
659 346 379 368
660 247 193 134
661 273 165 372
662 354 372 102
663 199 125 160
664 308 153 374
665 307 338 336
666 154 391 343
667 259 129 176
668 108 277 166
669 149 352 286
670 324 214 218
671 174 189 150
672 250 292 387
673 174 119 265
674 281 354 123
675 128 325 378
676 273 246 209
677 233 131 388
678 376 391 333
679 342 123 370
680 125 270 395
681 152 272 222
682 117 194 149
683 371 375 343
684 276 318 395
685 192 349 149
686 252 178 289
687 275 214 387
688 190 269 134
689 160 232 228
690 169 163 326
691 258 217 222
692 103 246 220
693 274 293 294
694 347 317 359
695 134 180 362
696 298 203 131
697 230 215 121
698 380 387 376
699 276 351 176
700 397 324 281
701 148 291 322
702 172 110 215
703 350 135 293
704 302 253 197
705 294 340 301
706 382 180 114
707 255 185 339
708 373 394 370
709 225 255 316
710 391 150 156
711 263 337 355
712 183 163 101
713 375 239 243
714 128 333 216
715 132 334 316
716 140 336 205
717 257 109 334
718 292 327 169
719 218 240 382
720 307 301 297
721 219 183 216
722 166 363 219
723 345 202 357
724 154 265 399
725 190 118 168
726 173 267 242
727 277 310 101
728 301 163 365
729 348 242 120
730 167 355 354
731 301 267 289
732 264 214 364
733 284 340 269
734 379 106 254
735 117 271 173
736 126 332 271
737 357 209 365
738 170 169 139
739 399 298 381
740 194 288 319
741 255 135 198
742 342 346 323
743 190 342 213
744 337 250 327
745 376 329 248
746 173 168 145
747 158 188 393
748 247 395 218
749 318 345 187
750 183 299 245
751 182 113 277
752 150 233 352
753 398 319 365
754 369 276 134
755 256 208 207
756 223 171 147
757 363 297 390
758 364 181 144
759 344 192 177
760 341 235 396
761 105 151 243
762 155 245 217
763 346 277 145
764 352 263 236
765 371 294 341
766 132 152 259
767 332 190 312
768 315 114 353
769 111 113 124
770 258 174 360
771 350 220 151
772 297 320 200
773 298 137 106
774 128 108 101
775 145 359 167
776 385 364 269
777 274 363 299
778 205 186 349
779 399 105 134
780 213 315 304
781 186 214 294
782 106 225 146
783 155 118 201
784 138 205 291
785 326 246 108
786 144 206 109
787 280 305 362
788 329 164 279
789 321 259 260
790 296 118 225
791 129 183 173
792 229 146 318
793 394 260 157
794 163 251 210
795 389 251 183
796 301 355 301
797 322 138 237
798 257 255 322
799 286 299 253
800 398 119 371
