3
1000 1000 
1 783 269 22
2 557 831 361
3 524 446 915
4 776 125 865
5 414 671 758
6 903 881 96
7 992 646 496
8 426 458 259
9 374 772 794
10 706 932 865
11 302 294 674
12 886 565 265
13 136 485 740
14 347 139 393
15 191 454 310
16 901 94 924
17 132 944 189
18 463 333 802
19 784 781 385
20 28 770 587
21 926 785 334
22 929 231 22
23 955 607 550
24 785 542 322
25 838 507 498
26 207 537 443
27 50 138 163
28 597 595 345
29 769 480 683
30 502 685 782
31 736 181 903
32 815 337 1
33 515 763 629
34 863 570 953
35 887 272 583
36 769 889 286
37 304 521 228
38 644 934 77
39 762 148 559
40 638 224 818
41 738 769 260
42 272 207 288
43 265 633 792
44 357 826 161
45 882 834 260
46 703 918 792
47 543 119 612
48 35 830 805
49 541 348 221
50 738 518 107
51 396 37 47
52 742 42 518
53 605 604 979
54 743 112 946
55 974 976 384
56 485 999 710
57 879 215 836
58 563 695 592
59 78 88 78
60 734 584 373
61 149 67 240
62 141 24 424
63 984 198 6
64 489 412 672
65 462 259 771
66 974 467 99
67 644 22 255
68 627 703 843
69 967 194 336
70 2 451 681
71 849 33 69
72 370 766 314
73 683 148 493
74 492 208 578
75 98 371 331
76 641 740 988
77 727 40 611
78 495 732 356
79 887 781 840
80 854 434 244
81 800 182 316
82 378 203 431
83 291 914 696
84 334 812 827
85 36 573 936
86 685 880 67
87 139 292 875
88 984 683 895
89 712 718 40
90 936 931 922
91 60 314 96
92 502 54 917
93 323 128 876
94 110 345 879
95 46 156 805
96 392 870 4
97 668 653 409
98 399 902 988
99 783 555 910
100 978 588 351
101 696 935 35
102 934 515 167
103 548 77 618
104 331 8 143
105 851 177 450
106 968 880 599
107 992 257 103
108 571 551 325
109 80 17 866
110 462 322 814
111 572 366 685
112 560 655 613
113 763 675 89
114 418 947 858
115 988 163 410
116 612 568 115
117 32 864 228
118 682 943 180
119 770 895 834
120 992 827 844
121 395 491 715
122 724 919 176
123 653 586 914
124 257 215 420
125 190 350 668
126 467 45 826
127 741 757 912
128 943 530 967
129 554 175 186
130 834 954 40
131 778 750 712
132 213 482 557
133 935 892 651
134 516 628 539
135 299 832 655
136 908 908 683
137 602 796 289
138 704 625 708
139 206 796 726
140 238 264 616
141 427 149 286
142 912 32 449
143 666 959 76
144 866 64 135
145 82 256 904
146 750 602 283
147 430 234 420
148 349 351 725
149 435 44 366
150 541 549 87
151 332 867 591
152 969 529 956
153 462 385 643
154 274 95 359
155 3 716 323
156 909 372 969
157 226 865 280
158 316 115 605
159 586 708 789
160 238 537 364
161 672 721 339
162 908 397 288
163 433 874 254
164 953 717 774
165 988 707 160
166 18 263 410
167 362 273 177
168 135 920 525
169 902 471 681
170 638 280 14
171 311 617 534
172 585 48 413
173 744 898 619
174 457 759 964
175 130 315 731
176 882 639 35
177 671 617 143
178 758 416 632
179 869 237 879
180 406 342 497
181 488 642 722
182 285 678 25
183 206 461 885
184 996 528 319
185 477 121 341
186 839 992 283
187 675 148 970
188 136 134 873
189 464 368 587
190 439 556 474
191 971 946 621
192 661 34 703
193 453 481 37
194 274 29 261
195 65 579 469
196 941 655 484
197 355 817 496
198 634 165 634
199 170 536 71
200 625 870 145
201 824 156 676
202 712 384 880
203 509 764 969
204 974 677 362
205 293 841 133
206 664 485 89
207 582 455 316
208 714 566 581
209 730 81 592
210 793 618 974
211 694 585 467
212 366 969 699
213 278 67 403
214 234 71 672
215 262 834 278
216 308 526 724
217 477 703 437
218 406 644 478
219 655 65 816
220 641 127 625
221 85 481 631
222 342 532 337
223 118 711 789
224 772 366 861
225 805 436 723
226 671 8 250
227 155 79 870
228 456 184 887
229 370 845 402
230 704 448 117
231 662 73 637
232 167 409 351
233 214 301 197
234 811 987 834
235 784 619 498
236 567 5 141
237 707 11 469
238 305 823 384
239 531 917 9
240 791 919 317
241 288 976 138
242 212 927 447
243 407 199 969
244 103 614 603
245 701 502 295
246 146 559 752
247 283 191 474
248 881 492 85
249 268 865 303
250 380 983 318
251 582 981 448
252 709 598 333
253 619 130 857
254 474 780 117
255 636 433 870
256 368 658 323
257 143 432 156
258 538 577 595
259 106 430 465
260 975 281 572
261 494 153 701
262 280 354 666
263 108 801 579
264 32 92 725
265 31 351 115
266 306 235 403
267 405 64 103
268 691 744 987
269 190 36 919
270 294 164 109
271 78 163 704
272 4 934 807
273 473 152 954
274 117 123 552
275 573 369 550
276 193 818 236
277 309 945 986
278 491 301 327
279 613 704 183
280 374 939 663
281 541 369 353
282 772 742 700
283 328 856 931
284 948 749 326
285 566 529 518
286 430 342 145
287 785 85 629
288 123 470 960
289 347 65 434
290 558 298 993
291 737 526 736
292 150 115 242
293 524 752 313
294 31 104 188
295 184 461 295
296 281 685 923
297 136 225 670
298 97 714 709
299 992 424 760
300 769 465 37
301 859 518 68
302 449 444 152
303 732 314 612
304 86 470 474
305 996 67 27
306 963 972 622
307 694 336 878
308 387 941 968
309 180 958 556
310 508 460 772
311 683 12 153
312 519 274 168
313 768 541 235
314 291 43 459
315 992 745 708
316 804 525 277
317 828 504 55
318 662 504 547
319 910 235 218
320 824 668 847
321 164 903 70
322 695 549 710
323 812 973 560
324 337 861 277
325 716 434 23
326 820 33 145
327 544 835 340
328 689 479 594
329 291 730 269
330 79 630 817
331 73 56 389
332 942 327 291
333 633 82 768
334 421 695 834
335 294 706 835
336 794 627 150
337 198 171 64
338 673 499 7
339 782 689 660
340 469 820 446
341 12 771 785
342 566 987 463
343 575 451 70
344 357 402 876
345 112 525 109
346 598 161 68
347 520 628 702
348 647 151 871
349 240 455 611
350 166 39 632
351 864 39 554
352 922 987 716
353 136 396 856
354 389 278 26
355 848 995 148
356 55 467 36
357 66 225 918
358 911 299 33
359 537 247 149
360 781 257 574
361 671 953 762
362 263 276 77
363 795 791 514
364 520 123 575
365 576 215 627
366 575 763 466
367 21 51 334
368 484 860 699
369 680 589 316
370 498 321 732
371 276 121 155
372 871 229 163
373 370 469 885
374 143 986 174
375 487 924 155
376 958 842 775
377 992 293 539
378 520 769 637
379 926 19 184
380 52 47 547
381 776 759 925
382 525 122 782
383 605 457 609
384 809 190 717
385 324 551 664
386 590 547 891
387 960 825 641
388 691 244 416
389 479 500 524
390 960 536 397
391 236 453 18
392 250 471 698
393 797 290 829
394 296 311 777
395 989 485 37
396 793 223 74
397 573 113 56
398 14 268 318
399 416 644 964
400 985 807 797
401 856 466 869
402 806 826 561
403 329 422 409
404 908 658 525
405 930 13 956
406 986 680 230
407 493 476 205
408 507 769 252
409 97 817 256
410 572 302 416
411 976 571 571
412 913 902 623
413 783 264 352
414 424 382 14
415 886 817 312
416 627 317 736
417 863 581 234
418 236 57 224
419 294 247 463
420 282 692 296
421 637 307 38
422 65 718 922
423 997 2 646
424 77 805 89
425 486 913 295
426 332 478 540
427 849 754 176
428 987 947 329
429 557 811 136
430 710 828 961
431 86 233 418
432 66 468 894
433 403 771 894
434 795 571 560
435 620 905 939
436 234 779 828
437 947 866 659
438 938 675 291
439 315 540 331
440 249 239 390
441 132 727 308
442 122 53 189
443 952 163 409
444 911 277 927
445 903 364 397
446 825 174 252
447 79 686 394
448 941 79 856
449 818 290 755
450 882 452 976
451 500 995 665
452 824 255 895
453 434 850 434
454 592 833 91
455 840 690 145
456 532 680 340
457 208 804 159
458 173 775 818
459 1 408 639
460 684 137 367
461 226 109 440
462 868 165 358
463 136 365 61
464 752 155 700
465 186 857 579
466 686 275 881
467 881 844 294
468 165 212 315
469 557 927 189
470 900 487 638
471 420 136 3
472 869 129 190
473 243 853 307
474 781 937 508
475 405 987 532
476 661 26 821
477 172 31 737
478 778 548 320
479 189 623 739
480 465 369 828
481 554 223 989
482 208 197 260
483 158 641 414
484 287 135 807
485 398 395 19
486 296 818 200
487 131 77 812
488 37 217 114
489 362 468 879
490 291 708 859
491 316 505 665
492 105 934 953
493 916 394 502
494 106 186 864
495 436 173 978
496 249 351 931
497 319 949 766
498 743 809 309
499 508 667 300
500 595 321 330
501 46 121 402
502 188 146 597
503 98 594 399
504 675 294 67
505 805 708 588
506 959 61 150
507 751 944 87
508 462 421 598
509 729 886 277
510 267 940 789
511 475 22 983
512 582 46 178
513 246 444 613
514 421 389 23
515 344 398 56
516 362 338 425
517 703 604 752
518 290 899 950
519 279 827 836
520 392 355 45
521 574 103 881
522 919 567 646
523 83 726 192
524 98 48 497
525 583 191 251
526 647 173 185
527 770 808 571
528 899 903 167
529 512 652 791
530 802 924 175
531 130 312 386
532 145 211 440
533 449 958 880
534 676 723 587
535 998 363 253
536 1 92 642
537 524 385 1
538 606 242 951
539 785 134 370
540 443 155 422
541 570 380 980
542 347 683 625
543 388 954 976
544 656 640 493
545 374 928 866
546 564 653 983
547 182 935 97
548 424 130 283
549 200 378 850
550 441 849 767
551 475 244 924
552 656 79 579
553 671 236 104
554 586 198 263
555 573 17 35
556 967 572 353
557 798 278 859
558 390 820 591
559 22 865 146
560 954 537 154
561 859 584 524
562 664 678 828
563 322 447 491
564 558 3 266
565 680 655 148
566 142 160 554
567 488 849 211
568 968 336 393
569 929 865 64
570 250 21 158
571 567 985 377
572 311 1000 229
573 591 327 275
574 805 134 600
575 645 726 903
576 289 527 76
577 978 258 626
578 79 740 504
579 497 209 646
580 80 288 268
581 949 182 789
582 826 739 339
583 644 743 175
584 461 471 605
585 965 94 585
586 769 174 455
587 798 701 649
588 290 271 994
589 478 768 546
590 765 620 667
591 421 297 773
592 781 442 887
593 459 855 646
594 320 444 804
595 208 153 32
596 907 608 46
597 246 709 495
598 303 901 38
599 656 356 116
600 571 851 511
601 368 285 543
602 97 489 104
603 128 512 763
604 759 366 919
605 477 145 854
606 613 406 463
607 883 488 115
608 276 773 739
609 452 502 538
610 121 297 53
611 388 881 620
612 279 947 639
613 400 381 876
614 801 35 79
615 544 102 162
616 838 738 967
617 922 442 222
618 554 23 522
619 655 464 525
620 295 454 55
621 99 481 582
622 378 321 142
623 492 663 239
624 668 186 290
625 990 853 825
626 693 896 417
627 935 934 473
628 573 123 846
629 789 827 524
630 787 22 294
631 228 847 443
632 230 225 516
633 299 760 431
634 951 127 359
635 649 44 485
636 66 462 440
637 982 310 859
638 621 570 894
639 795 702 365
640 624 259 804
641 408 784 735
642 480 806 943
643 519 948 889
644 689 977 789
645 585 372 792
646 441 905 568
647 431 928 912
648 945 373 246
649 325 391 367
650 942 279 727
651 961 50 934
652 669 943 287
653 36 375 432
654 750 204 602
655 343 313 3
656 696 348 897
657 262 363 499
658 510 855 756
659 268 570 534
660 81 82 561
661 204 163 376
662 263 280 677
663 530 111 561
664 702 606 129
665 6 49 144
666 125 796 665
667 556 874 56
668 894 885 324
669 833 609 12
670 931 83 909
671 652 362 683
672 606 324 525
673 627 15 156
674 64 529 442
675 23 977 787
676 707 149 1000
677 359 596 679
678 240 598 180
679 454 821 887
680 688 827 283
681 928 229 369
682 290 16 495
683 277 162 617
684 722 546 789
685 82 999 970
686 71 813 129
687 601 279 791
688 463 492 419
689 627 533 998
690 396 796 86
691 661 657 913
692 94 824 888
693 672 429 814
694 334 179 530
695 356 368 128
696 326 238 719
697 912 768 747
698 814 537 188
699 17 981 971
700 418 460 58
701 298 352 169
702 365 321 422
703 318 577 646
704 51 89 497
705 888 269 17
706 291 818 408
707 862 80 813
708 250 18 252
709 887 301 185
710 430 753 241
711 59 2 969
712 32 97 708
713 414 245 678
714 451 612 954
715 995 615 631
716 686 699 80
717 991 47 655
718 187 398 334
719 335 512 681
720 697 598 710
721 98 100 539
722 452 783 820
723 316 290 65
724 902 648 667
725 485 849 704
726 932 112 401
727 335 976 776
728 746 825 366
729 471 269 157
730 643 464 40
731 649 855 612
732 392 209 213
733 848 560 583
734 57 194 430
735 882 180 117
736 746 395 887
737 208 967 92
738 733 134 966
739 56 52 21
740 934 735 232
741 724 998 877
742 954 944 452
743 147 145 493
744 390 491 674
745 122 230 180
746 471 24 105
747 839 449 562
748 239 727 685
749 439 789 463
750 295 768 335
751 574 997 187
752 11 407 406
753 319 854 547
754 759 317 518
755 751 704 620
756 683 637 969
757 363 343 279
758 517 605 937
759 80 602 812
760 963 288 104
761 627 322 646
762 543 249 559
763 888 316 439
764 189 319 251
765 776 426 58
766 553 845 791
767 12 777 150
768 393 102 996
769 85 63 506
770 48 357 775
771 656 920 553
772 508 928 476
773 78 618 666
774 197 965 673
775 922 368 509
776 298 3 269
777 136 723 892
778 852 897 26
779 251 250 890
780 282 53 452
781 727 494 802
782 672 722 527
783 860 897 291
784 381 155 145
785 731 210 543
786 666 315 127
787 96 680 825
788 177 651 933
789 205 796 111
790 317 106 531
791 318 657 428
792 872 31 721
793 758 356 468
794 840 259 853
795 398 760 223
796 888 43 686
797 878 801 483
798 688 351 354
799 197 944 113
800 433 912 795
