3
1000 1000 
1 28 98 37
2 68 100 73
3 98 47 50
4 48 82 75
5 31 72 72
6 58 67 37
7 91 60 42
8 55 93 54
9 37 100 98
10 53 37 71
11 46 77 100
12 42 91 54
13 99 93 35
14 45 59 97
15 85 64 45
16 90 83 47
17 93 72 85
18 51 32 55
19 62 44 55
20 87 70 26
21 38 97 72
22 44 39 94
23 81 99 66
24 78 66 88
25 90 90 73
26 52 76 73
27 72 89 45
28 95 31 26
29 88 84 62
30 95 56 78
31 36 34 95
32 27 70 30
33 33 77 64
34 95 83 88
35 38 45 67
36 54 81 38
37 76 67 30
38 53 55 66
39 26 32 97
40 46 66 47
41 96 45 62
42 47 58 78
43 88 63 35
44 83 49 53
45 44 78 70
46 45 27 84
47 60 55 80
48 41 79 81
49 83 95 96
50 54 72 98
51 87 79 75
52 47 84 93
53 62 55 84
54 68 44 82
55 73 60 76
56 71 99 88
57 95 51 72
58 43 73 59
59 44 74 54
60 42 34 53
61 37 81 71
62 84 46 42
63 84 76 86
64 30 88 94
65 71 68 35
66 77 96 81
67 34 31 32
68 32 71 50
69 31 89 91
70 90 94 29
71 65 95 36
72 70 100 78
73 26 84 95
74 40 47 94
75 61 72 47
76 72 61 46
77 74 69 45
78 69 85 38
79 54 60 34
80 49 49 57
81 64 37 37
82 88 96 85
83 47 57 26
84 36 69 71
85 28 81 84
86 97 73 52
87 69 76 43
88 85 58 63
89 65 97 99
90 86 69 92
91 80 71 36
92 83 90 65
93 64 86 86
94 62 59 53
95 25 98 31
96 82 90 32
97 25 69 37
98 60 66 86
99 65 40 43
100 80 66 95
101 80 77 94
102 37 32 99
103 49 82 66
104 60 93 89
105 99 67 77
106 39 41 48
107 46 86 91
108 85 72 69
109 89 61 100
110 63 87 48
111 44 73 46
112 92 91 29
113 45 32 57
114 27 68 70
115 96 98 40
116 46 68 94
117 60 37 94
118 36 50 66
119 42 62 91
120 48 88 50
121 44 73 37
122 73 74 52
123 52 100 71
124 76 92 94
125 68 58 57
126 99 65 80
127 48 45 64
128 85 30 83
129 68 98 43
130 50 58 53
131 85 80 100
132 72 69 36
133 58 74 54
134 50 95 96
135 38 75 82
136 49 99 37
137 32 73 67
138 53 84 81
139 62 31 94
140 89 74 66
141 42 91 59
142 25 85 99
143 26 35 87
144 28 66 62
145 35 27 63
146 50 87 56
147 96 31 82
148 46 100 61
149 66 82 93
150 30 75 28
151 41 55 79
152 35 56 99
153 100 70 84
154 28 89 37
155 69 45 78
156 75 34 51
157 80 49 58
158 49 90 99
159 63 26 61
160 56 59 25
161 80 99 61
162 75 91 35
163 100 99 38
164 41 39 68
165 79 58 43
166 59 77 56
167 97 98 48
168 49 97 59
169 70 85 86
170 65 26 90
171 62 97 66
172 86 51 89
173 59 73 68
174 37 74 96
175 88 34 47
176 63 27 38
177 30 26 62
178 78 99 26
179 79 45 84
180 90 96 64
181 30 25 100
182 71 76 44
183 69 72 73
184 61 95 82
185 58 25 60
186 61 60 97
187 64 81 88
188 54 98 97
189 70 25 79
190 40 49 63
191 45 37 75
192 71 57 44
193 29 82 89
194 93 65 97
195 63 81 75
196 52 47 27
197 53 56 57
198 60 67 85
199 50 91 30
200 66 30 25
201 60 31 93
202 51 34 56
203 82 35 94
204 71 99 45
205 78 26 35
206 92 72 65
207 57 94 29
208 44 73 49
209 27 71 89
210 26 73 41
211 76 38 42
212 26 74 74
213 87 80 41
214 82 85 28
215 37 65 31
216 89 91 84
217 36 91 83
218 30 81 40
219 59 61 26
220 77 91 65
221 63 63 75
222 74 81 38
223 85 97 52
224 33 83 48
225 96 25 36
226 33 79 31
227 76 98 36
228 32 72 28
229 30 64 38
230 38 84 89
231 99 58 50
232 97 79 98
233 25 49 67
234 98 65 78
235 39 27 78
236 47 46 49
237 71 94 76
238 50 78 26
239 58 96 83
240 41 61 60
241 28 26 69
242 77 89 84
243 94 97 78
244 88 71 61
245 28 81 25
246 51 83 98
247 43 41 90
248 85 50 92
249 85 54 65
250 82 46 68
251 94 75 92
252 60 32 86
253 62 34 83
254 71 42 60
255 90 94 79
256 76 55 94
257 60 67 56
258 60 94 61
259 68 94 68
260 32 66 75
261 62 67 100
262 42 56 87
263 42 27 42
264 59 41 27
265 46 62 74
266 29 78 57
267 53 75 97
268 95 36 64
269 32 42 88
270 31 64 26
271 72 73 43
272 99 43 79
273 40 45 77
274 87 62 62
275 75 97 47
276 52 40 82
277 37 35 84
278 89 80 62
279 97 45 80
280 55 26 66
281 32 96 45
282 60 92 40
283 76 37 82
284 32 49 46
285 90 38 87
286 100 81 98
287 79 77 89
288 87 37 96
289 74 30 86
290 38 44 91
291 37 95 90
292 83 32 55
293 28 64 79
294 85 72 55
295 92 45 64
296 93 84 34
297 78 73 51
298 41 95 36
299 100 99 50
300 39 39 89
301 69 96 25
302 57 89 98
303 46 88 51
304 45 30 96
305 63 55 92
306 64 48 29
307 37 41 30
308 83 97 36
309 84 36 78
310 59 77 26
311 93 55 51
312 77 64 63
313 36 40 36
314 98 87 92
315 57 32 73
316 40 65 100
317 97 31 91
318 68 82 93
319 76 50 42
320 72 41 45
321 60 100 76
322 90 78 63
323 61 58 43
324 27 37 86
325 45 34 47
326 41 30 53
327 76 76 88
328 86 75 41
329 43 49 85
330 86 90 79
331 50 88 93
332 56 54 99
333 42 56 34
334 37 95 72
335 83 38 36
336 51 69 38
337 61 25 36
338 46 42 74
339 84 78 87
340 87 53 85
341 54 70 83
342 42 74 93
343 34 39 43
344 50 54 67
345 73 60 59
346 31 96 92
347 62 93 72
348 27 57 66
349 37 50 66
350 29 60 56
351 31 66 74
352 69 80 96
353 25 52 62
354 30 32 55
355 66 45 77
356 84 62 27
357 49 39 69
358 100 92 82
359 34 44 100
360 72 97 56
361 97 99 53
362 32 77 40
363 77 42 59
364 87 37 77
365 58 60 79
366 29 90 77
367 69 30 25
368 94 37 55
369 97 73 35
370 41 40 55
371 55 33 96
372 73 74 91
373 91 42 31
374 74 34 92
375 90 26 77
376 25 72 74
377 79 82 70
378 87 74 88
379 57 81 58
380 85 92 95
381 71 99 73
382 55 79 85
383 87 43 55
384 57 52 95
385 89 58 51
386 41 47 64
387 97 75 84
388 97 88 35
389 78 25 90
390 83 79 55
391 37 92 70
392 69 63 61
393 32 54 48
394 44 27 100
395 91 47 62
396 93 80 78
397 45 84 46
398 40 89 37
399 43 74 44
400 97 67 87
