3
40 40 40  
1 1 4 25 
2 6 32 7 
3 35 14 5 
4 27 21 26 
5 25 19 18 
6 20 10 14 
7 28 17 17 
8 3 22 13 
9 32 32 21 
10 9 25 22 
11 13 19 15 
12 14 3 14 
13 28 30 24 
14 7 17 22 
15 9 6 3 
16 30 33 9 
17 31 13 17 
18 22 16 26 
19 14 27 23 
20 3 7 22 
21 32 1 16 
22 27 33 34 
23 23 16 23 
24 17 20 27 
25 17 7 1 
26 5 27 4 
27 13 16 27 
28 21 26 2 
29 7 29 28 
30 12 23 18 
31 3 10 11 
32 15 35 24 
33 1 8 11 
34 7 20 7 
35 24 14 34 
36 27 1 17 
37 7 23 28 
38 15 26 8 
39 30 6 24 
40 28 28 7 
41 33 15 30 
42 9 32 35 
43 29 8 34 
44 15 25 34 
45 22 33 1 
46 20 29 32 
47 19 19 34 
48 25 23 29 
49 30 15 27 
50 3 4 19 
51 5 34 11 
52 30 2 30 
53 16 24 21 
54 4 10 21 
55 25 24 20 
56 10 27 19 
57 32 14 12 
58 26 21 23 
59 11 11 33 
60 12 29 23 
61 25 10 11 
62 25 20 28 
63 13 23 23 
64 27 17 22 
65 24 22 8 
66 27 32 14 
67 11 18 14 
68 22 4 25 
69 25 10 23 
70 35 34 19 
71 32 24 12 
72 24 1 18 
73 2 17 9 
74 12 23 7 
75 1 24 19 
76 7 16 27 
77 15 1 10 
78 26 7 19 
79 33 6 34 
80 11 12 16 
81 15 1 30 
82 24 25 23 
83 15 22 25 
84 18 9 28 
85 8 21 16 
86 35 1 32 
87 13 16 16 
88 11 22 21 
89 6 30 12 
90 10 13 10 
91 14 6 35 
92 2 6 3 
93 32 23 31 
94 1 23 13 
95 34 29 4 
96 8 12 31 
97 30 24 20 
98 33 7 17 
99 35 24 4 
100 21 25 8 
101 24 21 14 
102 10 5 12 
103 28 34 15 
104 4 1 16 
105 12 23 10 
106 16 19 2 
107 20 33 11 
108 13 13 28 
109 32 10 10 
110 27 20 7 
111 8 23 23 
112 30 28 17 
113 8 17 16 
114 33 15 3 
115 11 10 10 
116 20 13 18 
117 33 25 28 
118 10 24 17 
119 6 34 28 
120 29 33 25 
121 7 28 31 
122 33 24 26 
123 20 22 2 
124 26 8 10 
125 21 32 9 
126 3 22 23 
127 8 28 18 
128 25 12 33 
129 9 24 35 
130 3 26 11 
131 10 22 3 
132 2 26 31 
133 17 11 6 
134 19 21 35 
135 25 30 19 
136 18 18 31 
137 33 23 24 
138 27 13 5 
139 23 6 29 
140 26 26 27 
141 27 28 35 
142 7 29 26 
143 12 24 12 
144 21 2 31 
145 18 8 12 
146 31 21 32 
147 27 26 22 
148 31 28 5 
149 14 24 7 
150 7 6 1 
151 34 31 7 
152 35 1 24 
153 17 13 11 
154 2 3 16 
155 28 29 8 
156 29 28 13 
157 32 17 28 
158 25 12 35 
159 13 22 5 
160 30 11 10 
161 33 21 7 
162 30 10 14 
163 23 22 13 
164 14 17 24 
165 20 12 6 
166 14 26 9 
167 19 29 23 
168 2 18 32 
169 18 5 10 
170 29 18 25 
171 1 11 10 
172 4 19 15 
173 17 34 16 
174 13 22 5 
175 16 11 1 
176 22 19 22 
177 7 28 11 
178 12 5 1 
179 24 24 22 
180 31 31 4 
181 30 15 25 
182 22 8 8 
183 15 4 8 
184 5 31 23 
185 22 26 18 
186 3 28 33 
187 15 16 22 
188 14 7 9 
189 33 13 11 
190 22 18 20 
191 3 17 21 
192 32 33 1 
193 18 28 15 
194 27 20 9 
195 27 8 26 
196 31 25 24 
197 21 5 7 
198 22 11 8 
199 1 17 3 
200 22 27 5 
201 11 22 18 
202 34 9 8 
203 22 9 17 
204 26 3 28 
205 14 1 24 
206 35 28 33 
207 16 10 20 
208 23 3 22 
209 3 30 2 
210 3 7 6 
211 9 13 30 
212 3 6 6 
213 31 29 31 
214 24 16 10 
215 34 7 24 
216 27 10 23 
217 18 10 17 
218 29 10 8 
219 30 27 29 
220 10 33 19 
221 21 14 14 
222 26 27 20 
223 20 18 9 
224 14 18 27 
225 35 1 24 
226 21 16 1 
227 9 13 4 
228 16 11 16 
229 16 26 14 
230 23 15 12 
231 33 34 18 
232 3 16 28 
233 10 16 12 
234 17 9 5 
235 1 26 13 
236 2 31 35 
237 19 25 6 
238 18 8 31 
239 3 5 15 
240 7 19 13 
241 18 6 16 
242 2 12 25 
243 25 34 11 
244 21 5 10 
245 9 34 34 
246 35 17 9 
247 23 6 25 
248 32 14 24 
249 35 18 33 
250 32 20 3 
251 4 11 10 
252 30 24 24 
253 24 21 12 
254 1 16 2 
255 16 25 23 
256 34 18 22 
257 4 19 27 
258 3 3 35 
259 22 9 19 
260 9 21 33 
261 25 4 34 
262 6 2 26 
263 14 10 13 
264 14 26 6 
265 3 7 32 
266 21 30 26 
267 31 19 17 
268 8 26 27 
269 34 18 11 
270 7 5 25 
271 3 19 29 
272 34 8 7 
273 20 28 8 
274 12 34 23 
275 29 5 34 
276 10 4 2 
277 10 30 5 
278 5 13 14 
279 33 7 17 
280 9 35 27 
281 11 13 24 
282 12 34 27 
283 25 28 11 
284 33 29 29 
285 18 33 23 
286 19 22 17 
287 8 30 6 
288 33 9 33 
289 23 31 33 
290 4 22 9 
291 3 11 17 
292 20 8 7 
293 21 19 33 
294 17 4 26 
295 27 32 13 
296 30 32 21 
297 17 32 12 
298 26 24 4 
299 2 12 21 
300 11 11 14 
301 14 2 28 
302 29 26 11 
303 5 2 30 
304 27 28 16 
305 23 11 26 
306 9 6 31 
307 26 6 16 
308 7 10 22 
309 2 16 10 
310 7 5 7 
311 35 23 19 
312 6 33 5 
313 28 33 17 
314 34 34 29 
315 11 29 11 
316 6 22 6 
317 22 30 35 
318 20 23 34 
319 22 22 9 
320 30 7 21 
321 20 14 14 
322 33 32 29 
323 17 21 16 
324 22 17 8 
325 23 12 4 
326 9 22 3 
327 12 18 2 
328 20 10 10 
329 34 3 12 
330 18 14 1 
331 27 28 7 
332 18 20 25 
333 20 25 11 
334 2 25 12 
335 26 31 35 
336 32 1 17 
337 30 4 13 
338 3 25 3 
339 33 18 10 
340 20 25 21 
341 2 19 16 
342 24 7 6 
343 21 17 28 
344 23 12 10 
345 19 17 31 
346 20 6 17 
347 9 5 14 
348 31 4 34 
349 18 11 6 
350 24 25 33 
351 23 20 28 
352 35 9 34 
353 15 34 26 
354 3 4 7 
355 21 30 24 
356 9 23 6 
357 9 10 34 
358 25 33 7 
359 7 27 18 
360 17 10 2 
361 9 30 24 
362 13 31 33 
363 7 3 5 
364 31 26 2 
365 28 35 21 
366 9 11 27 
367 7 19 27 
368 8 28 27 
369 25 26 31 
370 12 13 22 
371 13 29 32 
372 1 27 25 
373 20 13 1 
374 2 4 33 
375 12 35 1 
376 7 16 21 
377 33 22 6 
378 13 34 4 
379 15 21 7 
380 11 6 9 
381 35 28 11 
382 28 17 6 
383 34 16 10 
384 17 14 34 
385 11 22 31 
386 6 28 8 
387 9 5 26 
388 30 21 27 
389 1 19 24 
390 17 25 15 
391 31 8 11 
392 10 1 1 
393 15 19 33 
394 22 33 2 
395 35 21 18 
396 25 17 22 
397 33 35 8 
398 1 35 19 
399 10 23 17 
400 35 30 34 
401 19 19 30 
402 8 22 4 
403 18 20 34 
404 14 8 35 
405 6 18 21 
406 34 17 19 
407 2 31 18 
408 9 4 12 
409 27 13 17 
410 32 18 20 
411 15 35 12 
412 13 20 30 
413 13 32 18 
414 35 13 10 
415 35 19 1 
416 6 17 24 
417 14 1 8 
418 10 27 3 
419 5 2 19 
420 34 30 2 
421 17 9 1 
422 15 32 11 
423 2 16 34 
424 34 1 1 
425 31 6 29 
426 29 6 9 
427 26 18 19 
428 6 13 14 
429 1 17 6 
430 26 35 12 
431 23 15 32 
432 5 17 15 
433 6 8 23 
434 12 20 21 
435 30 22 4 
436 32 25 25 
437 31 31 6 
438 16 3 21 
439 27 25 4 
440 21 34 34 
441 26 7 20 
442 29 20 9 
443 9 4 19 
444 27 31 12 
445 16 8 21 
446 17 13 11 
447 20 33 12 
448 28 4 20 
449 2 7 29 
450 29 18 35 
451 22 21 21 
452 33 22 34 
453 22 23 33 
454 29 6 5 
455 5 26 20 
456 31 11 10 
457 21 20 27 
458 34 35 14 
459 34 27 25 
460 10 28 3 
461 25 30 30 
462 1 5 3 
463 33 26 4 
464 17 11 33 
465 9 26 14 
466 11 20 35 
467 33 9 17 
468 12 28 18 
469 35 32 33 
470 18 4 19 
471 31 15 35 
472 2 34 19 
473 25 30 12 
474 3 27 20 
475 18 10 3 
476 19 1 7 
477 3 24 32 
478 3 21 15 
479 4 9 9 
480 10 2 4 
481 18 17 16 
482 30 29 2 
483 25 13 25 
484 28 28 6 
485 18 9 9 
486 27 17 26 
487 30 17 9 
488 5 4 17 
489 9 5 1 
490 6 13 13 
491 20 30 5 
492 21 20 23 
493 25 23 4 
494 32 15 17 
495 31 29 23 
496 4 11 13 
497 35 4 3 
498 10 12 4 
499 21 33 17 
500 31 22 30 
501 3 3 10 
502 35 11 25 
503 17 19 6 
504 28 12 18 
505 28 30 3 
506 3 16 5 
507 25 29 9 
508 8 10 12 
509 19 3 1 
510 5 28 4 
511 10 9 20 
512 29 26 11 
513 3 14 35 
514 15 18 10 
515 17 16 18 
516 24 21 7 
517 34 30 10 
518 4 11 23 
519 15 3 14 
520 35 30 26 
521 2 9 9 
522 2 21 21 
523 20 24 20 
524 6 6 29 
525 3 26 4 
526 7 17 1 
527 33 17 6 
528 35 8 6 
529 30 19 26 
530 2 29 3 
531 1 20 12 
532 19 35 18 
533 8 2 28 
534 3 30 22 
535 22 35 14 
536 33 9 12 
537 22 17 33 
538 25 10 24 
539 12 23 10 
540 32 15 11 
541 13 34 32 
542 26 6 25 
543 22 26 2 
544 23 3 1 
545 26 18 33 
546 27 7 29 
547 34 20 6 
548 26 9 4 
549 4 5 17 
550 35 19 30 
551 24 27 27 
552 8 11 22 
553 13 9 26 
554 20 10 19 
555 9 15 27 
556 19 4 32 
557 33 16 31 
558 10 35 5 
559 23 34 30 
560 31 10 1 
561 8 8 14 
562 30 11 7 
563 3 35 34 
564 6 31 15 
565 4 30 2 
566 19 23 11 
567 25 21 26 
568 28 25 6 
569 30 12 6 
570 24 25 17 
571 22 17 30 
572 15 10 24 
573 16 20 23 
574 34 12 20 
575 29 27 13 
576 29 1 18 
577 18 21 9 
578 7 30 2 
579 30 26 1 
580 22 23 20 
581 17 24 24 
582 25 11 30 
583 23 14 30 
584 9 33 16 
585 35 33 13 
586 8 31 23 
587 10 21 15 
588 8 17 1 
589 22 34 5 
590 34 15 16 
591 18 14 15 
592 27 17 24 
593 21 16 22 
594 18 12 13 
595 14 27 9 
596 4 24 3 
597 34 4 21 
598 24 10 20 
599 16 21 1 
600 33 23 7 
601 31 22 17 
602 14 5 28 
603 30 26 19 
604 19 17 28 
605 10 23 19 
606 23 9 24 
607 18 25 33 
608 8 15 29 
609 20 29 20 
610 21 15 27 
611 9 15 14 
612 5 23 15 
613 22 15 7 
614 31 26 21 
615 24 13 24 
616 32 7 19 
617 21 3 29 
618 14 17 29 
619 5 26 17 
620 7 6 21 
621 11 5 33 
622 5 21 2 
623 5 35 28 
624 11 5 7 
625 33 17 14 
626 2 3 15 
627 35 15 27 
628 28 9 19 
629 6 21 13 
630 29 33 28 
631 20 29 32 
632 16 1 17 
633 5 13 1 
634 26 8 9 
635 22 28 28 
636 12 15 18 
637 9 6 2 
638 1 2 27 
639 18 30 18 
640 16 15 5 
641 34 23 26 
642 35 19 35 
643 31 8 19 
644 21 5 6 
645 2 5 14 
646 30 4 27 
647 13 35 10 
648 25 14 6 
649 4 4 21 
650 11 5 11 
651 8 14 10 
652 11 16 32 
653 5 20 35 
654 18 11 34 
655 31 19 28 
656 30 3 15 
657 20 20 19 
658 34 24 17 
659 20 26 29 
660 35 26 17 
661 18 27 9 
662 22 16 29 
663 15 21 29 
664 16 35 31 
665 33 8 15 
666 9 24 13 
667 3 15 15 
668 21 4 3 
669 18 21 34 
670 32 3 23 
671 34 24 32 
672 28 6 33 
673 17 14 35 
674 12 14 7 
675 29 31 1 
676 16 5 26 
677 6 34 25 
678 33 34 5 
679 23 21 4 
680 16 13 3 
681 11 11 21 
682 25 4 3 
683 34 17 1 
684 32 3 32 
685 14 3 9 
686 25 14 20 
687 5 16 8 
688 13 12 22 
689 9 16 27 
690 5 32 28 
691 4 11 26 
692 18 24 29 
693 34 8 13 
694 15 11 15 
695 14 29 23 
696 31 19 11 
697 2 11 26 
698 22 14 1 
699 33 19 24 
700 19 27 29 
701 34 15 6 
702 27 13 19 
703 24 19 3 
704 5 5 22 
705 35 31 16 
706 21 25 10 
707 30 17 17 
708 27 34 35 
709 27 29 20 
710 8 2 25 
711 35 23 33 
712 14 2 35 
713 16 5 28 
714 6 27 34 
715 13 28 23 
716 34 5 30 
717 27 29 27 
718 3 12 24 
719 25 31 1 
720 21 28 24 
721 25 23 13 
722 3 9 29 
723 2 14 12 
724 19 21 12 
725 28 31 31 
726 25 17 18 
727 19 19 3 
728 19 23 14 
729 22 4 33 
730 32 22 28 
731 29 10 28 
732 7 17 5 
733 25 1 12 
734 26 33 25 
735 3 31 1 
736 20 14 25 
737 22 27 4 
738 5 13 11 
739 6 31 11 
740 1 17 30 
741 21 28 32 
742 18 6 21 
743 26 11 21 
744 27 28 24 
745 3 2 23 
746 23 21 14 
747 2 3 35 
748 2 22 15 
749 2 15 1 
750 6 31 17 
751 25 33 13 
752 6 1 23 
753 34 25 4 
754 33 34 17 
755 7 19 20 
756 3 12 26 
757 25 10 24 
758 27 3 21 
759 24 7 4 
760 9 25 22 
761 13 20 31 
762 22 14 1 
763 19 11 1 
764 9 31 20 
765 21 29 19 
766 34 28 1 
767 4 2 11 
768 3 22 3 
769 22 6 9 
770 30 6 9 
771 19 35 9 
772 7 26 21 
773 35 6 25 
774 15 4 23 
775 2 27 21 
776 31 10 5 
777 12 9 13 
778 28 26 10 
779 27 24 4 
780 7 6 3 
781 6 3 19 
782 11 5 17 
783 27 28 32 
784 9 12 29 
785 9 21 21 
786 29 4 2 
787 20 2 23 
788 31 7 21 
789 1 27 22 
790 3 5 16 
791 2 32 33 
792 9 5 30 
793 25 9 6 
794 31 19 26 
795 20 35 26 
796 13 6 9 
797 28 28 15 
798 24 13 21 
799 23 29 18 
800 28 6 18 
801 27 30 29 
802 15 10 14 
803 23 33 26 
804 26 19 16 
805 14 18 4 
806 27 6 8 
807 7 11 4 
808 6 29 17 
809 26 21 30 
810 7 15 29 
811 13 30 11 
812 13 32 34 
813 28 22 23 
814 23 23 9 
815 12 25 32 
816 31 15 29 
817 3 3 13 
818 11 13 34 
819 24 15 23 
820 23 18 6 
821 30 1 3 
822 29 30 33 
823 25 22 9 
824 21 21 34 
825 29 15 23 
826 3 33 21 
827 9 35 7 
828 5 33 1 
829 17 9 12 
830 21 21 11 
831 32 10 7 
832 16 5 20 
833 11 28 6 
834 23 26 35 
835 16 31 2 
836 2 14 20 
837 28 35 19 
838 5 22 18 
839 18 4 29 
840 22 11 8 
841 22 31 7 
842 31 9 35 
843 23 8 9 
844 30 9 12 
845 6 34 9 
846 20 20 5 
847 18 20 22 
848 18 32 34 
849 11 10 24 
850 23 27 23 
851 28 10 12 
852 17 21 3 
853 18 22 12 
854 23 17 35 
855 27 28 27 
856 28 30 14 
857 33 9 29 
858 26 14 13 
859 4 22 20 
860 9 19 15 
861 22 30 21 
862 32 17 22 
863 10 28 21 
864 28 33 30 
865 33 12 14 
866 12 34 30 
867 14 34 25 
868 34 14 33 
869 34 31 27 
870 18 11 2 
871 17 4 27 
872 7 6 6 
873 8 31 19 
874 9 10 24 
875 30 8 26 
876 9 16 4 
877 9 18 7 
878 21 34 19 
879 19 21 1 
880 27 29 28 
881 15 30 20 
882 12 31 3 
883 27 24 18 
884 22 1 27 
885 32 8 30 
886 23 26 1 
887 30 25 15 
888 31 29 22 
889 23 35 21 
890 19 35 22 
891 17 4 4 
892 11 32 11 
893 8 22 29 
894 5 2 26 
895 5 26 9 
896 15 11 32 
897 35 14 17 
898 9 28 25 
899 24 28 27 
900 9 29 27 
901 3 9 29 
902 8 23 23 
903 11 28 18 
904 13 13 9 
905 10 7 6 
906 21 1 27 
907 8 20 4 
908 3 9 32 
909 16 16 20 
910 29 2 14 
911 17 8 3 
912 26 28 28 
913 9 13 17 
914 18 22 24 
915 31 34 1 
916 32 2 14 
917 32 35 27 
918 21 26 28 
919 1 15 29 
920 28 19 23 
921 28 1 34 
922 26 15 6 
923 10 4 14 
924 25 25 14 
925 16 14 16 
926 24 8 12 
927 9 8 14 
928 33 10 22 
929 16 8 20 
930 4 17 18 
931 24 13 1 
932 6 33 27 
933 26 21 27 
934 29 1 29 
935 6 26 19 
936 32 17 7 
937 14 14 31 
938 4 4 22 
939 25 29 17 
940 27 13 35 
941 8 17 2 
942 1 8 26 
943 15 28 5 
944 13 18 19 
945 17 21 27 
946 26 27 15 
947 24 31 12 
948 18 18 23 
949 33 17 31 
950 26 30 21 
951 26 6 28 
952 9 17 1 
953 19 5 17 
954 24 19 23 
955 27 35 29 
956 13 30 18 
957 32 16 16 
958 27 7 10 
959 25 8 26 
960 30 25 6 
961 23 33 7 
962 4 8 10 
963 27 35 23 
964 7 11 17 
965 25 14 21 
966 7 33 1 
967 18 7 34 
968 18 12 15 
969 19 2 32 
970 25 1 29 
971 27 6 21 
972 34 15 9 
973 12 11 26 
974 30 23 9 
975 20 15 30 
976 15 20 17 
977 1 30 28 
978 6 2 30 
979 35 30 9 
980 21 1 10 
981 6 17 3 
982 32 17 9 
983 32 32 17 
984 22 10 21 
985 27 4 27 
986 34 30 12 
987 21 15 5 
988 23 17 31 
989 2 4 18 
990 26 16 10 
991 9 19 34 
992 24 15 3 
993 12 1 25 
994 34 28 30 
995 33 9 6 
996 2 13 28 
997 12 25 23 
998 1 9 18 
999 27 6 33 
1000 8 31 9 
