3
40 40 40  
1 8 16 33 
2 34 35 5 
3 28 16 5 
4 24 21 23 
5 5 3 22 
6 35 21 35 
7 5 1 1 
8 20 7 12 
9 17 21 20 
10 11 29 18 
11 30 22 22 
12 10 25 4 
13 13 18 29 
14 9 35 12 
15 15 20 24 
16 6 24 7 
17 34 5 23 
18 27 8 26 
19 12 12 12 
20 19 16 19 
21 19 4 9 
22 19 26 17 
23 5 21 11 
24 26 6 9 
25 28 24 35 
26 16 4 21 
27 8 24 3 
28 33 29 29 
29 13 29 16 
30 28 26 22 
31 15 22 16 
32 26 24 9 
33 7 26 12 
34 31 23 9 
35 1 32 32 
36 4 32 20 
37 1 17 2 
38 31 25 5 
39 12 7 6 
40 16 18 10 
41 19 4 33 
42 28 34 35 
43 17 29 33 
44 19 24 26 
45 8 31 29 
46 16 19 28 
47 4 1 25 
48 18 25 30 
49 31 7 29 
50 16 25 33 
51 27 9 31 
52 22 6 17 
53 7 13 17 
54 24 19 16 
55 21 7 16 
56 3 24 8 
57 8 3 1 
58 5 6 24 
59 9 29 9 
60 6 11 9 
61 20 9 34 
62 6 7 1 
63 21 4 19 
64 28 33 13 
65 9 27 1 
66 4 22 20 
67 8 32 24 
68 5 31 24 
69 17 14 10 
70 17 35 5 
71 22 29 27 
72 18 30 18 
73 17 6 22 
74 18 5 1 
75 27 11 18 
76 22 8 22 
77 15 17 32 
78 23 31 11 
79 4 10 2 
80 8 4 33 
81 8 35 32 
82 29 13 4 
83 14 4 25 
84 5 12 35 
85 18 20 11 
86 1 3 26 
87 13 24 9 
88 5 14 34 
89 3 33 10 
90 4 22 31 
91 17 15 25 
92 1 24 24 
93 34 25 14 
94 30 28 11 
95 25 8 26 
96 11 8 5 
97 15 23 14 
98 9 19 32 
99 35 22 18 
100 27 32 3 
101 24 24 30 
102 35 15 24 
103 13 22 6 
104 28 11 35 
105 8 20 3 
106 13 6 32 
107 34 21 6 
108 26 8 29 
109 13 4 17 
110 24 7 33 
111 14 11 4 
112 22 11 34 
113 24 7 11 
114 5 27 34 
115 26 34 15 
116 32 17 8 
117 16 2 4 
118 25 7 11 
119 6 34 20 
120 9 27 1 
121 6 28 28 
122 4 11 3 
123 7 12 28 
124 5 31 11 
125 8 22 9 
126 27 18 18 
127 32 31 29 
128 34 29 21 
129 24 32 19 
130 10 2 10 
131 1 12 6 
132 13 9 3 
133 32 12 21 
134 23 13 17 
135 22 2 2 
136 20 9 4 
137 34 34 6 
138 11 19 2 
139 35 10 19 
140 26 9 29 
141 16 4 22 
142 8 27 9 
143 23 15 13 
144 35 30 32 
145 14 7 27 
146 4 25 6 
147 11 34 24 
148 10 28 7 
149 22 21 4 
150 4 21 7 
151 20 26 27 
152 9 27 13 
153 3 6 12 
154 12 17 6 
155 9 16 18 
156 16 6 28 
157 29 29 14 
158 27 34 6 
159 6 7 26 
160 31 34 5 
161 10 32 24 
162 8 29 23 
163 20 4 14 
164 23 27 3 
165 6 24 7 
166 30 21 34 
167 18 24 13 
168 20 15 9 
169 21 33 14 
170 18 2 31 
171 22 30 32 
172 16 5 9 
173 7 32 35 
174 29 1 28 
175 26 1 21 
176 18 7 22 
177 15 7 12 
178 28 15 18 
179 13 26 16 
180 23 15 17 
181 24 5 24 
182 25 6 9 
183 22 17 10 
184 23 25 27 
185 22 35 22 
186 31 18 30 
187 9 14 17 
188 22 23 26 
189 16 30 5 
190 20 13 15 
191 6 3 16 
192 13 7 26 
193 12 16 32 
194 27 26 2 
195 8 14 35 
196 6 20 11 
197 29 14 3 
198 3 33 22 
199 31 2 30 
200 17 6 14 
201 27 33 33 
202 20 5 13 
203 17 26 5 
204 35 23 33 
205 33 8 28 
206 22 32 14 
207 9 22 15 
208 25 12 23 
209 7 9 4 
210 11 1 16 
211 10 14 17 
212 2 30 12 
213 18 5 8 
214 25 16 5 
215 27 28 7 
216 32 12 2 
217 22 6 32 
218 14 24 14 
219 3 13 23 
220 9 35 33 
221 26 16 24 
222 20 5 14 
223 3 11 27 
224 12 14 16 
225 6 29 7 
226 28 23 20 
227 32 28 12 
228 27 9 4 
229 17 3 35 
230 1 11 13 
231 17 26 27 
232 30 32 31 
233 31 2 4 
234 33 3 33 
235 9 28 31 
236 21 19 35 
237 21 26 14 
238 26 7 15 
239 1 23 24 
240 21 7 11 
241 15 33 1 
242 10 34 23 
243 5 33 9 
244 30 29 8 
245 28 31 33 
246 3 23 28 
247 10 13 6 
248 6 30 27 
249 9 29 7 
250 30 29 32 
251 28 20 4 
252 14 24 3 
253 14 4 32 
254 32 28 19 
255 10 29 12 
256 34 25 34 
257 8 10 18 
258 26 33 9 
259 35 3 10 
260 13 15 10 
261 13 23 13 
262 6 10 33 
263 32 34 28 
264 30 20 19 
265 17 25 31 
266 3 30 27 
267 34 26 4 
268 30 7 24 
269 19 21 12 
270 18 28 20 
271 33 1 5 
272 5 18 31 
273 25 21 23 
274 25 7 5 
275 30 18 29 
276 9 18 34 
277 10 8 12 
278 35 25 19 
279 24 14 33 
280 21 11 22 
281 33 26 26 
282 10 6 14 
283 8 11 1 
284 23 29 7 
285 8 5 2 
286 19 22 33 
287 9 24 35 
288 33 33 13 
289 25 9 6 
290 10 1 23 
291 22 13 3 
292 20 8 5 
293 11 27 9 
294 20 18 25 
295 27 29 20 
296 31 8 29 
297 6 1 4 
298 24 20 2 
299 2 7 29 
300 9 25 22 
301 25 7 6 
302 18 7 34 
303 23 3 14 
304 14 35 26 
305 34 4 31 
306 28 13 28 
307 18 22 27 
308 13 7 20 
309 3 28 29 
310 15 20 26 
311 26 32 31 
312 21 26 19 
313 19 16 26 
314 12 14 29 
315 20 11 17 
316 30 3 19 
317 29 5 17 
318 32 29 21 
319 13 6 21 
320 34 15 22 
321 5 17 14 
322 11 10 11 
323 17 33 6 
324 23 21 11 
325 15 18 5 
326 2 5 3 
327 4 9 27 
328 27 17 2 
329 32 35 35 
330 10 29 29 
331 12 14 12 
332 28 31 22 
333 29 24 22 
334 16 28 12 
335 2 33 30 
336 7 17 2 
337 17 29 24 
338 17 29 23 
339 1 7 6 
340 23 26 9 
341 16 6 17 
342 4 35 7 
343 1 23 7 
344 26 7 26 
345 17 7 1 
346 17 7 5 
347 23 17 29 
348 3 4 28 
349 14 24 15 
350 19 34 7 
351 34 21 16 
352 18 14 24 
353 21 9 28 
354 6 29 14 
355 15 15 35 
356 29 23 14 
357 34 35 11 
358 19 7 27 
359 21 3 22 
360 32 12 29 
361 25 11 34 
362 1 7 18 
363 24 21 35 
364 33 35 9 
365 13 26 17 
366 22 18 11 
367 12 3 11 
368 17 6 8 
369 26 2 1 
370 21 31 11 
371 3 1 21 
372 28 30 9 
373 14 25 27 
374 35 20 3 
375 7 31 31 
376 31 25 27 
377 10 4 17 
378 5 35 18 
379 23 10 15 
380 21 3 19 
381 13 35 9 
382 8 31 26 
383 6 3 23 
384 24 20 16 
385 22 12 9 
386 20 6 20 
387 9 11 21 
388 32 16 24 
389 13 25 1 
390 30 14 20 
391 5 30 16 
392 9 33 17 
393 23 5 24 
394 10 19 20 
395 17 9 21 
396 34 31 25 
397 35 6 5 
398 22 31 11 
399 11 19 34 
400 16 18 12 
