1000 
1000 1000 1000  
1 90 80 163 
2 119 148 53 
3 92 88 117 
4 135 77 182 
5 181 138 200 
6 115 173 147 
7 190 140 78 
8 189 120 152 
9 61 79 161 
10 135 163 146 
11 134 200 61 
12 197 149 128 
13 110 129 164 
14 139 200 173 
15 200 81 71 
16 95 73 106 
17 114 119 185 
18 65 92 84 
19 150 126 100 
20 117 124 175 
21 147 109 109 
22 183 77 66 
23 128 62 189 
24 199 160 82 
25 186 198 195 
26 117 178 191 
27 83 103 87 
28 83 165 139 
29 114 92 69 
30 187 193 182 
31 90 194 87 
32 159 189 88 
33 171 108 189 
34 53 156 158 
35 130 151 192 
36 147 59 166 
37 83 190 108 
38 76 147 186 
39 100 174 165 
40 85 96 64 
41 123 115 101 
42 145 194 51 
43 148 113 134 
44 75 147 70 
45 151 129 53 
46 199 196 87 
47 78 194 114 
48 57 180 108 
49 126 88 168 
50 122 111 117 
51 189 59 69 
52 137 95 130 
53 97 199 172 
54 136 165 110 
55 110 90 135 
56 133 105 112 
57 151 86 64 
58 74 96 134 
59 105 150 83 
60 139 164 178 
61 152 190 185 
62 136 143 80 
63 143 149 80 
64 54 197 193 
65 99 198 129 
66 82 182 157 
67 123 114 161 
68 143 58 115 
69 154 112 143 
70 152 194 100 
71 165 181 58 
72 170 105 161 
73 188 75 105 
74 143 154 110 
75 200 154 76 
76 70 126 144 
77 101 153 153 
78 196 181 90 
79 94 75 103 
80 76 160 122 
81 69 104 74 
82 82 78 137 
83 155 155 165 
84 194 105 103 
85 124 91 165 
86 187 140 76 
87 132 69 180 
88 115 179 199 
89 135 81 179 
90 157 169 53 
91 190 128 108 
92 68 106 159 
93 111 95 149 
94 86 91 122 
95 129 60 111 
96 173 163 190 
97 77 89 138 
98 162 182 162 
99 168 126 169 
100 135 163 56 
101 52 135 190 
102 160 169 89 
103 159 51 77 
104 85 91 160 
105 117 99 132 
106 113 65 118 
107 80 165 80 
108 165 79 79 
109 139 137 106 
110 190 187 109 
111 178 150 196 
112 136 101 112 
113 139 130 148 
114 200 90 160 
115 122 62 89 
116 194 68 73 
117 174 134 56 
118 143 105 179 
119 150 89 126 
120 119 147 199 
121 114 91 116 
122 170 103 157 
123 116 70 78 
124 117 144 124 
125 195 145 131 
126 164 139 51 
127 72 136 139 
128 133 175 65 
129 172 56 177 
130 120 166 51 
131 53 181 161 
132 196 187 91 
133 137 71 193 
134 141 185 161 
135 69 170 120 
136 162 184 167 
137 131 80 77 
138 147 110 123 
139 146 156 55 
140 195 68 197 
141 159 66 97 
142 71 123 53 
143 53 173 108 
144 110 183 145 
145 142 176 93 
146 119 120 127 
147 192 112 89 
148 50 162 61 
149 97 96 87 
150 182 193 70 
151 51 137 151 
152 174 145 128 
153 59 136 182 
154 136 65 133 
155 196 133 173 
156 196 176 83 
157 83 180 58 
158 124 79 105 
159 163 185 188 
160 185 167 184 
161 72 88 59 
162 195 159 78 
163 58 91 96 
164 185 171 115 
165 133 151 141 
166 178 80 148 
167 161 137 120 
168 143 119 80 
169 161 137 171 
170 110 142 161 
171 166 188 84 
172 59 139 151 
173 85 145 164 
174 95 65 161 
175 128 200 121 
176 167 76 96 
177 172 119 136 
178 160 73 74 
179 135 150 128 
180 137 112 167 
181 147 124 74 
182 95 182 144 
183 159 109 132 
184 131 167 168 
185 138 200 60 
186 116 99 74 
187 109 146 134 
188 154 89 175 
189 107 120 57 
190 164 95 111 
191 167 83 51 
192 58 198 130 
193 165 162 76 
194 147 53 186 
195 121 146 91 
196 189 80 107 
197 106 59 149 
198 85 135 180 
199 128 145 180 
200 69 109 100 
201 185 166 152 
202 174 114 65 
203 200 167 163 
204 65 78 68 
205 199 134 164 
206 61 72 186 
207 187 90 79 
208 194 162 106 
209 179 160 118 
210 149 60 191 
211 147 76 57 
212 61 93 162 
213 113 73 200 
214 57 150 136 
215 115 115 51 
216 120 181 168 
217 155 198 192 
218 93 152 65 
219 173 153 71 
220 167 80 147 
221 140 200 155 
222 103 164 66 
223 104 116 182 
224 73 106 118 
225 169 198 191 
226 99 154 134 
227 182 191 139 
228 197 115 79 
229 151 169 171 
230 157 198 116 
231 144 184 51 
232 153 181 137 
233 125 106 168 
234 180 121 192 
235 150 111 105 
236 55 114 117 
237 109 107 78 
238 147 167 130 
239 200 196 130 
240 181 50 79 
241 179 114 62 
242 128 140 164 
243 52 148 97 
244 159 164 135 
245 149 121 67 
246 163 133 82 
247 195 95 152 
248 121 163 134 
249 84 118 158 
250 133 169 124 
251 75 89 123 
252 110 57 127 
253 122 144 198 
254 177 119 60 
255 187 76 197 
256 84 117 52 
257 103 108 86 
258 197 187 118 
259 75 66 162 
260 169 151 142 
261 182 100 76 
262 114 99 94 
263 180 188 187 
264 86 120 51 
265 103 67 52 
266 189 69 102 
267 100 63 124 
268 188 159 126 
269 152 100 122 
270 118 67 80 
271 187 58 98 
272 186 170 50 
273 55 140 92 
274 145 78 99 
275 146 109 109 
276 146 187 104 
277 127 125 103 
278 142 55 160 
279 98 56 62 
280 120 90 152 
281 198 51 160 
282 133 196 68 
283 105 114 51 
284 101 66 159 
285 113 158 157 
286 92 95 130 
287 107 168 172 
288 121 93 82 
289 134 193 170 
290 95 180 89 
291 133 69 110 
292 113 146 55 
293 122 61 133 
294 83 71 167 
295 162 142 117 
296 146 50 114 
297 196 134 196 
298 111 192 108 
299 178 88 194 
300 74 170 172 
301 147 138 67 
302 171 136 126 
303 161 194 129 
304 93 183 145 
305 164 117 151 
306 98 194 152 
307 55 181 185 
308 80 114 140 
309 135 141 64 
310 127 77 133 
311 197 130 179 
312 190 153 159 
313 159 134 78 
314 127 137 79 
315 131 93 162 
316 194 65 136 
317 53 122 146 
318 98 185 168 
319 60 96 101 
320 95 195 186 
321 59 178 112 
322 59 120 77 
323 51 110 91 
324 102 108 174 
325 72 57 116 
326 58 114 198 
327 161 175 179 
328 99 125 162 
329 60 154 154 
330 196 138 167 
331 170 56 88 
332 170 194 107 
333 54 93 79 
334 86 141 164 
335 80 81 62 
336 178 154 101 
337 121 196 74 
338 54 105 106 
339 183 177 134 
340 70 159 190 
341 136 159 188 
342 100 148 144 
343 166 90 94 
344 159 187 103 
345 167 92 164 
346 127 140 197 
347 157 191 112 
348 187 71 132 
349 58 160 135 
350 119 103 50 
351 181 78 103 
352 68 93 142 
353 92 80 119 
354 97 162 129 
355 85 155 56 
356 58 130 127 
357 173 129 164 
358 145 175 108 
359 100 120 200 
360 170 142 159 
361 155 63 188 
362 97 180 139 
363 60 61 98 
364 170 198 113 
365 97 55 55 
366 63 80 151 
367 63 124 179 
368 95 55 131 
369 188 85 53 
370 126 154 121 
371 106 96 95 
372 90 85 87 
373 137 166 142 
374 83 178 196 
375 110 57 139 
376 108 90 91 
377 144 197 63 
378 182 114 69 
379 132 200 114 
380 60 79 148 
381 120 131 54 
382 173 163 85 
383 186 138 142 
384 157 139 52 
385 156 173 172 
386 99 145 148 
387 103 126 53 
388 142 195 66 
389 148 100 99 
390 200 167 163 
391 99 152 171 
392 119 191 180 
393 130 200 186 
394 62 188 139 
395 184 79 62 
396 118 81 177 
397 153 85 73 
398 131 102 138 
399 130 65 196 
400 91 139 70 
401 72 189 101 
402 192 156 65 
403 184 119 139 
404 196 91 117 
405 103 79 151 
406 141 58 137 
407 107 189 85 
408 112 146 176 
409 149 153 55 
410 187 89 143 
411 73 52 84 
412 143 72 74 
413 134 111 69 
414 158 165 132 
415 196 58 180 
416 97 85 71 
417 66 97 141 
418 146 142 135 
419 62 153 89 
420 165 116 185 
421 138 66 125 
422 182 172 184 
423 128 72 122 
424 133 188 147 
425 55 103 163 
426 106 169 160 
427 160 85 75 
428 102 197 165 
429 161 155 129 
430 168 85 86 
431 114 71 199 
432 136 61 86 
433 188 132 151 
434 158 145 104 
435 140 133 126 
436 56 70 180 
437 157 99 100 
438 131 131 108 
439 61 174 191 
440 90 109 133 
441 126 83 189 
442 162 77 56 
443 128 138 86 
444 140 168 112 
445 92 144 173 
446 152 93 200 
447 155 182 179 
448 167 130 127 
449 122 151 74 
450 126 198 139 
451 166 88 189 
452 183 165 75 
453 105 184 173 
454 163 137 96 
455 177 167 65 
456 165 79 135 
457 163 92 94 
458 73 102 197 
459 177 134 58 
460 126 70 158 
461 153 150 118 
462 166 178 71 
463 93 89 153 
464 141 133 144 
465 162 195 118 
466 64 120 104 
467 94 148 152 
468 169 131 76 
469 62 169 124 
470 139 182 147 
471 153 78 148 
472 88 91 81 
473 116 107 183 
474 178 127 116 
475 134 176 133 
476 58 115 70 
477 96 67 70 
478 71 153 179 
479 82 89 167 
480 189 92 169 
481 137 136 125 
482 140 171 169 
483 177 133 128 
484 64 136 61 
485 76 90 170 
486 193 129 102 
487 199 186 154 
488 73 94 187 
489 162 81 52 
490 63 151 89 
491 184 171 176 
492 191 100 188 
493 172 100 179 
494 100 166 116 
495 141 169 88 
496 151 195 126 
497 58 79 187 
498 159 172 111 
499 135 108 76 
500 187 141 193 
501 126 171 148 
502 118 96 93 
503 141 118 99 
504 157 70 131 
505 194 177 93 
506 167 106 180 
507 159 106 166 
508 146 107 127 
509 109 195 64 
510 76 71 57 
511 171 176 55 
512 168 112 70 
513 150 157 176 
514 61 94 199 
515 185 59 190 
516 137 84 67 
517 195 163 140 
518 156 85 117 
519 186 78 175 
520 191 148 185 
521 128 177 134 
522 137 133 153 
523 118 135 109 
524 188 89 76 
525 53 146 51 
526 137 191 177 
527 191 116 121 
528 196 162 193 
529 105 118 192 
530 50 148 99 
531 186 95 81 
532 179 148 63 
533 176 91 122 
534 78 91 151 
535 143 135 100 
536 120 153 191 
537 114 170 144 
538 99 115 81 
539 97 170 178 
540 119 161 171 
541 153 82 141 
542 165 106 120 
543 64 114 105 
544 55 140 157 
545 92 124 162 
546 51 163 193 
547 198 57 173 
548 167 200 159 
549 52 69 183 
550 141 170 138 
551 104 116 115 
552 71 117 165 
553 148 51 50 
554 65 82 144 
555 96 156 90 
556 74 105 72 
557 167 153 117 
558 164 54 157 
559 176 91 140 
560 137 128 200 
561 53 176 74 
562 131 141 170 
563 200 57 128 
564 67 150 87 
565 137 118 89 
566 156 182 97 
567 198 56 70 
568 65 129 162 
569 129 160 199 
570 100 103 124 
571 197 184 107 
572 116 124 166 
573 185 159 182 
574 66 64 77 
575 182 71 134 
576 138 180 138 
577 160 59 143 
578 197 85 65 
579 154 103 77 
580 143 57 153 
581 160 126 54 
582 59 179 144 
583 71 188 179 
584 142 127 73 
585 197 83 52 
586 115 180 178 
587 174 64 99 
588 142 101 119 
589 60 59 84 
590 88 104 154 
591 121 120 180 
592 62 98 113 
593 61 190 111 
594 99 177 61 
595 159 105 62 
596 129 124 167 
597 180 131 177 
598 189 172 112 
599 176 111 184 
600 102 88 85 
601 78 124 194 
602 109 57 158 
603 70 146 160 
604 108 116 139 
605 168 131 117 
606 181 66 60 
607 80 103 115 
608 131 78 84 
609 127 60 118 
610 50 164 111 
611 148 111 87 
612 96 75 180 
613 99 79 82 
614 184 132 132 
615 170 176 148 
616 194 121 108 
617 150 199 74 
618 155 120 134 
619 135 130 147 
620 150 158 129 
621 125 155 178 
622 148 183 67 
623 155 53 137 
624 101 59 180 
625 72 79 96 
626 104 170 69 
627 158 118 140 
628 105 75 160 
629 159 155 162 
630 160 199 96 
631 175 173 144 
632 79 101 172 
633 111 180 93 
634 95 171 63 
635 166 176 58 
636 64 108 114 
637 142 74 161 
638 136 115 199 
639 167 117 144 
640 134 182 63 
641 80 163 95 
642 154 79 160 
643 123 126 116 
644 150 185 154 
645 145 115 50 
646 136 128 189 
647 184 169 76 
648 165 52 134 
649 98 187 117 
650 175 130 169 
651 146 146 99 
652 137 176 97 
653 81 65 127 
654 78 79 158 
655 67 133 158 
656 174 168 72 
657 190 90 134 
658 70 137 70 
659 99 153 149 
660 90 195 136 
661 163 101 70 
662 114 67 197 
663 123 135 89 
664 92 192 94 
665 123 86 192 
666 111 114 170 
667 80 117 138 
668 179 175 61 
669 131 125 155 
670 81 51 54 
671 172 147 90 
672 102 66 105 
673 147 156 54 
674 193 108 114 
675 127 149 127 
676 138 93 149 
677 61 86 151 
678 70 143 83 
679 158 80 149 
680 138 51 94 
681 198 122 104 
682 68 156 145 
683 100 80 138 
684 67 192 102 
685 177 115 117 
686 99 146 109 
687 117 111 183 
688 79 156 121 
689 129 141 168 
690 128 87 145 
691 63 51 147 
692 70 77 192 
693 192 95 166 
694 75 51 67 
695 65 114 162 
696 97 78 113 
697 53 156 81 
698 107 181 184 
699 62 157 56 
700 109 71 148 
701 173 199 109 
702 149 144 107 
703 53 145 123 
704 63 152 107 
705 167 140 149 
706 84 81 82 
707 157 81 53 
708 187 72 70 
709 112 69 109 
710 181 75 142 
711 188 130 111 
712 159 57 191 
713 116 176 146 
714 107 189 53 
715 115 134 121 
716 102 111 188 
717 122 58 107 
718 50 85 178 
719 177 152 198 
720 51 131 158 
721 141 125 187 
722 85 102 58 
723 74 180 96 
724 56 118 72 
725 78 68 137 
726 119 103 153 
727 131 162 108 
728 98 128 180 
729 120 73 174 
730 185 74 58 
731 110 109 136 
732 195 158 161 
733 103 112 84 
734 128 163 127 
735 99 170 163 
736 188 172 62 
737 131 80 155 
738 116 123 170 
739 83 105 124 
740 58 183 143 
741 173 150 70 
742 159 73 51 
743 125 169 100 
744 114 132 134 
745 198 54 72 
746 113 70 173 
747 131 145 163 
748 122 184 92 
749 102 191 148 
750 119 106 173 
751 178 141 83 
752 85 189 73 
753 182 113 104 
754 99 94 60 
755 71 160 74 
756 196 107 56 
757 59 68 52 
758 52 191 195 
759 96 173 86 
760 157 80 81 
761 186 152 129 
762 67 191 144 
763 93 76 137 
764 80 134 87 
765 165 174 191 
766 51 192 186 
767 85 195 164 
768 168 166 55 
769 93 122 185 
770 193 190 62 
771 78 145 54 
772 151 123 55 
773 146 67 134 
774 159 179 56 
775 198 140 158 
776 95 174 69 
777 154 171 163 
778 164 114 147 
779 118 186 157 
780 62 190 145 
781 188 175 158 
782 71 128 157 
783 154 53 138 
784 80 86 88 
785 61 78 180 
786 53 199 122 
787 185 85 140 
788 58 172 63 
789 69 198 56 
790 156 136 87 
791 66 171 92 
792 65 87 123 
793 131 174 147 
794 83 193 121 
795 129 105 89 
796 193 85 63 
797 105 94 144 
798 106 113 185 
799 60 185 51 
800 157 187 87 
801 75 97 140 
802 194 108 73 
803 81 194 78 
804 138 139 54 
805 92 149 73 
806 100 109 182 
807 106 111 160 
808 133 122 96 
809 113 195 156 
810 110 125 134 
811 60 151 80 
812 149 109 130 
813 107 98 117 
814 71 89 89 
815 79 94 151 
816 166 86 131 
817 118 119 72 
818 185 139 100 
819 106 120 186 
820 149 126 183 
821 143 164 100 
822 52 182 97 
823 100 191 103 
824 83 182 64 
825 180 78 113 
826 135 66 80 
827 125 122 187 
828 97 104 83 
829 180 178 50 
830 149 70 195 
831 95 175 146 
832 122 169 82 
833 174 171 150 
834 94 193 70 
835 176 61 136 
836 126 184 176 
837 188 92 170 
838 124 158 165 
839 101 115 83 
840 143 188 82 
841 184 127 77 
842 180 195 137 
843 150 143 151 
844 98 100 168 
845 174 73 181 
846 121 131 112 
847 180 58 137 
848 97 72 134 
849 144 50 188 
850 171 73 139 
851 110 50 163 
852 187 59 123 
853 70 115 64 
854 94 174 129 
855 109 52 148 
856 141 159 58 
857 131 104 170 
858 155 98 198 
859 55 191 99 
860 151 124 182 
861 132 131 83 
862 72 174 125 
863 153 128 52 
864 142 183 96 
865 114 121 92 
866 61 96 142 
867 159 79 198 
868 171 139 141 
869 149 174 133 
870 95 70 120 
871 113 63 190 
872 181 85 75 
873 106 179 186 
874 139 90 105 
875 73 166 83 
876 163 94 124 
877 86 153 93 
878 148 89 60 
879 72 97 130 
880 109 92 57 
881 73 197 139 
882 66 170 177 
883 160 155 68 
884 152 199 150 
885 180 190 95 
886 121 134 82 
887 92 52 183 
888 64 182 136 
889 132 197 76 
890 173 109 177 
891 164 54 168 
892 99 116 85 
893 136 98 50 
894 168 155 138 
895 190 175 79 
896 53 132 133 
897 185 104 153 
898 90 140 52 
899 102 111 148 
900 85 154 83 
901 170 137 170 
902 107 79 72 
903 94 72 90 
904 128 125 89 
905 101 149 186 
906 53 67 110 
907 91 71 143 
908 154 183 170 
909 82 183 175 
910 116 72 112 
911 94 142 102 
912 61 178 84 
913 140 172 143 
914 192 93 186 
915 127 79 69 
916 83 183 72 
917 101 103 74 
918 191 107 92 
919 74 59 149 
920 96 81 66 
921 186 90 118 
922 91 115 78 
923 102 111 176 
924 70 123 192 
925 75 102 179 
926 138 150 66 
927 197 128 130 
928 51 152 50 
929 125 158 65 
930 54 122 131 
931 149 138 185 
932 115 110 71 
933 144 99 91 
934 184 179 136 
935 197 68 108 
936 102 88 192 
937 97 155 108 
938 165 194 99 
939 74 103 131 
940 194 84 65 
941 195 75 157 
942 108 200 161 
943 55 160 156 
944 90 58 154 
945 191 146 99 
946 90 61 116 
947 88 52 63 
948 172 171 168 
949 120 191 144 
950 164 198 147 
951 77 128 106 
952 107 87 74 
953 105 168 97 
954 96 189 137 
955 60 53 154 
956 123 110 116 
957 169 164 164 
958 83 53 132 
959 77 123 196 
960 53 133 102 
961 59 85 93 
962 50 141 60 
963 121 94 113 
964 147 86 177 
965 160 133 119 
966 102 124 85 
967 65 69 161 
968 161 141 50 
969 74 90 100 
970 140 119 173 
971 128 193 137 
972 104 154 178 
973 62 164 196 
974 109 177 105 
975 165 163 145 
976 180 122 155 
977 96 159 145 
978 59 170 187 
979 62 194 118 
980 117 55 163 
981 117 199 74 
982 113 158 184 
983 91 152 112 
984 87 68 151 
985 134 197 138 
986 112 120 186 
987 183 184 200 
988 152 170 88 
989 130 83 158 
990 67 200 147 
991 195 192 198 
992 79 135 151 
993 52 107 64 
994 142 116 75 
995 78 116 93 
996 175 56 194 
997 168 170 107 
998 154 173 151 
999 109 87 114 
1000 126 189 187 
