3
100 100 
1 33 10 22
2 39 26 35
3 20 18 21
4 46 10 23
5 41 4 10
6 13 21 44
7 24 23 26
8 38 1 9
9 20 11 8
10 1 6 38
11 23 31 49
12 26 47 24
13 38 16 18
14 24 1 8
15 20 27 36
16 37 17 36
17 39 30 24
18 28 15 43
19 29 23 32
20 17 46 46
21 46 1 44
22 42 24 35
23 13 14 35
24 35 1 49
25 32 41 19
26 10 26 35
27 24 31 49
28 32 7 8
29 3 35 47
30 3 12 13
31 16 38 47
32 38 11 17
33 29 21 17
34 23 44 11
35 46 18 17
36 24 11 24
37 3 30 19
38 7 49 21
39 14 1 13
40 19 28 9
41 40 34 43
42 45 7 48
43 28 23 50
44 38 42 29
45 1 34 48
46 16 9 24
47 49 6 15
48 5 2 9
49 9 32 42
50 18 15 5
51 18 12 38
52 23 2 18
53 36 15 2
54 34 10 19
55 47 36 12
56 9 43 14
57 25 16 3
58 4 44 46
59 41 26 34
60 5 39 11
61 17 10 23
62 16 37 29
63 21 33 27
64 19 41 6
65 42 45 27
66 42 40 21
67 21 37 13
68 50 12 9
69 20 20 42
70 41 8 1
71 48 20 31
72 44 29 19
73 31 9 42
74 43 24 7
75 38 26 5
76 28 25 48
77 29 27 5
78 47 4 22
79 42 48 25
80 46 22 5
81 35 18 18
82 16 41 46
83 21 11 15
84 1 38 20
85 27 2 21
86 8 10 8
87 50 15 46
88 42 25 31
89 46 32 4
90 27 43 40
91 42 33 20
92 33 20 43
93 20 9 37
94 50 18 11
95 21 3 39
96 22 36 46
97 30 9 32
98 13 45 25
99 9 24 39
100 32 30 32
101 22 30 37
102 4 50 19
103 25 35 27
104 36 36 16
105 47 13 16
106 20 38 25
107 30 35 43
108 5 45 30
109 4 33 33
110 25 10 45
111 47 6 13
112 3 39 15
113 20 11 19
114 33 20 20
115 11 11 24
116 7 20 27
117 48 2 32
118 8 44 47
119 41 42 17
120 26 24 43
121 38 5 7
122 38 37 27
123 47 28 38
124 11 17 2
125 42 42 40
126 25 15 30
127 5 18 11
128 38 17 50
129 43 28 19
130 26 48 3
131 20 50 5
132 36 1 40
133 12 1 2
134 12 37 34
135 41 48 31
136 18 41 46
137 44 6 16
138 3 19 41
139 10 21 44
140 4 21 7
141 47 32 16
142 3 25 49
143 44 12 35
144 8 14 41
145 18 31 45
146 26 19 22
147 8 23 49
148 5 4 26
149 22 21 46
150 21 40 46
151 9 18 31
152 11 37 6
153 36 38 44
154 29 11 15
155 46 7 24
156 6 44 46
157 10 40 43
158 36 17 12
159 24 34 35
160 34 37 20
161 19 10 9
162 24 31 41
163 39 1 34
164 45 32 46
165 1 41 36
166 17 7 31
167 41 14 25
168 34 4 1
169 17 21 8
170 37 41 18
171 24 49 7
172 24 16 20
173 10 9 18
174 19 6 30
175 21 7 3
176 19 20 21
177 2 26 15
178 28 22 21
179 28 37 28
180 28 46 25
181 6 32 29
182 17 6 25
183 15 37 37
184 44 30 23
185 23 8 24
186 12 41 31
187 29 40 20
188 25 46 6
189 6 44 20
190 1 22 5
191 14 46 38
192 33 39 40
193 25 20 48
194 7 30 33
195 11 6 10
196 37 40 8
197 19 5 19
198 28 35 32
199 37 46 12
200 14 12 38
201 26 6 41
202 3 1 7
203 32 4 1
204 25 47 20
205 2 21 42
206 26 45 39
207 42 43 25
208 22 21 47
209 5 9 12
210 11 16 46
211 28 45 50
212 39 38 24
213 15 32 27
214 39 27 44
215 38 44 19
216 46 12 42
217 48 33 33
218 9 18 25
219 37 44 19
220 11 2 26
221 14 49 17
222 8 44 35
223 4 50 40
224 45 38 47
225 11 15 40
226 32 1 1
227 7 45 5
228 25 46 50
229 21 41 24
230 5 32 45
231 24 5 17
232 35 40 16
233 4 50 13
234 3 29 41
235 8 37 26
236 22 44 1
237 6 39 17
238 17 17 44
239 15 49 47
240 25 31 31
241 26 6 39
242 1 1 15
243 22 28 46
244 48 1 9
245 25 33 19
246 7 47 17
247 22 8 29
248 44 32 44
249 36 11 25
250 25 9 1
251 5 41 34
252 29 15 33
253 12 27 21
254 33 4 20
255 5 40 50
256 2 6 48
257 31 47 8
258 24 48 46
259 27 33 30
260 45 15 28
261 27 12 9
262 30 22 19
263 48 15 36
264 29 49 49
265 25 36 26
266 8 1 10
267 15 22 43
268 13 27 9
269 41 1 30
270 14 5 24
271 7 40 8
272 19 26 29
273 43 23 27
274 4 2 46
275 42 40 33
276 46 27 28
277 10 12 42
278 9 43 4
279 30 45 38
280 39 14 21
281 42 29 36
282 21 29 6
283 4 37 16
284 27 13 17
285 9 41 4
286 4 45 42
287 7 50 29
288 3 5 12
289 36 45 24
290 47 19 1
291 48 25 40
292 15 46 25
293 16 47 34
294 5 16 25
295 30 34 50
296 34 24 13
297 16 47 19
298 47 45 19
299 20 17 36
300 8 26 7
301 17 42 11
302 15 45 3
303 44 45 37
304 19 6 50
305 47 9 46
306 41 46 22
307 19 45 24
308 33 13 20
309 33 38 46
310 7 39 45
311 44 47 31
312 44 9 24
313 3 14 41
314 4 20 14
315 34 37 28
316 26 47 19
317 44 6 20
318 34 46 50
319 49 3 31
320 18 14 50
321 19 43 44
322 4 34 23
323 25 27 14
324 42 43 7
325 16 2 6
326 35 17 33
327 37 14 28
328 29 29 37
329 46 48 12
330 2 7 4
331 12 12 19
332 3 2 43
333 47 7 25
334 36 6 14
335 42 12 9
336 10 31 14
337 42 42 27
338 5 24 33
339 28 48 22
340 42 5 45
341 23 25 38
342 11 10 6
343 1 41 10
344 24 23 21
345 15 4 3
346 44 45 20
347 11 8 32
348 8 45 8
349 17 49 29
350 7 2 16
351 40 35 12
352 45 12 8
353 28 3 44
354 12 49 14
355 48 47 23
356 5 34 23
357 14 47 21
358 1 37 21
359 17 27 6
360 5 41 24
361 39 46 19
362 50 5 11
363 46 45 19
364 9 16 2
365 27 29 7
366 22 15 34
367 43 15 9
368 2 33 48
369 42 46 2
370 5 41 30
371 3 34 13
372 5 35 38
373 43 31 7
374 8 22 39
375 27 39 8
376 28 12 26
377 43 21 38
378 5 7 10
379 11 47 12
380 43 46 35
381 37 17 39
382 26 24 38
383 47 24 2
384 49 12 22
385 1 48 5
386 21 4 36
387 21 12 41
388 1 31 2
389 41 42 40
390 44 29 41
391 11 19 48
392 26 49 8
393 9 20 12
394 32 28 9
395 2 38 9
396 21 30 38
397 19 6 17
398 2 25 23
399 19 2 23
400 48 7 30
