3
1000 1000 
1 120 68 145
2 197 158 130
3 173 111 180
4 110 151 94
5 177 164 196
6 113 182 78
7 87 126 84
8 169 88 51
9 188 65 190
10 197 93 77
11 136 162 55
12 113 184 100
13 64 171 195
14 200 157 55
15 131 111 170
16 104 94 162
17 139 55 141
18 87 62 91
19 128 125 167
20 135 58 143
21 125 122 91
22 102 170 122
23 120 61 50
24 120 54 99
25 122 198 87
26 102 185 79
27 94 125 71
28 60 54 192
29 109 98 132
30 122 101 80
31 53 154 64
32 134 57 98
33 115 101 80
34 103 85 164
35 185 200 163
36 92 187 92
37 188 126 81
38 136 153 186
39 60 165 141
40 57 69 151
41 107 169 172
42 53 105 50
43 104 196 179
44 91 133 150
45 189 81 198
46 64 99 129
47 200 135 122
48 95 182 129
49 137 173 148
50 61 116 174
51 82 177 74
52 77 121 147
53 167 84 98
54 98 93 124
55 106 163 114
56 90 98 64
57 186 83 141
58 166 186 171
59 176 176 151
60 148 176 168
61 90 113 141
62 153 84 191
63 93 130 112
64 198 93 141
65 141 191 153
66 164 94 145
67 175 67 83
68 168 89 153
69 166 65 151
70 140 62 145
71 186 176 181
72 70 105 74
73 185 124 123
74 52 161 131
75 81 156 97
76 116 100 102
77 101 51 68
78 110 136 121
79 113 57 75
80 66 136 99
81 94 75 189
82 118 165 76
83 166 75 101
84 166 157 78
85 81 124 63
86 161 89 58
87 111 106 120
88 52 60 199
89 118 162 72
90 123 84 113
91 112 62 179
92 192 105 153
93 152 97 180
94 177 94 99
95 131 156 145
96 60 184 165
97 184 143 97
98 163 163 160
99 152 143 84
100 96 133 116
101 150 150 111
102 90 130 176
103 161 182 170
104 116 59 92
105 154 65 148
106 63 57 96
107 96 161 166
108 62 140 172
109 149 108 128
110 118 190 121
111 193 165 144
112 60 51 60
113 125 105 180
114 60 101 110
115 57 162 149
116 110 116 159
117 67 136 104
118 59 88 181
119 181 174 157
120 97 167 92
121 115 168 200
122 128 89 101
123 110 106 106
124 90 193 148
125 166 125 156
126 148 71 97
127 132 175 121
128 187 105 195
129 129 197 189
130 131 154 109
131 188 50 97
132 75 171 195
133 194 80 161
134 100 141 171
135 73 154 58
136 159 176 108
137 159 195 183
138 85 132 60
139 86 194 114
140 105 125 94
141 50 166 181
142 94 193 82
143 173 62 174
144 90 97 100
145 62 75 188
146 62 54 193
147 138 78 67
148 119 96 148
149 149 123 150
150 159 112 118
151 159 107 177
152 87 153 137
153 141 66 78
154 138 186 178
155 143 152 67
156 82 186 118
157 111 95 128
158 124 141 99
159 90 175 200
160 129 133 111
161 189 97 94
162 79 51 80
163 77 60 110
164 167 170 113
165 121 149 105
166 99 157 192
167 113 141 102
168 191 102 66
169 193 68 82
170 139 58 134
171 94 160 132
172 50 180 113
173 171 90 59
174 131 61 198
175 189 62 64
176 171 72 70
177 79 122 87
178 103 94 186
179 128 65 158
180 144 71 169
181 130 66 88
182 69 100 154
183 176 187 168
184 70 140 134
185 133 129 186
186 66 130 114
187 128 146 78
188 52 99 116
189 98 102 157
190 56 87 57
191 188 193 149
192 154 52 105
193 195 194 198
194 88 194 114
195 96 178 160
196 150 176 158
197 79 186 128
198 172 98 62
199 126 98 81
200 194 98 140
201 71 66 125
202 69 139 80
203 102 79 158
204 126 127 116
205 120 199 92
206 114 104 136
207 192 96 142
208 139 131 129
209 198 84 53
210 185 110 52
211 178 129 114
212 119 176 142
213 195 67 144
214 87 200 51
215 89 64 60
216 135 102 57
217 137 187 159
218 144 130 194
219 138 54 177
220 53 118 63
221 116 144 156
222 52 152 75
223 123 200 143
224 163 96 154
225 200 121 155
226 191 187 132
227 174 176 176
228 82 81 72
229 110 58 99
230 83 70 131
231 156 121 50
232 157 94 104
233 132 99 198
234 182 199 183
235 66 87 157
236 53 183 127
237 140 165 82
238 68 109 66
239 101 142 52
240 86 149 164
241 107 142 71
242 107 194 171
243 102 191 181
244 120 134 99
245 107 89 198
246 109 106 92
247 75 61 197
248 87 78 196
249 83 78 71
250 66 53 136
251 69 106 78
252 196 60 53
253 163 151 128
254 73 111 127
255 62 160 87
256 172 191 84
257 67 178 169
258 152 115 114
259 90 101 86
260 113 131 115
261 178 110 121
262 114 133 115
263 121 50 139
264 81 85 124
265 144 120 194
266 95 78 123
267 155 67 172
268 88 174 147
269 82 115 145
270 197 196 56
271 170 77 137
272 59 178 153
273 76 125 101
274 160 74 178
275 110 102 93
276 74 195 143
277 94 174 138
278 105 106 76
279 174 105 185
280 128 108 74
281 95 57 91
282 105 76 75
283 171 100 185
284 183 155 178
285 126 51 144
286 91 197 96
287 122 75 83
288 175 74 119
289 127 117 89
290 192 193 124
291 161 86 86
292 185 128 70
293 80 61 149
294 127 93 82
295 104 184 100
296 65 60 144
297 65 131 181
298 114 193 173
299 194 81 80
300 169 165 124
301 122 152 92
302 188 143 97
303 197 183 72
304 142 59 140
305 82 56 116
306 92 64 146
307 103 142 105
308 99 76 94
309 196 165 149
310 140 154 56
311 72 139 82
312 186 110 165
313 66 122 177
314 126 191 133
315 55 144 164
316 149 104 86
317 165 193 66
318 146 59 102
319 171 184 141
320 174 126 162
321 125 184 93
322 170 65 194
323 157 170 131
324 67 56 77
325 186 200 179
326 136 106 97
327 161 188 158
328 172 77 176
329 131 136 157
330 117 73 75
331 123 182 181
332 151 71 65
333 147 57 183
334 196 126 142
335 142 127 130
336 52 94 149
337 157 100 55
338 58 91 148
339 70 67 105
340 113 60 78
341 84 152 187
342 155 102 165
343 178 56 129
344 128 120 99
345 164 103 112
346 134 173 109
347 136 106 75
348 138 108 102
349 144 73 148
350 198 185 161
351 56 139 86
352 168 155 90
353 165 191 144
354 77 176 169
355 133 97 92
356 108 115 56
357 200 63 170
358 80 62 157
359 138 67 135
360 122 154 181
361 127 61 94
362 161 126 67
363 72 68 131
364 96 122 73
365 184 161 200
366 70 103 151
367 66 140 82
368 113 136 138
369 96 87 114
370 115 172 181
371 184 86 117
372 163 61 101
373 172 52 78
374 145 79 170
375 61 85 184
376 157 134 104
377 95 56 188
378 137 101 181
379 52 126 70
380 123 82 200
381 108 90 118
382 140 62 146
383 94 168 180
384 146 129 139
385 151 78 92
386 186 132 71
387 170 178 89
388 71 115 100
389 169 184 71
390 177 165 75
391 75 180 51
392 81 63 107
393 99 68 73
394 146 176 196
395 113 98 156
396 154 86 80
397 161 152 108
398 97 87 52
399 59 73 81
400 51 183 143
401 138 109 144
402 106 86 166
403 143 148 100
404 144 74 170
405 173 74 197
406 124 51 177
407 136 104 120
408 81 200 59
409 57 80 192
410 109 69 64
411 114 180 65
412 124 70 163
413 57 107 196
414 81 69 81
415 187 189 125
416 116 124 87
417 103 173 148
418 109 184 130
419 175 164 161
420 139 107 82
421 190 91 175
422 99 50 57
423 147 83 81
424 108 93 177
425 160 142 181
426 81 192 117
427 151 71 106
428 136 132 52
429 197 145 102
430 143 57 100
431 95 81 189
432 174 141 119
433 144 197 164
434 100 77 113
435 183 115 152
436 195 138 133
437 129 81 119
438 93 142 144
439 135 50 95
440 119 86 52
441 63 189 87
442 94 158 120
443 184 169 76
444 142 96 143
445 137 176 164
446 110 145 107
447 172 63 129
448 104 70 182
449 65 83 108
450 131 134 77
451 184 105 74
452 169 82 53
453 164 152 129
454 112 158 118
455 101 100 101
456 105 108 106
457 147 64 193
458 85 93 162
459 161 74 90
460 58 61 129
461 68 166 54
462 74 104 91
463 72 80 69
464 173 109 143
465 130 133 105
466 108 190 169
467 165 58 68
468 131 175 83
469 124 72 187
470 120 132 161
471 117 148 128
472 114 169 53
473 81 124 63
474 177 192 200
475 176 193 122
476 150 197 197
477 55 192 122
478 137 130 86
479 61 187 194
480 65 158 95
481 53 110 112
482 142 84 128
483 129 176 190
484 53 107 176
485 182 164 200
486 86 54 74
487 179 114 153
488 149 137 84
489 98 102 153
490 160 73 64
491 89 169 126
492 125 194 102
493 142 114 83
494 182 70 83
495 56 126 190
496 103 84 81
497 103 183 168
498 60 133 109
499 57 50 177
500 90 115 189
501 103 117 182
502 145 139 171
503 57 117 80
504 120 190 94
505 105 78 55
506 75 95 109
507 65 78 69
508 77 161 143
509 200 162 68
510 197 175 126
511 175 130 76
512 112 89 71
513 70 65 75
514 114 152 159
515 186 186 118
516 133 181 68
517 91 79 129
518 80 181 84
519 124 85 91
520 181 165 71
521 193 173 153
522 103 190 111
523 162 95 106
524 160 111 116
525 146 155 55
526 61 55 106
527 89 55 91
528 74 52 133
529 92 195 141
530 164 83 101
531 199 168 158
532 104 184 63
533 97 111 107
534 176 185 106
535 120 106 131
536 148 196 117
537 154 146 140
538 87 63 192
539 191 110 134
540 136 163 117
541 188 122 152
542 108 122 132
543 97 128 122
544 129 191 77
545 159 59 108
546 177 165 89
547 105 176 199
548 106 96 126
549 95 79 184
550 124 150 137
551 129 168 175
552 137 149 55
553 143 152 141
554 57 187 98
555 184 186 168
556 92 161 79
557 86 54 176
558 180 65 67
559 171 114 126
560 149 51 168
561 126 52 111
562 154 117 145
563 183 88 196
564 107 79 134
565 128 141 123
566 86 148 155
567 123 109 172
568 179 116 149
569 58 148 70
570 133 133 91
571 77 124 164
572 180 138 137
573 184 127 91
574 174 128 68
575 92 113 105
576 149 121 81
577 157 183 191
578 108 155 70
579 108 197 195
580 93 139 176
581 73 187 128
582 170 174 187
583 182 63 185
584 135 78 135
585 132 173 150
586 111 120 154
587 173 72 195
588 140 57 123
589 92 65 187
590 164 54 80
591 115 100 74
592 106 145 185
593 184 115 147
594 171 94 173
595 144 81 92
596 81 135 134
597 182 62 139
598 61 178 110
599 175 89 53
600 159 55 55
601 72 130 153
602 136 93 70
603 140 189 112
604 82 142 141
605 86 76 140
606 173 73 68
607 71 112 119
608 93 179 129
609 133 96 85
610 184 158 112
611 112 181 189
612 98 53 55
613 123 146 114
614 171 175 109
615 113 192 146
616 184 186 105
617 193 104 182
618 146 175 89
619 100 142 75
620 72 198 114
621 86 54 167
622 196 108 102
623 195 57 100
624 82 195 149
625 166 81 118
626 66 55 91
627 82 152 147
628 112 65 137
629 134 136 186
630 74 144 86
631 63 76 200
632 137 173 151
633 87 103 83
634 84 141 149
635 123 136 137
636 148 159 164
637 199 127 136
638 82 86 64
639 83 167 103
640 187 99 76
641 137 200 148
642 174 71 197
643 170 188 198
644 152 191 137
645 118 177 52
646 97 185 118
647 167 158 177
648 68 184 102
649 56 149 103
650 94 62 70
651 179 84 193
652 150 200 84
653 88 109 146
654 60 199 122
655 134 175 88
656 121 169 121
657 170 98 92
658 137 197 65
659 182 103 165
660 72 165 137
661 178 148 84
662 177 140 189
663 68 127 184
664 190 130 156
665 161 178 57
666 169 161 108
667 66 112 109
668 150 154 81
669 103 96 150
670 108 123 87
671 147 97 64
672 73 132 101
673 74 166 185
674 163 74 68
675 74 172 171
676 54 135 156
677 97 84 189
678 157 114 58
679 123 54 131
680 121 150 161
681 132 176 142
682 89 126 109
683 127 54 51
684 160 114 122
685 133 149 167
686 119 64 103
687 105 119 150
688 166 87 81
689 188 158 127
690 196 92 164
691 74 148 164
692 113 191 189
693 167 120 196
694 116 54 85
695 80 184 89
696 134 156 144
697 198 69 133
698 109 133 157
699 96 80 130
700 86 172 199
701 106 84 123
702 133 138 84
703 90 179 86
704 197 91 183
705 130 88 167
706 150 107 182
707 179 194 116
708 92 61 98
709 85 168 54
710 104 91 106
711 123 91 58
712 103 66 52
713 190 71 160
714 114 56 198
715 68 121 71
716 124 187 64
717 156 187 102
718 61 162 115
719 162 150 114
720 79 85 140
721 125 191 170
722 110 122 187
723 52 170 56
724 95 178 119
725 157 69 116
726 65 174 174
727 161 101 141
728 120 171 190
729 75 78 136
730 144 119 187
731 56 183 199
732 184 122 61
733 64 160 106
734 196 83 188
735 187 196 148
736 107 85 67
737 127 166 162
738 108 144 118
739 91 53 152
740 122 127 154
741 96 124 157
742 85 85 186
743 171 161 157
744 200 170 116
745 98 128 66
746 75 110 114
747 67 81 186
748 198 120 135
749 116 55 65
750 156 89 57
751 68 93 77
752 83 188 180
753 155 98 169
754 57 109 184
755 137 171 192
756 175 50 157
757 155 158 55
758 195 50 74
759 123 50 95
760 104 74 111
761 182 153 163
762 64 163 185
763 56 102 122
764 173 135 59
765 52 65 166
766 90 195 186
767 98 109 191
768 84 71 79
769 94 108 123
770 84 67 119
771 200 66 164
772 173 118 96
773 100 138 133
774 76 135 70
775 189 147 167
776 157 168 62
777 151 82 148
778 163 112 97
779 184 108 57
780 185 181 161
781 178 131 75
782 117 164 191
783 53 153 59
784 125 163 124
785 91 129 112
786 94 65 146
787 138 177 196
788 69 123 120
789 171 87 144
790 187 197 192
791 59 200 174
792 191 150 150
793 175 62 78
794 62 179 67
795 135 192 154
796 99 107 197
797 191 195 81
798 72 175 80
799 80 177 86
800 91 167 93
801 77 187 102
802 200 194 113
803 200 124 195
804 193 109 180
805 59 52 72
806 98 152 74
807 135 81 96
808 130 82 82
809 146 89 186
810 198 99 168
811 130 103 64
812 114 93 183
813 55 166 171
814 183 75 181
815 82 171 112
816 131 173 116
817 92 129 126
818 134 177 68
819 123 65 147
820 162 121 161
821 158 130 198
822 55 198 144
823 152 102 128
824 110 188 89
825 176 152 129
826 165 94 141
827 68 134 106
828 50 121 85
829 169 62 52
830 147 154 189
831 119 195 169
832 153 70 67
833 142 52 171
834 104 145 151
835 151 194 81
836 178 72 139
837 177 132 128
838 70 131 118
839 98 83 95
840 190 112 60
841 52 121 136
842 128 165 188
843 146 165 170
844 131 189 79
845 66 82 192
846 146 108 173
847 122 125 81
848 153 51 97
849 57 64 134
850 142 107 51
851 153 86 92
852 185 113 150
853 80 149 153
854 51 134 64
855 114 132 74
856 128 99 53
857 104 103 127
858 101 98 144
859 132 50 193
860 96 192 152
861 83 50 88
862 121 193 172
863 111 85 85
864 72 191 85
865 91 161 197
866 78 142 151
867 104 190 174
868 125 100 184
869 148 124 162
870 86 160 109
871 105 137 101
872 114 115 85
873 198 95 127
874 195 54 193
875 125 193 74
876 72 147 123
877 50 177 148
878 82 110 181
879 87 79 174
880 153 190 152
881 128 141 78
882 79 118 183
883 82 190 190
884 80 170 192
885 135 52 84
886 170 135 88
887 105 62 75
888 168 190 74
889 139 160 148
890 145 98 133
891 78 59 172
892 195 184 55
893 102 106 54
894 189 153 101
895 55 189 143
896 97 109 119
897 96 97 66
898 185 56 67
899 183 51 79
900 70 191 127
901 133 150 82
902 182 112 184
903 188 60 63
904 144 97 188
905 168 54 120
906 81 179 126
907 181 155 118
908 58 90 160
909 162 169 80
910 193 51 66
911 193 175 60
912 177 73 137
913 191 181 124
914 122 142 68
915 148 83 108
916 135 182 52
917 63 58 65
918 168 175 156
919 88 73 119
920 161 179 147
921 169 138 177
922 153 101 194
923 111 167 152
924 175 150 102
925 64 186 69
926 52 173 147
927 197 164 129
928 200 161 159
929 187 66 70
930 158 167 131
931 61 145 83
932 65 57 165
933 73 60 138
934 197 196 52
935 117 100 54
936 125 168 63
937 66 196 141
938 174 118 141
939 67 112 181
940 51 182 160
941 173 169 191
942 58 63 167
943 57 99 87
944 76 151 199
945 157 66 96
946 69 139 184
947 167 110 107
948 149 61 88
949 167 134 127
950 108 186 179
951 173 141 174
952 95 92 96
953 102 80 133
954 175 175 150
955 119 126 161
956 127 87 51
957 117 193 90
958 149 59 94
959 100 132 101
960 147 94 154
961 136 102 87
962 121 82 122
963 52 160 132
964 66 178 160
965 160 110 185
966 111 175 67
967 161 164 117
968 123 129 200
969 92 185 76
970 128 117 151
971 69 166 175
972 112 152 123
973 72 172 95
974 110 77 73
975 60 107 91
976 155 168 98
977 124 150 158
978 98 117 127
979 195 174 157
980 113 140 82
981 170 130 164
982 107 57 77
983 192 114 182
984 150 142 120
985 132 113 123
986 153 173 161
987 105 51 165
988 150 52 94
989 149 59 63
990 51 90 127
991 152 151 51
992 195 119 139
993 88 52 195
994 153 183 150
995 168 185 118
996 60 114 186
997 127 123 96
998 155 175 111
999 111 103 195
1000 142 103 50
