3
10 10 10  
1 10 2 1 
2 5 3 7 
3 6 8 5 
4 2 8 1 
5 1 8 5 
6 4 9 3 
7 9 3 1 
8 7 2 9 
9 5 7 9 
10 6 6 1 
11 4 3 6 
12 1 1 9 
13 3 4 1 
14 4 10 9 
15 1 1 10 
16 10 1 4 
17 1 8 9 
18 5 6 10 
19 7 10 3 
20 7 5 8 
21 7 10 6 
22 9 5 4 
23 8 7 6 
24 8 10 6 
25 9 8 2 
26 3 2 2 
27 3 6 8 
28 9 10 9 
29 7 3 9 
30 4 2 9 
31 5 10 7 
32 3 4 7 
33 8 9 5 
34 5 5 10 
35 2 6 6 
36 3 4 4 
37 10 10 1 
38 9 4 8 
39 10 7 6 
40 9 5 3 
41 7 9 8 
42 1 5 9 
43 10 4 8 
44 2 3 1 
45 5 7 4 
46 8 1 2 
47 8 3 7 
48 1 6 1 
49 6 7 10 
50 6 9 2 
51 8 9 2 
52 10 5 9 
53 10 6 6 
54 1 8 6 
55 1 2 5 
56 5 1 5 
57 2 2 3 
58 8 4 9 
59 1 7 9 
60 5 6 1 
61 3 4 8 
62 8 7 7 
63 2 8 4 
64 3 4 5 
65 9 10 8 
66 2 6 7 
67 4 1 8 
68 2 9 10 
69 5 10 2 
70 6 3 10 
71 5 7 2 
72 6 9 3 
73 4 5 8 
74 1 6 10 
75 2 3 1 
76 1 9 10 
77 6 1 9 
78 3 1 9 
79 1 5 8 
80 1 10 3 
81 2 7 9 
82 8 1 5 
83 1 4 3 
84 8 10 7 
85 1 3 9 
86 4 6 6 
87 4 7 5 
88 1 3 1 
89 8 10 2 
90 4 6 10 
91 5 2 9 
92 4 8 10 
93 8 1 4 
94 10 2 1 
95 1 3 6 
96 2 5 3 
97 10 7 6 
98 6 7 7 
99 4 7 3 
100 2 6 2 
101 10 9 1 
102 3 10 3 
103 10 10 9 
104 10 1 8 
105 3 1 10 
106 3 5 2 
107 9 9 10 
108 4 3 1 
109 4 8 10 
110 2 8 1 
111 9 4 8 
112 3 8 9 
113 3 7 10 
114 7 8 1 
115 6 9 7 
116 6 7 7 
117 7 8 4 
118 9 2 9 
119 10 3 6 
120 5 10 2 
121 10 7 5 
122 9 9 5 
123 5 4 1 
124 9 1 7 
125 8 3 2 
126 5 8 1 
127 7 10 4 
128 3 3 8 
129 2 5 6 
130 10 7 3 
131 2 8 4 
132 9 6 10 
133 1 10 10 
134 7 6 5 
135 8 10 2 
136 6 8 2 
137 8 10 9 
138 6 9 6 
139 10 9 3 
140 6 10 2 
141 7 8 3 
142 5 7 1 
143 4 5 7 
144 7 6 2 
145 8 8 1 
146 9 6 2 
147 2 4 4 
148 10 3 5 
149 10 10 9 
150 2 9 4 
151 8 10 5 
152 6 5 5 
153 1 4 10 
154 9 9 9 
155 5 10 9 
156 7 9 10 
157 4 2 10 
158 6 8 5 
159 3 9 2 
160 9 2 2 
161 6 8 3 
162 5 6 9 
163 9 4 3 
164 9 9 2 
165 5 5 6 
166 4 4 3 
167 4 2 8 
168 2 7 1 
169 10 1 6 
170 6 1 2 
171 7 3 2 
172 3 7 3 
173 5 9 1 
174 8 1 10 
175 3 5 10 
176 9 5 10 
177 3 7 10 
178 9 3 6 
179 1 1 2 
180 7 10 1 
181 2 9 4 
182 10 2 9 
183 9 8 5 
184 1 6 1 
185 4 6 5 
186 10 10 2 
187 5 6 10 
188 4 8 1 
189 1 5 4 
190 7 3 2 
191 4 9 9 
192 2 8 10 
193 2 4 4 
194 4 6 10 
195 9 10 4 
196 9 3 6 
197 7 4 1 
198 8 4 7 
199 2 3 6 
200 8 4 4 
201 8 9 8 
202 6 6 4 
203 7 1 2 
204 4 1 1 
205 3 3 6 
206 6 4 1 
207 5 7 5 
208 3 3 10 
209 5 3 9 
210 6 1 7 
211 8 9 8 
212 3 5 8 
213 9 5 7 
214 3 5 1 
215 2 1 3 
216 4 5 7 
217 3 10 7 
218 10 4 5 
219 8 3 1 
220 3 3 2 
221 7 5 4 
222 10 9 1 
223 6 7 3 
224 8 5 6 
225 8 8 8 
226 3 5 7 
227 8 2 8 
228 8 6 3 
229 2 10 4 
230 7 7 7 
231 6 7 1 
232 4 5 4 
233 6 6 6 
234 5 2 4 
235 8 1 5 
236 1 3 2 
237 7 4 8 
238 4 3 2 
239 5 10 1 
240 1 4 5 
241 9 6 5 
242 4 9 4 
243 3 8 7 
244 5 3 8 
245 5 6 5 
246 10 4 7 
247 10 1 4 
248 6 2 4 
249 7 3 5 
250 6 2 3 
251 3 7 5 
252 2 10 9 
253 4 10 5 
254 1 9 3 
255 7 9 10 
256 1 9 1 
257 10 9 10 
258 6 2 6 
259 6 7 9 
260 3 8 10 
261 6 3 10 
262 10 4 7 
263 8 3 3 
264 8 4 1 
265 7 7 2 
266 3 4 3 
267 2 5 9 
268 5 2 3 
269 1 1 8 
270 8 5 9 
271 6 5 5 
272 8 2 1 
273 7 7 4 
274 1 4 2 
275 5 9 1 
276 6 10 8 
277 6 7 3 
278 1 10 3 
279 1 4 8 
280 1 3 8 
281 9 3 9 
282 7 8 5 
283 7 1 5 
284 8 8 6 
285 1 2 9 
286 8 4 4 
287 10 1 4 
288 7 7 4 
289 9 7 4 
290 5 4 6 
291 4 10 6 
292 2 10 10 
293 2 7 2 
294 4 10 6 
295 3 10 5 
296 9 8 8 
297 7 9 1 
298 3 5 1 
299 10 4 10 
300 8 2 6 
301 10 6 9 
302 4 10 5 
303 2 6 5 
304 3 5 6 
305 1 9 1 
306 1 6 2 
307 6 8 9 
308 10 7 2 
309 2 5 3 
310 7 4 9 
311 5 9 2 
312 3 3 10 
313 5 2 1 
314 4 5 9 
315 6 8 3 
316 2 2 4 
317 6 7 2 
318 3 7 5 
319 5 8 6 
320 1 9 7 
321 3 3 8 
322 10 4 7 
323 10 1 7 
324 6 4 3 
325 1 6 2 
326 2 1 8 
327 2 2 7 
328 2 5 5 
329 8 4 4 
330 7 8 6 
331 9 10 2 
332 6 2 3 
333 3 2 1 
334 9 5 9 
335 4 1 5 
336 5 3 6 
337 7 5 6 
338 9 8 9 
339 4 9 10 
340 8 10 6 
341 5 3 8 
342 2 4 3 
343 10 2 10 
344 6 9 6 
345 5 7 1 
346 6 4 4 
347 9 10 2 
348 10 6 4 
349 1 6 1 
350 1 10 5 
351 10 10 9 
352 8 2 7 
353 9 9 2 
354 10 5 1 
355 7 10 5 
356 6 7 8 
357 7 9 2 
358 8 3 4 
359 1 7 3 
360 10 7 10 
361 7 9 5 
362 7 2 8 
363 6 10 5 
364 7 7 6 
365 8 8 5 
366 5 10 5 
367 6 10 4 
368 7 5 7 
369 9 5 1 
370 1 4 2 
371 6 4 1 
372 1 8 2 
373 10 9 8 
374 4 7 8 
375 4 3 5 
376 4 6 8 
377 10 6 1 
378 1 6 7 
379 2 4 3 
380 7 1 7 
381 6 10 10 
382 8 6 6 
383 9 4 1 
384 3 5 4 
385 8 9 6 
386 6 7 7 
387 7 5 1 
388 8 10 1 
389 4 10 8 
390 2 1 8 
391 2 7 9 
392 9 5 9 
393 8 9 3 
394 9 9 2 
395 4 5 1 
396 4 1 4 
397 7 1 3 
398 4 9 8 
399 7 10 3 
400 2 10 7 
401 4 4 6 
402 5 9 5 
403 10 10 2 
404 3 10 5 
405 3 5 5 
406 5 6 9 
407 8 10 6 
408 1 8 4 
409 4 4 8 
410 4 8 4 
411 6 1 6 
412 4 5 7 
413 8 2 4 
414 8 2 2 
415 2 3 5 
416 2 2 10 
417 1 4 4 
418 4 8 4 
419 2 8 2 
420 9 6 2 
421 8 8 9 
422 10 8 10 
423 10 8 5 
424 5 10 7 
425 1 6 9 
426 2 8 4 
427 1 10 4 
428 7 4 3 
429 9 10 1 
430 10 5 1 
431 5 6 1 
432 2 5 6 
433 2 3 10 
434 8 9 4 
435 3 10 7 
436 3 3 4 
437 10 8 9 
438 7 2 5 
439 1 10 6 
440 3 7 4 
441 8 7 2 
442 1 4 9 
443 8 3 7 
444 1 5 3 
445 8 8 5 
446 3 3 9 
447 8 6 2 
448 8 9 2 
449 4 2 9 
450 6 5 4 
451 10 3 2 
452 7 7 4 
453 4 2 9 
454 5 6 2 
455 7 4 6 
456 6 7 10 
457 3 7 6 
458 6 10 7 
459 3 1 3 
460 8 6 2 
461 2 1 4 
462 2 1 8 
463 4 5 7 
464 10 10 2 
465 10 4 5 
466 9 6 9 
467 1 7 1 
468 10 1 2 
469 5 1 1 
470 7 9 5 
471 6 6 7 
472 10 4 10 
473 4 1 2 
474 10 10 7 
475 6 2 4 
476 9 4 5 
477 4 9 7 
478 9 7 1 
479 3 4 7 
480 1 2 1 
481 6 9 10 
482 4 4 5 
483 2 2 3 
484 10 4 7 
485 5 2 3 
486 8 7 4 
487 7 8 3 
488 6 8 3 
489 9 10 3 
490 3 6 9 
491 2 9 1 
492 6 3 4 
493 10 10 5 
494 6 10 6 
495 10 10 6 
496 1 3 5 
497 2 2 7 
498 2 2 8 
499 1 9 5 
500 8 9 7 
501 10 2 7 
502 1 5 5 
503 4 5 4 
504 7 5 2 
505 3 6 5 
506 5 5 4 
507 1 7 10 
508 9 7 7 
509 1 5 4 
510 9 6 3 
511 3 2 4 
512 2 6 1 
513 3 8 9 
514 10 1 10 
515 9 1 4 
516 5 10 1 
517 5 8 10 
518 7 1 5 
519 1 3 5 
520 2 10 2 
521 4 7 9 
522 8 1 1 
523 2 2 1 
524 4 4 3 
525 1 6 8 
526 6 2 10 
527 4 4 3 
528 5 4 3 
529 6 4 9 
530 4 1 8 
531 1 9 4 
532 2 2 6 
533 2 5 7 
534 5 3 9 
535 6 2 4 
536 3 1 4 
537 1 6 6 
538 6 8 1 
539 7 5 3 
540 4 7 7 
541 3 10 9 
542 1 9 3 
543 6 3 1 
544 6 9 8 
545 8 3 1 
546 9 3 10 
547 2 1 3 
548 7 10 7 
549 9 2 8 
550 4 7 5 
551 7 6 3 
552 10 4 5 
553 10 5 9 
554 2 3 2 
555 2 8 10 
556 2 2 2 
557 5 5 1 
558 6 2 2 
559 8 2 9 
560 6 9 6 
561 6 1 5 
562 10 5 9 
563 7 7 10 
564 3 9 10 
565 9 2 8 
566 5 2 7 
567 5 7 4 
568 10 4 3 
569 7 4 4 
570 5 1 2 
571 6 10 4 
572 1 1 5 
573 8 6 3 
574 8 7 5 
575 3 4 9 
576 3 7 7 
577 9 8 5 
578 1 9 7 
579 1 6 1 
580 10 8 4 
581 2 6 2 
582 3 5 8 
583 4 1 1 
584 6 9 3 
585 8 3 6 
586 8 3 10 
587 5 3 10 
588 6 9 7 
589 7 10 9 
590 5 3 10 
591 10 3 3 
592 7 6 1 
593 9 3 1 
594 7 8 6 
595 8 3 8 
596 10 9 4 
597 3 2 7 
598 6 10 3 
599 7 3 7 
600 2 4 10 
601 7 4 6 
602 10 5 1 
603 4 2 3 
604 6 1 4 
605 8 9 4 
606 7 8 6 
607 4 4 10 
608 9 2 4 
609 1 9 8 
610 8 5 6 
611 8 10 10 
612 10 2 6 
613 2 2 9 
614 3 3 7 
615 9 7 2 
616 1 1 7 
617 5 5 9 
618 2 2 1 
619 2 2 1 
620 5 1 2 
621 2 5 7 
622 8 10 1 
623 4 1 7 
624 6 2 5 
625 7 3 10 
626 10 4 9 
627 6 1 4 
628 8 8 1 
629 4 2 8 
630 6 8 2 
631 7 3 3 
632 4 3 8 
633 9 10 6 
634 7 3 9 
635 8 1 1 
636 6 2 9 
637 9 10 10 
638 8 4 8 
639 2 4 5 
640 10 2 3 
641 7 2 5 
642 6 6 3 
643 2 3 3 
644 3 10 3 
645 3 8 1 
646 10 4 6 
647 10 9 5 
648 5 2 5 
649 1 1 10 
650 5 10 8 
651 9 8 5 
652 3 1 6 
653 8 4 3 
654 7 7 10 
655 5 9 1 
656 7 2 6 
657 4 6 3 
658 5 10 4 
659 9 2 10 
660 3 2 6 
661 9 5 8 
662 1 9 5 
663 4 6 4 
664 2 5 8 
665 10 7 10 
666 6 2 3 
667 7 7 1 
668 1 7 1 
669 6 9 10 
670 8 9 10 
671 5 3 3 
672 1 9 6 
673 3 5 10 
674 4 1 3 
675 7 10 10 
676 3 6 8 
677 5 9 2 
678 7 3 9 
679 5 4 3 
680 10 3 7 
681 4 2 9 
682 2 8 6 
683 7 3 6 
684 2 8 4 
685 7 2 6 
686 3 4 10 
687 4 6 7 
688 2 10 7 
689 10 4 9 
690 10 3 3 
691 7 6 7 
692 8 4 5 
693 8 5 6 
694 7 5 5 
695 9 2 6 
696 7 3 8 
697 2 6 6 
698 9 10 9 
699 6 6 3 
700 4 7 10 
701 2 1 5 
702 1 9 4 
703 8 2 9 
704 6 6 2 
705 7 3 9 
706 5 10 10 
707 1 7 6 
708 4 2 2 
709 4 3 6 
710 6 3 6 
711 3 8 2 
712 6 1 3 
713 4 3 2 
714 3 5 3 
715 1 9 2 
716 2 4 9 
717 1 10 3 
718 1 3 6 
719 2 10 8 
720 10 4 10 
721 7 4 9 
722 3 4 10 
723 6 10 7 
724 5 4 2 
725 2 3 4 
726 5 10 1 
727 6 6 2 
728 6 3 2 
729 5 1 10 
730 3 1 2 
731 2 6 1 
732 8 3 10 
733 2 2 4 
734 7 4 10 
735 5 7 8 
736 10 10 1 
737 5 7 2 
738 5 7 7 
739 7 8 5 
740 7 8 7 
741 3 9 3 
742 8 10 3 
743 4 6 9 
744 10 5 8 
745 4 3 5 
746 9 5 2 
747 3 9 9 
748 2 2 7 
749 7 7 5 
750 4 8 10 
751 9 5 5 
752 7 7 5 
753 1 8 5 
754 4 9 6 
755 10 10 4 
756 9 10 1 
757 9 7 3 
758 5 4 3 
759 6 2 5 
760 10 9 7 
761 1 1 1 
762 6 6 5 
763 10 1 5 
764 1 9 3 
765 2 6 8 
766 5 6 4 
767 8 1 8 
768 5 4 9 
769 3 7 7 
770 10 8 1 
771 6 8 1 
772 2 2 9 
773 1 9 7 
774 5 10 6 
775 4 1 9 
776 7 10 8 
777 2 9 9 
778 8 9 6 
779 5 5 9 
780 9 6 9 
781 6 1 4 
782 5 2 3 
783 6 5 3 
784 1 3 4 
785 2 1 10 
786 9 10 6 
787 1 9 6 
788 1 1 2 
789 6 8 4 
790 9 6 7 
791 1 4 6 
792 3 1 6 
793 7 5 4 
794 5 2 7 
795 3 4 4 
796 7 5 4 
797 2 4 2 
798 2 3 7 
799 2 10 4 
800 4 3 10 
