3
1000 1000 
1 138 135 97
2 142 56 130
3 174 90 67
4 78 94 155
5 81 61 166
6 125 199 140
7 196 64 106
8 124 80 163
9 181 197 96
10 86 150 104
11 105 154 111
12 84 105 188
13 200 54 166
14 148 77 176
15 102 152 200
16 115 65 58
17 94 198 85
18 66 121 92
19 128 195 160
20 96 103 91
21 110 189 166
22 61 128 68
23 192 142 91
24 110 197 137
25 121 106 78
26 119 71 161
27 194 177 106
28 199 65 187
29 143 198 197
30 102 67 196
31 91 152 131
32 127 75 65
33 103 115 95
34 80 61 73
35 142 165 123
36 60 154 81
37 83 104 183
38 153 95 185
39 175 96 132
40 119 135 79
41 80 87 55
42 54 80 109
43 152 83 143
44 196 56 125
45 64 192 181
46 67 195 152
47 154 85 103
48 100 155 109
49 53 172 126
50 157 112 123
51 192 186 135
52 128 147 123
53 176 104 54
54 200 74 150
55 99 112 109
56 109 186 73
57 140 116 51
58 176 91 81
59 168 173 144
60 182 135 53
61 166 110 134
62 96 64 59
63 118 164 70
64 120 155 162
65 91 75 190
66 188 188 70
67 95 170 63
68 180 125 116
69 75 180 101
70 108 92 112
71 126 191 103
72 128 110 108
73 139 192 85
74 123 87 170
75 139 189 67
76 55 186 155
77 125 195 177
78 117 122 200
79 136 128 108
80 88 188 195
81 76 180 105
82 91 61 160
83 115 151 131
84 95 198 73
85 183 114 95
86 113 164 190
87 89 65 114
88 83 190 172
89 167 163 141
90 198 118 135
91 85 124 150
92 143 68 146
93 71 132 60
94 62 139 157
95 53 110 90
96 110 165 191
97 66 118 152
98 120 165 179
99 116 182 169
100 89 84 118
101 114 106 116
102 51 74 139
103 55 82 193
104 159 65 178
105 191 69 121
106 182 130 52
107 103 124 152
108 73 54 116
109 176 127 143
110 103 99 109
111 190 52 139
112 61 54 148
113 65 178 198
114 196 158 134
115 178 159 83
116 129 148 160
117 137 88 78
118 189 194 129
119 100 191 161
120 172 163 95
121 155 195 181
122 127 180 159
123 113 167 176
124 159 120 187
125 100 147 165
126 92 80 108
127 145 197 179
128 54 176 152
129 178 124 167
130 119 83 82
131 185 97 135
132 81 182 155
133 120 195 174
134 125 108 161
135 56 167 197
136 95 90 138
137 61 72 171
138 87 99 153
139 72 134 104
140 198 76 122
141 182 169 176
142 173 193 78
143 133 105 142
144 135 94 65
145 93 168 142
146 180 186 123
147 106 107 76
148 161 64 194
149 93 200 73
150 149 68 167
151 109 52 154
152 66 129 133
153 99 184 54
154 153 75 180
155 184 106 95
156 129 115 108
157 100 89 178
158 177 138 111
159 130 56 168
160 113 198 131
161 163 175 192
162 153 104 176
163 126 186 184
164 169 88 97
165 141 122 191
166 196 52 88
167 54 58 179
168 170 173 55
169 55 118 188
170 200 112 188
171 162 153 71
172 196 110 108
173 166 132 128
174 169 84 122
175 112 132 198
176 51 191 112
177 139 155 152
178 101 192 62
179 154 155 151
180 177 199 76
181 186 172 162
182 189 198 187
183 163 170 89
184 119 163 122
185 51 86 107
186 94 67 77
187 128 140 66
188 115 107 130
189 192 134 95
190 113 66 57
191 113 84 79
192 85 178 54
193 143 164 181
194 163 65 88
195 126 121 191
196 179 152 125
197 121 72 87
198 58 65 50
199 160 137 174
200 87 133 175
201 102 81 144
202 192 181 181
203 163 86 175
204 197 81 117
205 52 129 194
206 57 86 62
207 124 131 200
208 168 118 170
209 166 78 130
210 108 191 65
211 126 174 180
212 163 117 125
213 129 150 187
214 50 95 193
215 119 68 82
216 176 55 55
217 124 79 63
218 156 134 113
219 95 77 50
220 200 87 88
221 198 185 74
222 178 176 81
223 114 144 171
224 193 59 61
225 57 126 170
226 123 165 103
227 65 86 112
228 98 71 169
229 114 78 109
230 199 145 127
231 105 149 185
232 55 199 125
233 130 147 154
234 132 72 197
235 86 187 119
236 128 63 149
237 180 60 57
238 87 145 75
239 179 90 158
240 138 143 111
241 194 56 148
242 184 125 55
243 166 175 68
244 129 59 175
245 147 112 197
246 177 111 170
247 104 162 51
248 149 106 66
249 96 91 184
250 172 63 152
251 158 50 110
252 110 116 186
253 64 93 187
254 167 145 155
255 114 178 112
256 101 76 126
257 194 156 194
258 74 68 180
259 153 71 156
260 104 104 98
261 172 150 51
262 134 138 148
263 112 82 112
264 116 182 64
265 178 103 120
266 168 102 184
267 178 197 190
268 105 88 173
269 83 117 67
270 151 145 152
271 198 69 59
272 160 168 179
273 98 181 154
274 78 152 168
275 148 102 171
276 173 62 134
277 137 157 135
278 138 83 61
279 174 131 145
280 134 134 120
281 143 189 126
282 161 144 161
283 127 94 94
284 185 177 102
285 174 90 162
286 151 176 79
287 182 95 159
288 132 197 147
289 162 54 182
290 153 147 195
291 183 146 139
292 151 160 120
293 194 57 96
294 84 146 180
295 52 153 57
296 114 74 160
297 184 164 159
298 103 101 165
299 162 61 54
300 138 68 89
301 106 69 133
302 151 121 189
303 176 73 59
304 87 94 159
305 172 169 117
306 77 68 78
307 72 144 181
308 101 52 134
309 161 50 199
310 142 78 189
311 149 95 156
312 80 83 154
313 162 148 102
314 171 184 188
315 88 87 130
316 150 69 175
317 67 167 120
318 59 127 66
319 153 101 143
320 79 92 87
321 113 122 199
322 167 131 124
323 169 113 162
324 93 108 56
325 101 180 71
326 157 140 163
327 87 168 181
328 82 78 118
329 191 118 50
330 78 104 185
331 136 140 142
332 58 197 141
333 75 94 126
334 126 169 108
335 178 129 125
336 179 112 149
337 152 84 163
338 84 102 52
339 73 122 78
340 72 184 90
341 118 184 174
342 159 106 120
343 64 82 85
344 144 147 77
345 199 94 131
346 51 70 57
347 69 95 183
348 67 83 67
349 184 170 196
350 98 196 59
351 52 122 153
352 101 93 134
353 78 157 70
354 186 116 86
355 115 126 107
356 196 112 175
357 145 100 195
358 176 156 122
359 100 89 73
360 120 171 60
361 84 92 82
362 141 158 59
363 149 52 170
364 164 165 199
365 165 121 131
366 181 65 140
367 89 94 100
368 69 114 72
369 197 143 146
370 69 128 179
371 62 169 159
372 198 171 143
373 131 128 98
374 79 164 87
375 96 181 136
376 131 198 148
377 68 198 155
378 69 59 114
379 67 120 59
380 196 75 150
381 144 106 91
382 156 163 187
383 51 87 135
384 93 119 177
385 83 154 195
386 176 195 102
387 152 56 137
388 96 57 119
389 114 51 94
390 190 137 101
391 74 198 86
392 140 166 112
393 131 196 108
394 69 55 77
395 92 128 83
396 82 69 139
397 172 135 61
398 200 170 191
399 125 176 196
400 137 140 88
401 181 114 139
402 63 73 115
403 55 183 76
404 116 136 179
405 169 174 59
406 111 129 134
407 184 145 171
408 83 188 157
409 69 118 139
410 59 66 170
411 79 95 85
412 159 187 81
413 159 200 70
414 195 162 100
415 152 129 146
416 72 195 134
417 50 178 174
418 123 175 61
419 146 62 147
420 142 74 171
421 161 192 96
422 171 140 155
423 90 103 115
424 158 105 76
425 185 86 170
426 194 112 154
427 178 110 120
428 105 122 139
429 85 128 67
430 70 177 171
431 61 55 117
432 200 194 67
433 132 176 92
434 172 195 148
435 114 66 162
436 68 130 128
437 175 124 97
438 145 141 107
439 77 186 200
440 138 148 115
441 151 153 63
442 53 54 66
443 80 198 110
444 86 161 85
445 97 142 83
446 98 181 108
447 109 131 115
448 57 149 77
449 199 191 118
450 94 186 94
451 60 81 109
452 129 57 121
453 114 116 127
454 187 87 199
455 61 123 65
456 95 75 160
457 136 194 167
458 61 199 127
459 156 196 143
460 167 183 113
461 163 70 76
462 115 86 52
463 82 106 88
464 196 94 151
465 104 191 196
466 135 81 108
467 52 69 67
468 73 162 145
469 112 191 178
470 124 197 191
471 148 54 85
472 152 116 180
473 150 88 165
474 166 99 197
475 135 136 163
476 113 66 61
477 136 130 145
478 185 65 119
479 175 157 83
480 109 118 84
481 176 134 58
482 73 111 136
483 177 70 73
484 193 180 120
485 127 132 128
486 163 183 198
487 165 149 59
488 81 171 200
489 126 83 108
490 83 185 192
491 146 197 57
492 51 138 55
493 70 69 182
494 106 163 139
495 87 90 200
496 109 145 133
497 199 71 121
498 182 84 54
499 145 159 61
500 108 110 141
501 123 164 80
502 110 197 143
503 101 130 75
504 107 133 167
505 53 172 67
506 110 55 123
507 62 66 188
508 94 82 111
509 147 56 132
510 51 143 153
511 81 195 74
512 100 167 153
513 180 164 107
514 155 79 158
515 130 153 183
516 199 191 76
517 68 84 161
518 197 104 144
519 133 143 115
520 91 100 114
521 117 164 92
522 149 114 101
523 161 110 185
524 196 78 162
525 68 57 158
526 188 145 129
527 130 197 78
528 159 108 133
529 193 105 64
530 76 144 160
531 60 187 98
532 194 146 75
533 190 72 129
534 128 161 82
535 191 165 70
536 86 102 160
537 196 130 165
538 102 120 138
539 57 153 86
540 85 171 168
541 133 162 125
542 107 161 90
543 129 59 193
544 99 153 111
545 111 166 70
546 60 143 191
547 90 146 147
548 82 155 171
549 118 181 83
550 69 90 71
551 151 184 124
552 100 108 128
553 103 64 72
554 61 65 151
555 67 62 113
556 110 56 116
557 111 138 116
558 61 196 155
559 78 50 187
560 196 167 161
561 125 89 77
562 171 195 116
563 158 198 178
564 65 77 183
565 177 96 134
566 135 184 133
567 84 139 60
568 72 119 179
569 195 147 159
570 80 72 50
571 170 194 132
572 97 139 163
573 128 141 98
574 154 134 155
575 111 77 126
576 106 107 145
577 128 63 157
578 79 199 125
579 159 172 156
580 68 135 199
581 178 148 50
582 146 80 119
583 136 50 80
584 156 161 194
585 150 155 83
586 136 198 88
587 55 67 109
588 116 55 170
589 139 127 68
590 104 95 152
591 95 81 82
592 116 154 98
593 82 172 162
594 169 114 122
595 54 70 93
596 190 139 166
597 156 192 189
598 95 104 89
599 116 194 98
600 122 52 147
601 59 162 82
602 65 69 66
603 131 124 63
604 51 66 137
605 163 85 110
606 130 116 192
607 58 144 143
608 146 167 86
609 113 149 148
610 135 191 126
611 197 55 73
612 189 184 94
613 138 185 54
614 159 174 111
615 109 78 135
616 71 113 116
617 164 51 61
618 89 194 200
619 96 176 99
620 121 68 166
621 178 80 105
622 175 168 200
623 167 132 69
624 158 152 157
625 65 71 68
626 177 94 130
627 193 157 75
628 90 188 191
629 163 168 191
630 189 64 122
631 194 106 200
632 124 93 181
633 194 125 98
634 90 159 148
635 57 106 166
636 138 126 173
637 102 195 187
638 143 161 100
639 56 120 142
640 160 80 164
641 83 118 167
642 187 175 91
643 162 190 143
644 117 194 131
645 163 52 100
646 136 198 119
647 191 102 107
648 173 163 190
649 69 98 115
650 156 78 176
651 68 119 90
652 117 80 129
653 126 77 81
654 177 135 63
655 136 197 137
656 131 168 130
657 60 127 129
658 98 151 153
659 173 103 58
660 165 75 60
661 68 59 66
662 115 191 60
663 141 107 173
664 58 138 126
665 76 135 191
666 125 139 94
667 199 187 179
668 135 106 171
669 190 195 82
670 138 71 74
671 196 144 185
672 104 119 102
673 186 192 128
674 73 175 165
675 171 191 72
676 155 50 171
677 50 194 68
678 114 88 142
679 116 152 151
680 183 90 52
681 63 63 194
682 131 155 109
683 57 117 127
684 110 153 160
685 75 67 124
686 152 103 114
687 148 175 126
688 81 83 66
689 150 90 175
690 187 140 150
691 63 128 85
692 180 90 152
693 149 71 167
694 56 194 93
695 79 179 113
696 134 88 142
697 157 196 145
698 119 57 127
699 195 180 186
700 124 139 86
701 98 103 145
702 185 66 194
703 162 183 144
704 92 124 156
705 70 72 154
706 58 116 121
707 115 76 110
708 110 155 121
709 55 182 90
710 105 119 60
711 140 127 76
712 122 109 125
713 198 199 128
714 147 88 85
715 63 82 195
716 171 91 139
717 88 162 162
718 102 98 95
719 191 107 70
720 50 183 127
721 104 126 172
722 186 143 113
723 168 189 160
724 95 65 197
725 74 148 133
726 56 122 84
727 116 163 175
728 182 152 170
729 70 183 89
730 178 114 172
731 141 108 127
732 121 164 185
733 117 156 156
734 136 145 71
735 96 51 166
736 192 74 84
737 152 57 103
738 135 167 113
739 118 181 121
740 160 129 107
741 123 191 123
742 72 61 181
743 155 173 102
744 182 112 187
745 112 104 192
746 108 87 115
747 122 100 79
748 120 157 198
749 83 89 188
750 111 62 79
751 70 197 168
752 59 93 144
753 191 144 99
754 181 89 105
755 54 158 148
756 156 52 91
757 186 65 93
758 173 195 63
759 194 180 113
760 112 194 177
761 186 154 95
762 84 94 187
763 179 106 98
764 167 74 181
765 169 161 76
766 184 83 81
767 152 84 98
768 143 117 75
769 83 101 162
770 197 198 90
771 64 133 137
772 116 175 190
773 136 52 102
774 72 72 144
775 198 146 122
776 69 51 70
777 93 144 127
778 128 161 61
779 116 125 102
780 117 65 138
781 101 136 196
782 126 176 121
783 150 57 155
784 129 134 99
785 56 84 172
786 191 134 61
787 117 146 145
788 135 168 137
789 100 159 189
790 125 81 100
791 138 121 125
792 175 170 198
793 88 128 191
794 66 90 155
795 167 73 174
796 130 119 197
797 125 111 109
798 130 126 84
799 168 183 149
800 114 96 175
