3
1000 1000 1000  
1 201 228 293 
2 294 372 220 
3 367 373 361 
4 218 233 183 
5 118 282 262 
6 358 389 174 
7 129 398 185 
8 252 370 366 
9 334 396 355 
10 328 291 138 
11 345 180 110 
12 139 173 372 
13 214 127 130 
14 390 246 129 
15 189 370 373 
16 253 216 374 
17 104 294 351 
18 298 118 381 
19 378 176 375 
20 235 335 293 
21 235 149 104 
22 229 233 165 
23 293 262 359 
24 124 245 150 
25 110 176 195 
26 338 289 311 
27 361 219 172 
28 212 176 137 
29 229 350 126 
30 120 381 118 
31 137 245 388 
32 116 199 107 
33 267 133 171 
34 286 336 125 
35 183 382 160 
36 115 238 327 
37 367 276 291 
38 195 179 109 
39 126 224 204 
40 340 281 116 
41 272 275 347 
42 311 268 174 
43 164 138 366 
44 285 103 137 
45 396 194 238 
46 248 262 143 
47 106 373 185 
48 311 160 353 
49 226 242 245 
50 115 199 315 
51 209 263 123 
52 283 245 320 
53 159 121 185 
54 353 362 229 
55 199 320 389 
56 179 189 189 
57 262 205 309 
58 231 262 366 
59 219 278 332 
60 383 368 362 
61 207 167 153 
62 344 395 245 
63 142 197 267 
64 226 174 238 
65 328 277 155 
66 103 282 351 
67 371 332 136 
68 219 365 246 
69 154 199 342 
70 371 278 221 
71 326 265 380 
72 168 297 183 
73 192 245 235 
74 343 373 283 
75 312 114 139 
76 277 201 362 
77 395 255 121 
78 257 260 383 
79 377 134 327 
80 342 357 105 
81 276 321 200 
82 195 253 177 
83 224 397 260 
84 293 305 223 
85 307 289 307 
86 222 258 389 
87 361 223 347 
88 222 385 202 
89 198 385 340 
90 123 348 343 
91 137 179 375 
92 178 335 242 
93 241 187 116 
94 119 318 151 
95 109 276 304 
96 371 282 386 
97 185 353 275 
98 101 339 232 
99 330 382 152 
100 280 353 226 
101 242 175 254 
102 377 286 264 
103 142 242 134 
104 330 385 134 
105 157 226 244 
106 308 163 103 
107 184 129 351 
108 261 112 179 
109 270 383 174 
110 269 323 371 
111 370 160 189 
112 130 181 142 
113 177 303 125 
114 387 225 381 
115 379 103 251 
116 274 324 246 
117 197 221 235 
118 376 385 147 
119 280 141 287 
120 215 396 206 
121 297 100 146 
122 136 257 315 
123 172 141 153 
124 217 143 295 
125 396 187 172 
126 268 108 193 
127 278 353 278 
128 228 399 195 
129 380 323 206 
130 225 129 377 
131 130 200 210 
132 142 167 202 
133 197 267 125 
134 282 329 343 
135 280 233 145 
136 278 281 241 
137 113 392 244 
138 300 157 155 
139 302 200 368 
140 382 122 354 
141 164 126 388 
142 101 154 197 
143 385 244 259 
144 384 400 293 
145 113 170 262 
146 285 182 218 
147 386 210 260 
148 200 365 108 
149 269 169 275 
150 288 253 245 
151 351 191 321 
152 109 104 246 
153 158 365 221 
154 277 314 250 
155 361 262 292 
156 308 171 191 
157 345 177 381 
158 199 357 226 
159 196 302 198 
160 313 162 349 
161 172 331 304 
162 134 292 147 
163 152 165 134 
164 267 186 168 
165 152 129 342 
166 265 278 306 
167 278 379 274 
168 384 293 144 
169 328 393 154 
170 282 106 186 
171 273 279 172 
172 176 229 320 
173 227 276 318 
174 315 220 361 
175 116 298 265 
176 278 130 333 
177 315 144 255 
178 123 372 378 
179 321 100 130 
180 379 158 233 
181 387 318 214 
182 241 115 387 
183 330 108 388 
184 283 272 305 
185 159 100 308 
186 385 235 225 
187 272 135 357 
188 357 181 342 
189 269 255 366 
190 349 136 291 
191 154 120 129 
192 344 137 170 
193 348 107 184 
194 234 235 154 
195 344 233 135 
196 305 251 327 
197 301 235 164 
198 284 135 251 
199 110 124 265 
200 320 153 103 
201 215 298 281 
202 381 112 171 
203 301 397 381 
204 267 328 352 
205 394 261 178 
206 389 362 173 
207 302 317 322 
208 234 126 301 
209 299 195 183 
210 209 276 222 
211 372 185 353 
212 161 184 298 
213 168 204 185 
214 380 284 315 
215 345 150 249 
216 335 364 100 
217 261 107 239 
218 319 123 171 
219 396 371 223 
220 102 200 173 
221 237 116 193 
222 295 330 334 
223 262 123 335 
224 370 226 224 
225 154 110 146 
226 192 292 297 
227 354 130 128 
228 137 137 109 
229 200 159 315 
230 396 292 326 
231 318 339 233 
232 350 335 229 
233 156 134 267 
234 241 265 335 
235 371 376 165 
236 212 330 103 
237 210 168 227 
238 396 240 314 
239 159 138 321 
240 267 360 114 
241 185 175 148 
242 313 101 127 
243 398 292 166 
244 129 158 323 
245 142 262 318 
246 102 347 203 
247 343 315 221 
248 342 396 333 
249 187 372 335 
250 333 122 342 
251 269 245 228 
252 263 128 368 
253 304 286 259 
254 171 393 182 
255 283 232 224 
256 179 136 325 
257 152 217 359 
258 235 101 107 
259 313 171 118 
260 201 394 198 
261 198 400 139 
262 256 115 300 
263 122 370 151 
264 269 296 392 
265 250 318 371 
266 125 197 104 
267 373 213 251 
268 374 214 271 
269 367 279 374 
270 170 194 389 
271 213 230 345 
272 176 108 124 
273 334 151 314 
274 100 232 322 
275 230 340 160 
276 243 301 280 
277 231 226 383 
278 157 385 279 
279 180 121 371 
280 154 170 293 
281 124 281 129 
282 249 253 269 
283 341 400 228 
284 366 226 352 
285 361 227 281 
286 384 357 281 
287 267 176 151 
288 137 293 208 
289 178 109 359 
290 363 208 156 
291 195 189 239 
292 120 250 126 
293 176 299 387 
294 153 226 315 
295 324 388 208 
296 231 189 184 
297 284 315 194 
298 264 266 101 
299 378 115 236 
300 164 328 319 
301 303 270 114 
302 108 284 390 
303 219 235 302 
304 387 348 264 
305 236 276 138 
306 150 258 266 
307 106 215 399 
308 299 188 120 
309 394 138 364 
310 306 245 189 
311 282 117 186 
312 293 366 331 
313 261 179 201 
314 275 211 142 
315 387 335 398 
316 332 103 344 
317 149 323 120 
318 127 291 290 
319 370 318 155 
320 237 280 238 
321 285 121 246 
322 204 176 166 
323 236 283 150 
324 202 248 193 
325 188 162 297 
326 278 371 356 
327 287 324 275 
328 250 225 228 
329 152 359 203 
330 207 252 147 
331 195 219 216 
332 398 390 352 
333 134 340 106 
334 370 312 272 
335 277 334 245 
336 351 233 304 
337 359 119 160 
338 230 333 321 
339 193 217 260 
340 142 264 180 
341 104 282 211 
342 369 206 203 
343 114 325 109 
344 147 246 349 
345 233 191 153 
346 336 205 178 
347 145 203 142 
348 169 218 271 
349 170 342 263 
350 316 188 388 
351 327 375 334 
352 167 129 203 
353 361 320 208 
354 276 178 271 
355 139 349 118 
356 392 202 142 
357 333 176 396 
358 123 175 173 
359 337 378 178 
360 211 319 234 
361 329 352 199 
362 331 184 137 
363 218 274 222 
364 221 311 201 
365 235 251 140 
366 255 377 283 
367 170 252 355 
368 285 276 340 
369 316 353 345 
370 387 175 214 
371 128 188 168 
372 386 120 396 
373 255 157 356 
374 316 122 345 
375 141 300 369 
376 125 187 294 
377 206 153 126 
378 232 109 265 
379 122 298 116 
380 325 280 350 
381 292 150 320 
382 183 291 232 
383 257 345 191 
384 184 262 244 
385 179 188 132 
386 233 168 385 
387 300 133 127 
388 205 225 379 
389 136 349 141 
390 258 255 152 
391 138 391 163 
392 164 390 221 
393 328 122 259 
394 291 253 392 
395 311 165 167 
396 376 250 227 
397 173 176 194 
398 166 155 156 
399 372 287 236 
400 388 274 175 
401 242 282 334 
402 371 365 357 
403 311 209 103 
404 233 332 366 
405 252 278 346 
406 100 242 137 
407 116 374 377 
408 274 383 389 
409 240 274 285 
410 339 169 223 
411 243 211 200 
412 286 358 356 
413 175 310 148 
414 268 340 212 
415 378 358 205 
416 332 281 232 
417 301 188 219 
418 298 316 357 
419 136 238 122 
420 132 362 150 
421 302 279 365 
422 112 325 269 
423 303 131 339 
424 217 298 119 
425 142 196 357 
426 302 147 249 
427 146 184 101 
428 273 234 286 
429 221 265 309 
430 249 226 111 
431 238 174 295 
432 326 300 214 
433 373 225 150 
434 365 188 208 
435 240 208 350 
436 398 231 318 
437 159 246 258 
438 276 261 178 
439 300 108 396 
440 154 396 345 
441 175 377 235 
442 186 380 249 
443 315 249 311 
444 362 135 240 
445 380 397 378 
446 165 213 188 
447 117 303 395 
448 384 278 349 
449 284 211 375 
450 135 325 107 
451 149 356 330 
452 301 108 379 
453 184 124 299 
454 315 387 400 
455 222 259 140 
456 217 185 234 
457 200 298 380 
458 161 106 325 
459 204 398 220 
460 317 106 239 
461 311 398 261 
462 392 326 210 
463 302 291 308 
464 210 201 366 
465 391 142 256 
466 246 202 139 
467 176 339 360 
468 358 144 293 
469 225 119 108 
470 386 382 301 
471 379 296 343 
472 309 341 337 
473 273 153 202 
474 182 398 255 
475 253 258 310 
476 390 140 100 
477 279 268 216 
478 359 120 225 
479 307 240 395 
480 111 116 286 
481 346 214 184 
482 314 374 141 
483 105 109 353 
484 283 229 376 
485 100 108 308 
486 306 332 400 
487 101 389 110 
488 213 170 114 
489 336 269 261 
490 398 116 184 
491 329 381 258 
492 155 157 260 
493 368 309 295 
494 264 109 221 
495 390 313 157 
496 134 132 150 
497 181 295 386 
498 136 313 332 
499 316 329 270 
500 152 114 150 
501 183 281 151 
502 192 117 400 
503 372 203 136 
504 142 188 253 
505 251 341 258 
506 199 330 169 
507 147 325 142 
508 294 120 163 
509 314 340 177 
510 273 310 101 
511 153 145 355 
512 239 337 146 
513 357 326 377 
514 340 118 231 
515 366 119 267 
516 156 361 277 
517 145 192 270 
518 349 190 383 
519 159 356 105 
520 210 172 199 
521 336 184 400 
522 380 315 339 
523 200 313 100 
524 119 159 137 
525 145 110 171 
526 331 265 354 
527 369 278 371 
528 124 137 198 
529 264 393 333 
530 333 146 151 
531 218 308 337 
532 264 180 321 
533 211 302 284 
534 359 363 160 
535 254 275 181 
536 353 231 336 
537 328 113 304 
538 196 391 205 
539 122 206 189 
540 208 235 393 
541 165 148 275 
542 353 325 272 
543 371 313 393 
544 167 191 276 
545 148 260 384 
546 159 314 274 
547 289 103 190 
548 133 208 364 
549 230 262 242 
550 394 335 368 
551 248 126 326 
552 112 170 365 
553 219 129 174 
554 230 373 136 
555 142 241 191 
556 171 257 215 
557 129 125 224 
558 309 264 317 
559 120 318 391 
560 212 130 244 
561 337 198 306 
562 175 302 147 
563 279 285 141 
564 373 346 348 
565 113 142 331 
566 308 361 263 
567 365 228 303 
568 387 396 136 
569 187 378 385 
570 278 237 377 
571 271 372 174 
572 194 264 199 
573 137 302 304 
574 207 223 286 
575 299 183 390 
576 358 397 184 
577 310 143 107 
578 140 377 236 
579 211 140 316 
580 151 108 188 
581 239 143 334 
582 234 313 284 
583 305 314 321 
584 249 307 354 
585 284 207 300 
586 369 368 268 
587 283 264 146 
588 159 363 276 
589 227 156 196 
590 121 336 222 
591 243 152 168 
592 180 286 241 
593 208 257 209 
594 211 394 285 
595 391 229 181 
596 180 223 354 
597 297 190 120 
598 280 322 120 
599 382 175 208 
600 365 358 312 
601 315 108 396 
602 257 160 166 
603 160 231 107 
604 170 201 110 
605 368 163 167 
606 283 272 280 
607 341 291 167 
608 181 191 228 
609 303 132 329 
610 196 100 368 
611 240 202 313 
612 235 180 255 
613 255 211 364 
614 189 312 247 
615 222 110 351 
616 220 333 137 
617 217 226 277 
618 148 155 299 
619 217 269 296 
620 236 400 207 
621 181 349 184 
622 139 279 119 
623 363 324 322 
624 100 229 377 
625 395 136 374 
626 378 193 355 
627 210 378 361 
628 332 207 333 
629 358 333 297 
630 223 133 340 
631 157 104 154 
632 216 248 184 
633 388 249 213 
634 126 275 383 
635 334 229 380 
636 207 222 317 
637 341 240 362 
638 307 193 141 
639 372 241 147 
640 114 127 154 
641 359 270 315 
642 184 242 207 
643 201 144 228 
644 360 341 307 
645 320 317 251 
646 331 116 247 
647 366 246 104 
648 196 269 334 
649 108 282 376 
650 122 370 115 
651 190 256 266 
652 153 273 196 
653 102 187 193 
654 105 145 270 
655 119 166 126 
656 302 277 321 
657 278 108 106 
658 378 111 246 
659 301 258 291 
660 266 110 395 
661 249 394 252 
662 140 124 100 
663 257 377 317 
664 133 351 193 
665 183 343 306 
666 257 181 290 
667 284 239 163 
668 202 243 306 
669 153 399 208 
670 243 393 178 
671 301 149 109 
672 372 326 183 
673 142 210 172 
674 345 373 147 
675 192 298 399 
676 344 114 357 
677 148 198 173 
678 191 295 279 
679 395 163 355 
680 223 286 111 
681 336 358 260 
682 158 376 223 
683 255 314 351 
684 226 182 342 
685 267 301 397 
686 275 228 269 
687 329 231 199 
688 167 288 397 
689 176 390 183 
690 252 224 214 
691 371 313 312 
692 306 115 297 
693 220 275 387 
694 391 375 258 
695 292 316 296 
696 144 111 313 
697 170 283 137 
698 164 114 178 
699 157 183 251 
700 304 307 355 
701 144 262 285 
702 289 297 334 
703 368 396 203 
704 327 272 200 
705 250 203 389 
706 377 148 329 
707 263 178 326 
708 103 305 103 
709 244 273 385 
710 311 179 177 
711 262 190 296 
712 325 213 133 
713 352 247 288 
714 327 369 284 
715 331 214 119 
716 236 296 205 
717 239 400 249 
718 128 314 263 
719 220 175 230 
720 379 363 361 
721 170 308 223 
722 263 314 248 
723 244 115 292 
724 340 203 374 
725 318 154 140 
726 278 226 390 
727 238 143 126 
728 367 274 123 
729 107 385 312 
730 213 173 382 
731 209 374 294 
732 273 318 140 
733 142 139 389 
734 213 308 179 
735 167 182 153 
736 203 391 354 
737 214 149 349 
738 381 384 307 
739 383 270 178 
740 217 169 221 
741 385 256 282 
742 200 261 154 
743 255 226 386 
744 202 117 325 
745 133 198 107 
746 310 245 370 
747 204 184 187 
748 222 208 109 
749 278 291 131 
750 218 178 359 
751 292 272 291 
752 196 359 124 
753 265 278 102 
754 389 167 191 
755 161 232 254 
756 340 313 172 
757 101 119 381 
758 210 179 205 
759 280 355 262 
760 118 188 345 
761 388 268 205 
762 205 254 373 
763 391 146 234 
764 343 392 158 
765 205 259 120 
766 344 285 207 
767 259 220 119 
768 213 214 163 
769 190 279 279 
770 224 380 251 
771 267 131 134 
772 330 243 185 
773 112 265 222 
774 373 266 129 
775 196 189 314 
776 218 393 124 
777 215 172 356 
778 147 307 135 
779 223 396 295 
780 312 279 185 
781 180 316 237 
782 190 154 132 
783 186 184 285 
784 393 109 277 
785 358 157 392 
786 277 280 313 
787 105 157 224 
788 376 400 171 
789 297 100 295 
790 372 299 216 
791 392 305 330 
792 303 323 347 
793 308 289 136 
794 398 254 177 
795 247 177 151 
796 370 305 329 
797 191 170 336 
798 215 397 173 
799 179 232 276 
800 253 400 384 
