3
1000 1000 1000  
1 547 552 658 
2 633 520 310 
3 532 407 371 
4 565 449 537 
5 660 519 562 
6 559 614 498 
7 396 560 575 
8 703 698 605 
9 699 545 795 
10 389 445 576 
11 414 522 487 
12 535 672 487 
13 280 474 696 
14 625 640 420 
15 279 391 321 
16 412 745 797 
17 213 704 525 
18 423 323 722 
19 229 377 583 
20 349 795 647 
21 647 515 275 
22 727 251 244 
23 526 578 384 
24 702 704 545 
25 449 601 748 
26 377 231 241 
27 303 586 280 
28 597 213 423 
29 554 563 318 
30 645 669 778 
31 455 621 635 
32 788 551 638 
33 736 641 346 
34 490 712 207 
35 320 674 769 
36 654 793 660 
37 759 442 487 
38 268 581 770 
39 297 277 523 
40 468 463 699 
41 246 744 267 
42 511 764 490 
43 328 384 423 
44 451 479 248 
45 418 430 423 
46 414 433 637 
47 578 235 216 
48 424 310 548 
49 344 384 208 
50 309 688 284 
51 623 512 740 
52 374 254 329 
53 240 287 623 
54 739 481 485 
55 323 557 560 
56 771 681 451 
57 658 327 591 
58 376 371 796 
59 700 762 412 
60 655 658 621 
61 540 575 446 
62 442 748 206 
63 296 645 281 
64 248 734 782 
65 516 536 518 
66 502 653 396 
67 412 392 606 
68 378 654 336 
69 705 611 501 
70 631 276 768 
71 219 413 466 
72 758 387 778 
73 778 622 206 
74 621 419 311 
75 776 346 381 
76 745 662 704 
77 699 584 453 
78 599 760 635 
79 448 631 701 
80 739 666 416 
81 319 278 695 
82 487 375 413 
83 661 658 419 
84 314 463 756 
85 750 395 239 
86 617 358 470 
87 543 790 595 
88 233 614 584 
89 742 710 210 
90 779 386 372 
91 386 488 364 
92 588 218 577 
93 201 533 693 
94 486 399 449 
95 321 455 739 
96 403 339 386 
97 762 239 631 
98 765 709 574 
99 452 307 219 
100 462 715 403 
101 489 403 649 
102 724 706 578 
103 442 519 506 
104 725 254 701 
105 254 502 463 
106 679 510 361 
107 485 672 682 
108 753 578 486 
109 345 441 627 
110 692 771 546 
111 456 308 323 
112 450 217 662 
113 416 295 291 
114 794 268 508 
115 537 717 493 
116 460 683 776 
117 496 606 641 
118 571 747 282 
119 726 260 347 
120 370 325 490 
121 628 500 205 
122 710 529 301 
123 301 594 507 
124 249 486 501 
125 202 512 752 
126 324 541 360 
127 750 227 649 
128 349 406 657 
129 576 353 551 
130 566 789 734 
131 244 655 641 
132 425 312 339 
133 233 358 617 
134 395 719 355 
135 375 628 238 
136 216 318 203 
137 270 204 539 
138 445 429 604 
139 577 395 200 
140 519 565 331 
141 419 444 617 
142 210 277 381 
143 632 403 729 
144 557 692 570 
145 333 773 618 
146 581 480 412 
147 397 316 709 
148 403 489 511 
149 503 314 526 
150 690 521 650 
151 318 587 367 
152 237 425 588 
153 684 215 241 
154 757 268 305 
155 410 667 328 
156 749 678 631 
157 456 417 798 
158 664 598 574 
159 236 765 417 
160 407 383 581 
161 497 708 216 
162 458 497 474 
163 553 633 567 
164 500 758 492 
165 365 635 465 
166 269 498 308 
167 453 520 563 
168 473 707 245 
169 511 517 653 
170 663 316 695 
171 498 502 473 
172 667 584 596 
173 745 553 383 
174 324 607 413 
175 768 332 611 
176 498 289 542 
177 525 381 798 
178 345 784 468 
179 671 570 691 
180 764 452 634 
181 418 497 456 
182 247 557 603 
183 688 345 216 
184 473 688 777 
185 223 650 348 
186 715 370 488 
187 222 265 466 
188 800 700 549 
189 621 455 768 
190 442 290 708 
191 254 603 546 
192 641 226 787 
193 778 785 763 
194 666 407 563 
195 289 790 406 
196 359 703 446 
197 455 552 239 
198 415 515 411 
199 513 236 287 
200 603 564 710 
201 365 709 206 
202 261 444 221 
203 261 548 791 
204 543 789 755 
205 607 343 251 
206 386 371 221 
207 340 664 424 
208 516 489 613 
209 567 247 365 
210 647 460 492 
211 453 634 777 
212 462 330 681 
213 246 647 361 
214 267 233 675 
215 618 213 367 
216 457 344 731 
217 350 308 320 
218 274 299 381 
219 429 264 611 
220 502 324 275 
221 550 574 251 
222 211 709 627 
223 262 298 577 
224 519 235 751 
225 495 665 435 
226 320 202 309 
227 295 346 231 
228 445 297 398 
229 750 309 264 
230 588 584 680 
231 234 652 514 
232 761 646 544 
233 222 328 325 
234 359 424 593 
235 272 725 361 
236 569 684 292 
237 257 356 229 
238 433 316 452 
239 701 663 333 
240 493 266 438 
241 603 693 433 
242 352 780 688 
243 784 500 703 
244 565 390 284 
245 757 475 466 
246 750 489 255 
247 338 723 255 
248 465 236 769 
249 303 474 490 
250 295 247 686 
251 596 375 435 
252 739 556 783 
253 330 586 257 
254 737 692 620 
255 686 536 555 
256 530 270 412 
257 729 678 414 
258 367 564 550 
259 664 761 299 
260 214 371 491 
261 421 481 381 
262 228 641 680 
263 439 366 352 
264 273 341 421 
265 685 237 480 
266 766 203 439 
267 254 566 530 
268 380 329 398 
269 290 314 680 
270 458 291 707 
271 684 665 557 
272 476 352 558 
273 472 335 691 
274 210 484 481 
275 599 259 414 
276 250 768 656 
277 698 717 680 
278 679 692 316 
279 748 707 553 
280 305 546 653 
281 545 439 335 
282 412 489 457 
283 765 308 269 
284 451 769 303 
285 257 202 618 
286 523 721 348 
287 799 371 229 
288 324 795 510 
289 602 779 382 
290 417 485 467 
291 286 405 760 
292 781 621 416 
293 259 712 542 
294 509 268 707 
295 348 524 684 
296 219 404 542 
297 791 432 580 
298 310 691 667 
299 534 277 324 
300 543 590 592 
301 710 369 431 
302 219 708 333 
303 551 441 629 
304 720 366 383 
305 762 496 352 
306 566 684 756 
307 732 279 302 
308 632 796 555 
309 530 781 575 
310 750 460 411 
311 235 651 575 
312 507 279 675 
313 745 334 707 
314 777 321 531 
315 306 354 653 
316 569 709 206 
317 326 301 642 
318 248 558 233 
319 690 228 565 
320 794 421 215 
321 746 260 478 
322 331 393 701 
323 302 509 252 
324 303 523 344 
325 359 340 687 
326 778 747 214 
327 482 335 465 
328 669 619 550 
329 234 326 294 
330 777 670 613 
331 260 604 202 
332 674 707 249 
333 459 386 299 
334 406 380 645 
335 616 573 748 
336 660 528 322 
337 765 240 566 
338 509 308 518 
339 666 280 361 
340 615 230 464 
341 765 316 785 
342 587 418 565 
343 323 684 528 
344 652 712 694 
345 733 373 351 
346 410 538 436 
347 329 291 292 
348 286 762 658 
349 357 615 608 
350 781 599 663 
351 537 713 543 
352 573 559 394 
353 761 565 798 
354 647 212 413 
355 448 794 498 
356 798 439 291 
357 209 684 453 
358 331 303 356 
359 247 616 638 
360 275 217 566 
361 731 356 761 
362 398 456 244 
363 433 336 747 
364 787 595 506 
365 499 613 680 
366 546 351 792 
367 319 550 441 
368 250 409 677 
369 460 633 332 
370 691 444 692 
371 320 796 685 
372 249 550 736 
373 540 294 512 
374 493 280 701 
375 571 515 300 
376 604 270 271 
377 425 217 678 
378 248 281 752 
379 759 557 627 
380 665 242 270 
381 340 649 345 
382 355 588 580 
383 666 630 303 
384 669 421 579 
385 355 736 555 
386 483 658 325 
387 611 432 637 
388 351 588 633 
389 445 598 543 
390 709 666 530 
391 275 489 322 
392 420 487 587 
393 306 561 400 
394 211 509 446 
395 621 312 512 
396 421 632 629 
397 371 760 486 
398 539 495 495 
399 347 548 406 
400 450 577 299 
