3
1000 1000 
1 475 710 261
2 582 829 686
3 777 706 972
4 595 748 975
5 540 233 572
6 740 223 635
7 858 256 478
8 336 643 574
9 962 208 649
10 320 686 53
11 769 354 69
12 250 400 222
13 334 596 314
14 752 84 524
15 107 403 989
16 234 271 190
17 395 330 789
18 824 326 51
19 711 889 398
20 759 493 975
21 507 419 568
22 217 443 252
23 957 47 137
24 470 729 905
25 511 826 110
26 142 551 855
27 281 232 385
28 266 427 283
29 385 631 902
30 714 507 467
31 741 465 261
32 853 717 401
33 854 306 336
34 952 311 846
35 698 3 387
36 265 565 378
37 942 292 858
38 950 179 161
39 35 356 868
40 84 41 922
41 847 677 466
42 735 340 49
43 291 603 262
44 661 530 303
45 970 249 123
46 681 362 238
47 600 810 673
48 917 657 547
49 848 843 800
50 764 960 123
51 745 252 190
52 478 757 302
53 421 712 738
54 876 684 747
55 826 78 386
56 712 406 320
57 271 898 556
58 804 616 998
59 686 799 944
60 732 976 774
61 646 426 167
62 358 150 151
63 930 536 174
64 35 759 532
65 834 701 174
66 443 130 618
67 805 721 656
68 87 543 579
69 696 905 437
70 414 83 601
71 354 568 657
72 411 496 317
73 28 136 964
74 224 426 179
75 759 651 362
76 116 805 281
77 141 541 919
78 391 836 166
79 824 390 324
80 83 235 295
81 768 375 555
82 690 280 749
83 88 862 127
84 514 841 859
85 715 291 779
86 614 405 339
87 258 200 780
88 416 937 10
89 153 737 633
90 271 688 405
91 893 894 341
92 216 743 425
93 753 163 456
94 148 345 445
95 854 845 943
96 43 263 183
97 474 689 796
98 38 19 336
99 842 944 350
100 132 107 939
101 750 124 137
102 315 334 912
103 983 797 375
104 657 261 585
105 801 436 827
106 269 824 832
107 779 801 866
108 910 460 545
109 873 15 428
110 329 89 869
111 333 310 82
112 997 699 909
113 457 244 114
114 38 452 409
115 938 866 31
116 353 142 503
117 286 424 36
118 820 132 225
119 494 195 653
120 397 928 58
121 222 336 498
122 998 868 532
123 327 20 924
124 537 415 410
125 144 749 809
126 39 249 590
127 807 172 957
128 830 678 923
129 357 992 571
130 498 879 584
131 711 533 344
132 120 923 373
133 949 543 324
134 117 853 430
135 424 572 365
136 592 529 197
137 211 94 409
138 692 505 257
139 690 598 901
140 244 691 286
141 949 755 732
142 894 846 8
143 402 687 796
144 470 969 620
145 293 935 472
146 257 331 26
147 98 903 617
148 265 954 758
149 348 524 874
150 34 625 453
151 449 780 858
152 434 668 915
153 195 355 139
154 606 715 78
155 271 277 397
156 62 885 209
157 835 27 102
158 957 860 25
159 802 51 814
160 61 946 63
161 359 597 186
162 338 85 932
163 656 824 108
164 481 980 642
165 84 856 117
166 325 113 936
167 67 607 8
168 494 942 384
169 141 617 698
170 857 120 740
171 281 648 734
172 134 39 605
173 972 639 83
174 742 428 885
175 373 722 972
176 576 847 272
177 111 337 479
178 582 346 984
179 317 12 553
180 364 23 971
181 407 677 123
182 128 988 8
183 166 22 930
184 1 617 661
185 571 140 523
186 358 412 554
187 169 976 490
188 602 738 645
189 976 108 31
190 187 126 240
191 716 605 35
192 735 209 682
193 352 345 953
194 210 285 493
195 888 895 196
196 29 256 788
197 502 135 904
198 443 557 361
199 503 912 425
200 516 590 697
201 127 183 672
202 283 739 21
203 358 796 401
204 718 565 988
205 127 441 909
206 513 501 786
207 191 670 301
208 539 194 280
209 269 722 960
210 239 603 938
211 585 878 894
212 270 960 690
213 427 644 266
214 297 527 34
215 831 713 971
216 682 579 739
217 245 346 397
218 767 245 283
219 869 245 751
220 705 861 379
221 901 619 516
222 74 902 578
223 259 408 219
224 129 829 743
225 44 779 58
226 219 40 617
227 157 550 292
228 864 428 5
229 917 827 917
230 148 994 589
231 874 574 856
232 906 296 145
233 705 309 989
234 660 451 179
235 385 327 466
236 969 186 156
237 586 378 28
238 508 922 421
239 67 619 520
240 311 984 525
241 264 526 148
242 536 956 149
243 654 694 751
244 18 116 858
245 228 690 637
246 215 165 799
247 865 673 237
248 462 446 900
249 467 482 891
250 505 713 21
251 147 428 907
252 192 237 510
253 62 424 816
254 593 867 348
255 774 11 257
256 509 868 5
257 762 737 528
258 136 359 590
259 191 238 42
260 292 110 786
261 151 647 887
262 786 630 955
263 338 256 947
264 173 52 425
265 673 424 231
266 984 361 688
267 833 865 510
268 855 748 905
269 754 792 24
270 225 335 23
271 274 553 631
272 221 25 367
273 687 446 995
274 457 100 977
275 360 631 119
276 87 162 80
277 238 592 318
278 848 667 196
279 453 926 53
280 948 549 164
281 20 115 112
282 205 709 624
283 256 264 329
284 707 407 738
285 820 730 224
286 250 937 196
287 274 923 326
288 586 350 301
289 232 608 808
290 683 4 721
291 841 899 241
292 899 644 60
293 155 249 115
294 624 95 799
295 57 993 380
296 647 85 226
297 712 491 5
298 255 761 622
299 54 569 476
300 831 588 801
301 344 634 608
302 317 682 134
303 146 938 382
304 835 575 713
305 69 786 986
306 109 19 458
307 196 733 220
308 92 989 715
309 15 389 400
310 51 186 549
311 620 954 660
312 921 196 792
313 384 746 522
314 873 947 513
315 821 191 877
316 617 588 865
317 143 251 935
318 838 662 7
319 945 662 169
320 643 943 569
321 897 862 978
322 66 961 287
323 633 30 222
324 428 934 740
325 144 885 32
326 770 804 487
327 839 869 858
328 872 78 635
329 990 72 894
330 36 466 583
331 721 20 901
332 327 133 103
333 549 442 200
334 665 805 973
335 348 920 708
336 513 739 353
337 763 690 830
338 484 356 863
339 908 406 896
340 831 247 184
341 83 296 112
342 224 686 23
343 934 357 380
344 35 466 473
345 214 583 374
346 799 339 692
347 328 135 540
348 907 694 622
349 312 145 212
350 179 403 279
351 439 428 571
352 371 935 817
353 128 881 382
354 733 943 492
355 208 586 733
356 417 997 390
357 877 685 735
358 533 69 903
359 111 171 233
360 884 602 991
361 240 823 571
362 343 114 624
363 565 272 864
364 283 163 581
365 976 257 498
366 3 525 955
367 841 547 315
368 681 6 470
369 205 773 331
370 329 384 812
371 625 523 619
372 336 748 521
373 459 691 699
374 720 388 500
375 300 705 693
376 319 636 601
377 668 641 57
378 870 293 849
379 948 851 76
380 110 621 759
381 774 710 556
382 76 215 872
383 492 586 83
384 203 879 984
385 715 529 91
386 547 808 528
387 185 924 944
388 359 520 331
389 163 446 913
390 168 929 829
391 471 250 376
392 402 97 783
393 728 823 803
394 894 317 642
395 560 584 618
396 991 455 151
397 127 462 356
398 269 735 555
399 883 635 985
400 666 294 213
