3
10 10 10  
1 9 8 6 
2 8 1 10 
3 9 5 5 
4 1 3 5 
5 6 9 10 
6 3 1 1 
7 6 8 9 
8 4 6 2 
9 3 1 3 
10 4 4 10 
11 6 8 6 
12 10 8 9 
13 4 9 10 
14 9 10 8 
15 5 3 9 
16 4 4 7 
17 8 4 5 
18 3 10 3 
19 2 1 9 
20 5 7 8 
21 8 10 1 
22 7 2 4 
23 4 2 8 
24 7 2 7 
25 9 4 7 
26 4 3 2 
27 6 5 2 
28 1 3 9 
29 2 3 9 
30 5 2 4 
31 6 2 9 
32 2 9 9 
33 9 6 9 
34 2 7 1 
35 8 2 3 
36 2 5 7 
37 10 2 10 
38 1 6 4 
39 8 10 8 
40 5 5 7 
41 1 7 1 
42 4 6 3 
43 4 7 3 
44 7 6 2 
45 10 8 4 
46 9 2 6 
47 4 8 2 
48 1 5 8 
49 8 9 2 
50 1 6 9 
51 4 1 1 
52 8 2 4 
53 4 4 1 
54 10 4 4 
55 9 1 1 
56 6 2 10 
57 4 10 9 
58 4 2 3 
59 8 4 6 
60 6 8 1 
61 4 2 6 
62 5 8 4 
63 8 6 4 
64 9 10 4 
65 2 5 4 
66 2 6 5 
67 10 6 4 
68 3 2 1 
69 10 6 6 
70 1 6 5 
71 6 3 8 
72 8 2 4 
73 3 10 8 
74 6 7 4 
75 3 4 7 
76 4 7 1 
77 2 8 7 
78 1 7 9 
79 5 5 6 
80 3 4 4 
81 7 5 1 
82 4 8 2 
83 8 5 2 
84 4 1 9 
85 6 3 10 
86 5 8 10 
87 10 2 8 
88 1 10 8 
89 4 1 9 
90 3 2 3 
91 7 8 8 
92 6 7 5 
93 8 4 9 
94 9 10 2 
95 9 4 3 
96 8 10 2 
97 1 2 8 
98 4 5 9 
99 8 1 4 
100 8 4 3 
101 10 9 5 
102 9 5 7 
103 10 10 6 
104 4 10 2 
105 4 7 5 
106 7 10 8 
107 5 1 10 
108 9 3 10 
109 5 10 8 
110 9 10 2 
111 5 10 5 
112 2 9 7 
113 3 3 8 
114 2 4 9 
115 1 8 7 
116 4 1 8 
117 2 4 5 
118 6 7 6 
119 1 9 8 
120 9 9 9 
121 5 6 4 
122 3 10 7 
123 5 8 4 
124 6 4 5 
125 9 7 6 
126 10 4 10 
127 5 2 5 
128 1 4 2 
129 9 7 1 
130 9 2 9 
131 10 3 10 
132 10 2 4 
133 5 10 2 
134 6 6 4 
135 5 1 7 
136 6 3 5 
137 5 3 8 
138 5 3 10 
139 6 5 1 
140 7 9 8 
141 9 6 3 
142 8 4 1 
143 6 10 2 
144 9 10 1 
145 1 8 10 
146 9 7 5 
147 1 10 6 
148 2 9 10 
149 4 1 1 
150 3 10 2 
151 3 9 10 
152 3 4 7 
153 10 10 3 
154 10 10 8 
155 9 8 4 
156 2 8 3 
157 2 8 10 
158 9 9 1 
159 3 5 8 
160 2 7 9 
161 3 6 8 
162 7 3 7 
163 5 5 7 
164 9 1 5 
165 2 2 2 
166 10 4 8 
167 2 9 3 
168 6 2 8 
169 3 4 5 
170 4 5 4 
171 5 7 2 
172 9 8 7 
173 10 9 2 
174 5 5 10 
175 7 3 10 
176 5 2 3 
177 5 3 10 
178 2 1 7 
179 7 2 10 
180 9 2 7 
181 2 9 4 
182 4 6 4 
183 10 6 1 
184 10 9 10 
185 10 1 4 
186 8 8 5 
187 6 8 4 
188 10 4 1 
189 1 4 9 
190 1 7 4 
191 8 7 6 
192 6 5 10 
193 5 8 3 
194 8 7 6 
195 8 1 4 
196 6 10 10 
197 8 1 5 
198 4 10 8 
199 6 4 8 
200 6 5 4 
201 9 2 10 
202 8 6 9 
203 10 6 5 
204 9 2 8 
205 3 9 3 
206 8 6 8 
207 4 6 2 
208 3 4 2 
209 4 8 5 
210 2 3 10 
211 1 9 6 
212 6 10 6 
213 8 4 2 
214 9 6 6 
215 2 4 9 
216 6 9 10 
217 2 1 5 
218 1 5 10 
219 7 10 10 
220 4 4 5 
221 4 6 4 
222 1 8 7 
223 2 1 7 
224 2 5 1 
225 1 1 3 
226 8 7 1 
227 8 9 4 
228 10 7 4 
229 6 8 2 
230 9 8 8 
231 8 3 4 
232 10 1 9 
233 3 6 10 
234 9 9 6 
235 10 10 8 
236 4 4 3 
237 9 1 6 
238 4 3 10 
239 1 7 1 
240 3 1 2 
241 5 3 9 
242 5 9 9 
243 9 6 8 
244 5 5 10 
245 10 8 3 
246 9 5 10 
247 9 8 7 
248 3 4 5 
249 3 3 10 
250 5 6 9 
251 3 1 10 
252 2 1 6 
253 10 7 7 
254 4 7 6 
255 3 10 2 
256 2 10 10 
257 1 7 3 
258 8 1 3 
259 7 5 4 
260 7 5 7 
261 4 3 8 
262 5 5 10 
263 2 10 2 
264 2 5 6 
265 4 9 10 
266 9 6 1 
267 10 2 4 
268 4 8 10 
269 2 4 7 
270 8 5 5 
271 8 5 7 
272 9 10 9 
273 6 4 5 
274 10 1 5 
275 2 10 2 
276 3 2 7 
277 5 7 9 
278 9 10 3 
279 7 9 4 
280 8 8 9 
281 7 6 7 
282 6 8 9 
283 1 2 5 
284 9 6 10 
285 10 5 10 
286 4 8 9 
287 6 4 10 
288 1 7 9 
289 5 6 6 
290 9 1 5 
291 5 3 2 
292 7 4 3 
293 6 4 8 
294 7 10 5 
295 2 1 1 
296 4 5 3 
297 10 2 1 
298 4 7 3 
299 9 1 4 
300 1 10 10 
301 3 10 1 
302 5 9 4 
303 10 9 5 
304 7 3 6 
305 5 10 9 
306 7 5 10 
307 10 5 4 
308 2 8 5 
309 7 10 6 
310 2 4 4 
311 4 1 4 
312 8 7 10 
313 6 8 4 
314 2 3 5 
315 8 10 9 
316 3 9 3 
317 6 2 8 
318 10 8 2 
319 5 8 3 
320 1 8 4 
321 4 9 9 
322 10 7 8 
323 10 7 9 
324 7 8 10 
325 2 9 5 
326 3 7 8 
327 1 1 6 
328 5 5 5 
329 6 1 4 
330 7 9 7 
331 7 5 8 
332 8 6 8 
333 1 6 4 
334 6 5 9 
335 6 7 9 
336 6 7 9 
337 4 8 9 
338 9 6 7 
339 6 1 7 
340 8 2 2 
341 5 2 2 
342 6 4 9 
343 10 1 4 
344 4 10 4 
345 7 4 10 
346 3 8 4 
347 3 6 1 
348 9 5 3 
349 7 4 2 
350 7 8 1 
351 7 3 6 
352 6 3 9 
353 5 9 4 
354 7 9 1 
355 5 7 6 
356 7 10 9 
357 3 7 7 
358 10 10 4 
359 1 10 5 
360 6 1 4 
361 6 4 3 
362 1 2 7 
363 5 8 5 
364 5 3 2 
365 3 7 8 
366 3 3 8 
367 4 5 1 
368 3 1 6 
369 9 3 3 
370 3 7 6 
371 1 8 6 
372 1 7 3 
373 10 4 3 
374 5 6 9 
375 5 1 6 
376 8 7 10 
377 3 2 5 
378 6 6 3 
379 1 7 3 
380 4 6 10 
381 10 8 2 
382 9 2 5 
383 8 5 2 
384 4 3 2 
385 9 6 4 
386 3 6 6 
387 8 5 5 
388 5 9 6 
389 2 4 10 
390 1 1 2 
391 3 8 3 
392 5 5 3 
393 5 6 6 
394 7 6 6 
395 8 2 4 
396 1 6 3 
397 7 1 1 
398 2 1 1 
399 6 8 2 
400 6 2 7 
401 8 1 3 
402 1 9 8 
403 10 7 4 
404 4 9 6 
405 3 4 8 
406 4 7 2 
407 2 5 5 
408 9 9 7 
409 7 9 9 
410 3 8 1 
411 5 7 5 
412 9 4 6 
413 9 6 7 
414 9 3 10 
415 10 3 8 
416 6 3 7 
417 10 8 9 
418 5 6 10 
419 9 9 1 
420 6 6 6 
421 7 1 1 
422 1 5 10 
423 3 1 6 
424 2 10 10 
425 9 8 8 
426 7 9 2 
427 9 7 3 
428 9 4 5 
429 4 4 10 
430 6 1 5 
431 7 1 9 
432 8 2 7 
433 4 6 6 
434 6 8 10 
435 4 7 2 
436 5 3 9 
437 6 4 8 
438 6 10 4 
439 4 1 6 
440 5 8 3 
441 8 8 8 
442 5 9 1 
443 8 5 10 
444 1 3 3 
445 3 7 4 
446 7 9 7 
447 1 10 1 
448 2 4 7 
449 5 6 10 
450 1 6 5 
451 5 8 2 
452 5 9 10 
453 3 10 10 
454 1 9 1 
455 1 7 5 
456 1 1 2 
457 8 8 3 
458 9 10 3 
459 5 2 8 
460 3 10 5 
461 8 5 8 
462 4 4 4 
463 1 4 9 
464 7 5 5 
465 3 4 7 
466 7 2 9 
467 3 7 7 
468 9 10 5 
469 3 2 1 
470 4 4 1 
471 2 7 4 
472 6 5 9 
473 5 8 10 
474 8 7 1 
475 3 8 6 
476 8 8 4 
477 7 9 5 
478 5 8 1 
479 3 5 8 
480 5 10 7 
481 10 6 1 
482 5 9 9 
483 8 6 7 
484 5 9 2 
485 2 1 1 
486 7 4 8 
487 7 7 10 
488 1 7 3 
489 10 10 2 
490 5 9 4 
491 5 10 7 
492 10 10 4 
493 8 10 4 
494 4 8 8 
495 3 1 10 
496 1 4 4 
497 3 6 1 
498 9 5 4 
499 8 10 10 
500 5 1 7 
501 9 6 10 
502 6 3 1 
503 9 1 8 
504 2 8 2 
505 1 4 1 
506 9 5 3 
507 5 3 1 
508 6 1 4 
509 5 4 7 
510 9 5 2 
511 2 7 4 
512 8 10 4 
513 5 2 5 
514 6 5 8 
515 10 1 3 
516 9 1 1 
517 9 7 7 
518 3 3 8 
519 7 2 9 
520 1 4 9 
521 5 9 5 
522 10 2 2 
523 6 4 4 
524 1 10 6 
525 10 2 1 
526 2 2 4 
527 6 8 5 
528 7 9 9 
529 2 4 4 
530 3 9 2 
531 4 1 10 
532 1 10 5 
533 7 3 1 
534 10 2 7 
535 6 4 6 
536 6 9 4 
537 7 6 2 
538 3 2 10 
539 2 2 9 
540 7 5 3 
541 10 2 6 
542 4 7 2 
543 2 10 10 
544 3 10 1 
545 2 4 10 
546 6 7 3 
547 10 2 6 
548 6 7 6 
549 5 2 3 
550 3 8 10 
551 7 6 2 
552 10 6 5 
553 1 4 10 
554 6 8 5 
555 9 6 4 
556 3 3 2 
557 2 9 8 
558 3 7 5 
559 7 3 7 
560 8 8 9 
561 6 3 9 
562 6 8 7 
563 6 5 4 
564 1 7 9 
565 7 9 3 
566 2 8 6 
567 3 8 3 
568 5 8 10 
569 1 10 10 
570 9 4 8 
571 9 9 5 
572 3 7 6 
573 4 4 8 
574 4 6 4 
575 8 7 3 
576 3 4 9 
577 10 4 5 
578 3 1 9 
579 4 8 3 
580 6 9 1 
581 4 10 8 
582 8 4 5 
583 4 10 8 
584 3 6 2 
585 4 3 3 
586 10 1 6 
587 7 6 8 
588 5 1 1 
589 9 1 7 
590 6 5 5 
591 4 7 6 
592 5 1 4 
593 3 8 5 
594 2 9 9 
595 2 10 1 
596 2 3 1 
597 6 10 6 
598 3 8 2 
599 4 7 10 
600 2 4 6 
601 7 3 2 
602 1 8 2 
603 4 10 1 
604 5 9 2 
605 3 9 8 
606 2 3 6 
607 8 5 9 
608 5 5 6 
609 6 4 6 
610 8 1 7 
611 3 4 10 
612 4 2 2 
613 1 5 6 
614 5 8 4 
615 3 10 9 
616 5 1 7 
617 1 5 2 
618 8 3 10 
619 1 2 4 
620 3 1 5 
621 8 1 9 
622 5 8 10 
623 9 10 7 
624 8 3 7 
625 2 8 1 
626 10 5 1 
627 2 1 10 
628 5 3 8 
629 8 9 3 
630 5 9 10 
631 10 1 10 
632 7 6 1 
633 10 4 8 
634 8 4 10 
635 5 6 8 
636 7 10 6 
637 6 6 7 
638 2 3 8 
639 1 3 2 
640 5 4 6 
641 4 2 8 
642 8 1 1 
643 3 9 3 
644 1 3 3 
645 7 6 10 
646 2 8 3 
647 10 5 10 
648 3 3 6 
649 8 4 5 
650 1 2 9 
651 4 1 7 
652 5 3 8 
653 10 5 8 
654 5 6 1 
655 7 10 4 
656 9 9 1 
657 4 2 6 
658 9 7 6 
659 8 1 1 
660 10 2 2 
661 3 6 10 
662 3 1 2 
663 5 5 4 
664 7 6 1 
665 10 9 9 
666 7 3 2 
667 4 8 1 
668 10 6 10 
669 6 10 8 
670 10 3 2 
671 5 2 1 
672 5 2 8 
673 6 2 6 
674 5 5 4 
675 6 8 7 
676 10 2 3 
677 7 8 8 
678 2 2 2 
679 5 8 3 
680 5 2 10 
681 10 9 6 
682 5 4 3 
683 9 1 9 
684 1 2 8 
685 3 6 4 
686 8 5 8 
687 3 2 2 
688 7 2 1 
689 6 2 3 
690 9 9 1 
691 5 6 10 
692 2 4 10 
693 2 4 2 
694 10 2 4 
695 9 6 4 
696 4 5 1 
697 6 7 10 
698 6 10 5 
699 8 7 8 
700 7 3 8 
701 6 6 10 
702 1 10 9 
703 2 4 7 
704 5 2 5 
705 3 10 7 
706 7 3 3 
707 10 6 10 
708 1 10 3 
709 6 8 9 
710 8 9 10 
711 5 9 8 
712 4 10 6 
713 1 3 2 
714 9 6 4 
715 6 1 8 
716 2 3 5 
717 7 10 2 
718 4 8 3 
719 3 5 10 
720 10 9 3 
721 2 9 8 
722 3 5 4 
723 8 3 4 
724 1 4 7 
725 7 9 3 
726 8 6 10 
727 1 2 6 
728 1 7 9 
729 3 8 5 
730 5 9 9 
731 1 10 6 
732 3 6 9 
733 2 8 3 
734 2 5 2 
735 5 9 9 
736 7 10 9 
737 7 7 6 
738 10 8 4 
739 7 9 8 
740 1 1 5 
741 2 8 1 
742 5 3 2 
743 1 4 5 
744 4 4 8 
745 2 5 10 
746 5 4 4 
747 2 4 2 
748 2 8 5 
749 5 1 1 
750 2 5 4 
751 4 1 2 
752 10 2 7 
753 9 7 7 
754 9 5 3 
755 6 9 9 
756 5 8 4 
757 1 5 9 
758 1 5 8 
759 5 7 6 
760 6 7 7 
761 2 3 3 
762 4 3 5 
763 5 2 8 
764 8 3 3 
765 9 6 9 
766 6 9 4 
767 10 1 2 
768 4 5 10 
769 6 2 2 
770 4 3 3 
771 6 4 4 
772 5 8 8 
773 7 7 7 
774 3 3 3 
775 3 4 9 
776 1 2 10 
777 8 6 3 
778 4 5 1 
779 10 4 8 
780 2 5 7 
781 9 5 5 
782 10 9 6 
783 4 6 5 
784 9 5 3 
785 8 5 6 
786 1 10 10 
787 2 10 1 
788 7 8 1 
789 5 1 6 
790 3 10 7 
791 9 4 6 
792 4 6 3 
793 7 6 10 
794 7 9 6 
795 1 4 3 
796 3 2 5 
797 1 2 2 
798 3 10 4 
799 9 1 1 
800 8 8 10 
801 8 4 1 
802 3 2 8 
803 10 8 1 
804 6 4 2 
805 9 8 4 
806 3 6 1 
807 4 3 7 
808 6 2 6 
809 10 1 7 
810 1 4 4 
811 6 1 8 
812 2 5 9 
813 3 4 5 
814 8 2 8 
815 9 10 7 
816 2 3 1 
817 2 2 7 
818 10 9 10 
819 4 10 4 
820 8 1 9 
821 7 3 6 
822 7 5 7 
823 10 6 8 
824 4 8 2 
825 1 9 9 
826 9 2 9 
827 5 3 8 
828 8 5 7 
829 4 3 6 
830 8 7 7 
831 4 8 3 
832 9 4 4 
833 3 7 10 
834 2 10 9 
835 9 5 2 
836 2 7 7 
837 2 2 2 
838 1 9 1 
839 8 4 3 
840 10 8 2 
841 4 4 1 
842 9 1 4 
843 6 2 8 
844 8 9 2 
845 5 8 10 
846 5 2 8 
847 4 1 9 
848 10 1 5 
849 9 1 3 
850 6 5 4 
851 10 1 7 
852 6 4 4 
853 7 5 9 
854 9 7 8 
855 3 6 7 
856 7 5 6 
857 4 2 1 
858 4 2 2 
859 2 6 9 
860 7 3 6 
861 9 4 5 
862 8 5 3 
863 3 2 7 
864 8 1 10 
865 7 5 2 
866 5 4 4 
867 2 7 4 
868 7 7 4 
869 6 2 4 
870 3 7 7 
871 2 1 8 
872 2 10 7 
873 10 9 5 
874 8 10 10 
875 5 3 4 
876 7 8 1 
877 1 5 7 
878 9 1 8 
879 7 5 9 
880 3 9 2 
881 5 7 5 
882 6 3 5 
883 3 7 4 
884 3 4 3 
885 7 7 1 
886 5 7 1 
887 8 10 4 
888 3 6 7 
889 4 3 4 
890 6 1 3 
891 10 9 3 
892 8 5 5 
893 3 10 5 
894 4 6 6 
895 9 9 3 
896 4 7 10 
897 8 3 8 
898 5 3 3 
899 3 10 4 
900 7 5 10 
901 1 6 8 
902 4 4 2 
903 10 3 9 
904 10 6 10 
905 5 2 2 
906 4 3 4 
907 3 2 2 
908 7 8 1 
909 6 2 9 
910 8 2 7 
911 6 8 7 
912 10 1 10 
913 3 7 7 
914 7 9 3 
915 7 5 7 
916 1 9 3 
917 9 2 1 
918 2 6 2 
919 5 10 1 
920 5 8 3 
921 6 7 6 
922 7 9 9 
923 4 7 6 
924 2 8 3 
925 5 4 5 
926 8 2 3 
927 8 1 3 
928 7 2 7 
929 6 8 9 
930 9 2 9 
931 6 6 7 
932 10 7 10 
933 2 2 2 
934 1 9 7 
935 1 1 7 
936 5 10 9 
937 8 3 4 
938 2 9 7 
939 9 10 7 
940 7 8 10 
941 6 9 2 
942 2 8 10 
943 8 9 1 
944 5 2 3 
945 6 1 8 
946 10 10 10 
947 2 5 2 
948 9 10 3 
949 10 3 1 
950 2 8 9 
951 9 7 8 
952 2 10 3 
953 9 1 6 
954 10 6 7 
955 10 9 6 
956 1 1 4 
957 7 4 7 
958 10 1 6 
959 5 2 5 
960 10 8 6 
961 2 5 3 
962 10 7 1 
963 10 10 6 
964 10 5 2 
965 3 2 6 
966 7 10 7 
967 10 4 6 
968 7 7 4 
969 9 10 2 
970 9 8 3 
971 4 3 6 
972 7 1 7 
973 4 6 1 
974 6 3 9 
975 4 3 2 
976 2 5 1 
977 10 9 5 
978 9 5 6 
979 3 3 7 
980 7 4 8 
981 4 10 5 
982 8 6 7 
983 1 8 1 
984 3 10 9 
985 6 10 9 
986 8 8 5 
987 8 8 6 
988 2 4 8 
989 7 5 6 
990 8 6 9 
991 2 4 7 
992 6 1 2 
993 3 10 5 
994 1 2 2 
995 1 9 7 
996 8 7 6 
997 3 4 7 
998 5 3 2 
999 4 7 1 
1000 3 7 9 
