3
100 100 
1 16 2 41
2 23 35 3
3 36 1 37
4 9 8 35
5 2 49 12
6 4 43 9
7 12 44 37
8 9 27 12
9 46 20 36
10 5 1 41
11 26 2 41
12 19 33 5
13 20 43 14
14 11 34 47
15 14 31 44
16 31 12 30
17 9 46 2
18 18 9 14
19 19 16 2
20 39 38 26
21 16 48 9
22 44 3 38
23 2 34 11
24 20 8 20
25 38 28 9
26 49 23 40
27 22 18 27
28 30 27 17
29 18 8 30
30 39 2 49
31 26 49 25
32 18 30 20
33 34 20 30
34 31 11 27
35 14 4 49
36 19 48 29
37 13 38 50
38 12 28 8
39 6 6 35
40 39 38 31
41 45 48 5
42 42 5 41
43 1 25 1
44 30 47 33
45 15 22 33
46 45 15 18
47 11 2 41
48 5 22 24
49 29 44 32
50 31 15 17
51 34 1 15
52 31 24 47
53 9 16 9
54 9 9 37
55 18 7 33
56 19 50 41
57 37 25 15
58 50 1 47
59 14 22 46
60 36 25 45
61 21 18 26
62 9 37 38
63 4 30 38
64 3 15 47
65 42 12 16
66 48 15 36
67 11 20 4
68 48 16 16
69 15 21 11
70 16 6 19
71 17 27 12
72 14 3 9
73 25 23 29
74 33 39 38
75 32 48 45
76 30 25 25
77 22 37 46
78 8 43 38
79 43 19 50
80 33 17 32
81 8 4 7
82 12 24 19
83 3 33 31
84 17 29 12
85 9 19 41
86 8 46 43
87 37 44 45
88 9 10 27
89 47 14 50
90 4 25 27
91 48 48 46
92 46 40 36
93 12 18 34
94 42 19 9
95 44 39 41
96 1 13 45
97 13 23 48
98 32 37 14
99 9 28 10
100 10 6 39
101 46 35 36
102 36 35 40
103 41 27 22
104 46 17 16
105 26 47 43
106 15 50 35
107 21 32 26
108 26 13 49
109 27 31 14
110 19 4 42
111 24 22 24
112 11 46 49
113 14 16 29
114 6 20 43
115 47 41 30
116 26 19 10
117 1 36 1
118 36 46 26
119 28 15 16
120 18 25 3
121 34 26 25
122 8 13 9
123 42 36 24
124 7 4 3
125 34 42 10
126 35 3 13
127 2 38 17
128 48 17 9
129 19 33 11
130 13 36 32
131 40 35 14
132 11 41 28
133 11 27 23
134 20 23 9
135 40 27 38
136 38 9 32
137 48 47 7
138 41 29 18
139 24 3 22
140 36 6 34
141 40 3 31
142 32 6 40
143 49 16 15
144 7 12 25
145 16 15 40
146 12 6 40
147 26 42 26
148 12 9 29
149 3 3 22
150 1 20 11
151 50 14 48
152 14 23 34
153 18 3 38
154 40 17 32
155 19 50 49
156 20 17 23
157 21 42 10
158 33 34 12
159 44 9 25
160 22 44 12
161 35 10 40
162 30 35 29
163 12 12 20
164 46 46 14
165 19 9 9
166 18 40 38
167 42 22 3
168 26 7 47
169 13 37 17
170 19 23 19
171 49 38 42
172 15 14 2
173 17 13 47
174 1 18 40
175 14 15 18
176 13 1 46
177 23 16 45
178 44 11 22
179 31 17 35
180 24 42 8
181 44 9 42
182 41 17 26
183 12 44 37
184 3 35 13
185 35 23 15
186 14 30 31
187 26 40 12
188 11 15 35
189 36 49 25
190 13 20 36
191 18 14 50
192 36 19 37
193 40 40 40
194 1 40 20
195 44 33 10
196 11 2 32
197 44 43 25
198 34 25 27
199 38 9 28
200 11 38 14
201 32 16 12
202 44 42 35
203 37 4 5
204 39 4 27
205 50 19 8
206 44 6 40
207 49 35 48
208 3 48 23
209 28 8 31
210 9 45 8
211 24 44 37
212 6 28 26
213 49 45 27
214 27 17 29
215 49 34 15
216 15 45 24
217 2 33 17
218 20 30 47
219 30 33 18
220 34 21 7
221 36 7 19
222 2 25 47
223 21 27 7
224 47 5 48
225 19 3 38
226 38 42 5
227 22 5 16
228 18 43 23
229 10 13 9
230 6 8 37
231 28 20 37
232 26 5 40
233 35 46 24
234 43 30 38
235 31 8 47
236 25 43 32
237 44 35 13
238 8 35 33
239 41 27 49
240 38 39 33
241 49 2 38
242 34 25 25
243 8 9 45
244 45 13 46
245 48 36 8
246 27 17 7
247 2 11 9
248 3 18 3
249 24 22 37
250 21 3 12
251 30 10 15
252 12 6 25
253 11 11 1
254 9 17 44
255 20 16 1
256 15 30 47
257 33 32 42
258 28 13 49
259 50 8 28
260 49 22 27
261 25 35 30
262 44 41 45
263 21 29 21
264 5 29 28
265 14 10 23
266 29 46 19
267 50 23 19
268 48 15 30
269 9 26 20
270 46 48 8
271 9 31 15
272 49 1 50
273 6 45 36
274 23 26 49
275 45 49 48
276 44 1 34
277 4 50 28
278 10 15 39
279 9 46 36
280 16 30 19
281 22 43 10
282 8 17 23
283 29 9 9
284 43 42 16
285 25 27 19
286 30 25 18
287 22 45 30
288 5 27 16
289 13 22 15
290 9 33 48
291 36 50 28
292 46 18 33
293 21 4 35
294 24 22 15
295 35 35 6
296 14 38 41
297 21 19 17
298 25 4 25
299 42 45 24
300 22 21 15
301 45 24 16
302 14 41 36
303 50 13 23
304 42 42 10
305 45 49 1
306 2 16 33
307 41 19 41
308 13 43 16
309 42 2 26
310 7 44 24
311 22 24 45
312 39 47 25
313 31 30 27
314 10 19 33
315 43 3 8
316 38 23 37
317 9 29 40
318 33 33 41
319 13 35 44
320 33 5 34
321 28 32 3
322 13 3 21
323 26 3 7
324 48 31 37
325 41 50 2
326 34 47 29
327 49 47 13
328 8 15 5
329 37 49 4
330 6 42 48
331 4 20 47
332 32 36 47
333 32 40 2
334 38 48 17
335 45 28 50
336 5 33 6
337 4 17 24
338 26 41 8
339 10 42 20
340 25 10 14
341 37 41 3
342 47 27 5
343 6 13 7
344 7 24 9
345 33 12 24
346 26 32 23
347 47 19 36
348 41 26 41
349 33 8 11
350 45 39 32
351 25 22 6
352 22 35 40
353 32 16 49
354 17 7 37
355 34 44 13
356 44 48 19
357 33 29 20
358 3 8 36
359 36 11 22
360 46 15 44
361 49 22 22
362 14 28 38
363 27 33 50
364 22 40 37
365 49 27 39
366 50 5 33
367 23 49 11
368 25 47 25
369 3 5 5
370 47 29 32
371 19 5 48
372 38 50 35
373 48 39 8
374 40 42 32
375 29 46 33
376 33 31 48
377 5 22 45
378 35 5 13
379 14 24 46
380 41 1 22
381 38 43 13
382 37 18 15
383 48 16 35
384 4 25 34
385 34 2 16
386 27 3 14
387 29 15 22
388 26 46 24
389 4 8 38
390 33 7 18
391 36 5 22
392 22 17 40
393 3 2 34
394 30 10 26
395 42 42 14
396 12 31 6
397 36 46 41
398 43 33 24
399 10 21 3
400 23 46 28
401 15 7 31
402 27 46 4
403 39 47 42
404 37 28 36
405 28 5 7
406 49 23 7
407 27 13 6
408 40 14 36
409 50 35 26
410 36 19 42
411 43 36 33
412 12 48 44
413 38 20 33
414 20 26 19
415 23 37 31
416 42 39 19
417 26 8 37
418 4 47 34
419 12 49 44
420 16 11 28
421 13 18 9
422 26 49 45
423 8 28 13
424 22 35 30
425 29 43 20
426 33 7 50
427 22 19 22
428 23 45 1
429 23 4 30
430 43 13 13
431 21 43 39
432 21 43 37
433 24 15 42
434 28 37 12
435 43 9 39
436 21 2 27
437 39 7 50
438 50 1 31
439 46 9 17
440 22 23 22
441 35 28 10
442 42 37 13
443 46 3 25
444 18 27 47
445 7 47 23
446 34 17 39
447 8 42 14
448 29 44 16
449 40 16 38
450 18 24 17
451 37 13 45
452 41 33 22
453 47 25 25
454 33 31 33
455 3 29 9
456 41 41 6
457 25 31 50
458 1 1 38
459 14 48 41
460 10 49 5
461 9 48 28
462 43 31 5
463 46 29 7
464 45 38 13
465 45 30 40
466 10 24 40
467 17 31 11
468 29 25 42
469 45 25 31
470 23 41 16
471 6 1 17
472 13 22 7
473 48 45 27
474 21 37 43
475 35 6 44
476 30 49 32
477 34 23 30
478 25 27 21
479 15 50 26
480 12 28 28
481 47 24 32
482 9 40 12
483 1 45 9
484 30 25 14
485 33 10 26
486 20 13 10
487 48 48 19
488 15 15 25
489 26 31 9
490 13 28 24
491 11 15 24
492 47 4 50
493 33 8 16
494 41 48 8
495 48 33 34
496 35 31 5
497 7 34 35
498 9 23 15
499 28 12 12
500 24 10 8
501 17 24 41
502 35 1 24
503 9 14 2
504 50 17 7
505 9 16 24
506 13 13 23
507 18 21 19
508 10 2 3
509 45 27 30
510 50 48 19
511 31 17 28
512 23 42 32
513 3 7 17
514 42 14 30
515 34 37 31
516 23 21 8
517 42 8 48
518 29 27 23
519 8 34 30
520 7 27 35
521 49 27 47
522 23 5 4
523 50 32 22
524 26 20 14
525 6 25 15
526 48 31 40
527 4 3 40
528 10 5 44
529 28 42 2
530 43 45 41
531 24 30 24
532 15 28 25
533 17 6 16
534 49 4 29
535 16 28 7
536 50 23 44
537 12 47 40
538 35 26 30
539 47 42 47
540 33 26 3
541 34 23 31
542 27 1 37
543 15 8 49
544 8 14 50
545 38 8 14
546 2 23 21
547 4 16 18
548 23 42 12
549 5 21 36
550 3 21 24
551 7 37 37
552 20 3 45
553 28 11 45
554 44 28 38
555 9 15 41
556 9 8 45
557 8 47 11
558 39 10 3
559 3 12 33
560 43 28 45
561 30 23 44
562 2 43 31
563 18 21 42
564 15 7 21
565 23 25 14
566 44 43 43
567 26 47 50
568 19 14 31
569 4 38 13
570 15 10 24
571 20 11 9
572 37 24 10
573 27 16 44
574 31 50 2
575 10 3 14
576 1 31 19
577 41 41 23
578 21 49 39
579 41 17 24
580 10 6 5
581 22 31 48
582 6 15 37
583 29 13 27
584 25 43 47
585 15 46 43
586 26 17 26
587 18 2 45
588 25 16 8
589 14 16 49
590 37 44 49
591 31 8 16
592 10 22 23
593 33 23 25
594 11 27 6
595 36 24 19
596 31 50 37
597 28 43 22
598 18 6 7
599 18 16 19
600 33 23 36
601 21 5 4
602 24 43 34
603 29 7 18
604 49 44 21
605 16 27 3
606 48 25 7
607 21 7 8
608 28 7 7
609 42 50 19
610 47 28 6
611 12 39 2
612 21 24 6
613 24 16 6
614 1 48 6
615 12 25 23
616 50 31 11
617 18 38 16
618 32 20 29
619 15 5 44
620 20 16 33
621 37 50 49
622 39 6 9
623 29 25 38
624 2 41 49
625 1 20 33
626 16 25 28
627 4 30 4
628 17 29 17
629 39 28 49
630 39 25 20
631 33 3 11
632 19 45 24
633 16 5 5
634 30 44 44
635 30 23 46
636 41 15 47
637 5 37 21
638 7 18 16
639 30 14 39
640 22 34 45
641 48 19 48
642 33 37 12
643 43 15 25
644 36 27 5
645 42 1 8
646 36 31 8
647 14 32 5
648 20 32 11
649 10 9 6
650 4 40 42
651 50 50 12
652 50 32 24
653 26 23 26
654 17 49 4
655 27 31 2
656 36 41 17
657 8 48 39
658 8 15 27
659 21 4 10
660 23 36 19
661 8 19 15
662 2 5 18
663 24 35 28
664 37 9 40
665 14 24 45
666 43 28 24
667 20 24 38
668 46 3 2
669 7 29 26
670 49 2 17
671 2 13 3
672 7 40 29
673 43 44 44
674 37 4 27
675 33 28 9
676 50 44 2
677 26 36 7
678 31 5 44
679 15 37 22
680 1 5 42
681 39 25 41
682 27 41 2
683 6 38 6
684 40 13 7
685 11 33 13
686 50 24 15
687 2 27 33
688 13 47 24
689 50 32 10
690 23 36 36
691 33 1 21
692 26 26 37
693 5 40 29
694 47 43 49
695 5 50 17
696 36 32 34
697 29 16 38
698 41 32 11
699 24 28 24
700 18 30 39
701 6 15 45
702 13 8 34
703 7 7 40
704 44 43 15
705 25 27 36
706 14 49 48
707 35 42 23
708 23 17 8
709 33 33 39
710 8 41 9
711 7 18 9
712 40 29 19
713 41 48 25
714 37 33 5
715 42 44 19
716 49 36 16
717 29 22 23
718 24 7 2
719 2 9 23
720 23 47 36
721 46 39 16
722 26 8 46
723 39 45 50
724 26 31 38
725 8 6 28
726 17 22 49
727 12 10 18
728 41 14 40
729 43 15 22
730 27 32 43
731 36 3 8
732 15 19 9
733 4 9 33
734 47 30 18
735 38 19 40
736 26 47 14
737 21 21 50
738 44 15 27
739 22 46 47
740 22 11 3
741 27 12 48
742 14 1 49
743 47 5 3
744 15 13 22
745 30 31 6
746 5 10 10
747 46 36 16
748 9 18 43
749 38 19 46
750 11 49 26
751 7 14 36
752 45 30 5
753 3 4 3
754 45 16 29
755 22 39 4
756 29 37 37
757 40 5 7
758 28 43 27
759 7 11 29
760 38 14 7
761 3 24 6
762 47 16 34
763 21 12 41
764 32 23 13
765 27 32 22
766 5 31 5
767 13 38 12
768 11 4 22
769 11 38 8
770 11 17 1
771 6 42 17
772 46 45 10
773 17 16 49
774 48 12 41
775 20 6 46
776 48 5 29
777 22 38 21
778 16 47 3
779 9 8 42
780 29 30 29
781 50 49 44
782 34 10 37
783 43 38 43
784 12 36 33
785 14 13 49
786 20 14 29
787 34 2 45
788 10 27 11
789 39 24 13
790 28 13 29
791 45 48 39
792 46 25 17
793 9 45 37
794 29 41 5
795 12 33 1
796 15 31 44
797 22 31 16
798 22 30 8
799 29 47 40
800 24 2 24
801 46 10 21
802 28 47 37
803 44 50 28
804 27 7 27
805 29 15 47
806 30 18 28
807 26 25 45
808 19 29 37
809 28 28 18
810 21 6 6
811 29 49 35
812 35 13 50
813 29 32 30
814 16 24 3
815 13 34 16
816 37 27 5
817 40 37 44
818 6 31 42
819 11 2 41
820 46 5 7
821 33 39 26
822 49 33 28
823 3 18 33
824 45 44 7
825 34 41 15
826 25 19 2
827 6 6 9
828 47 40 32
829 21 44 8
830 19 35 2
831 8 17 43
832 47 34 14
833 17 15 47
834 3 11 46
835 25 41 37
836 36 22 47
837 5 47 30
838 44 12 25
839 33 28 48
840 4 7 31
841 8 47 18
842 9 35 13
843 50 23 31
844 49 22 47
845 35 8 44
846 22 24 44
847 28 2 11
848 10 33 1
849 27 13 36
850 30 18 31
851 1 2 28
852 41 42 12
853 1 1 13
854 9 40 34
855 48 8 29
856 21 12 11
857 13 18 41
858 44 27 21
859 36 44 34
860 1 29 2
861 47 12 11
862 9 33 31
863 16 15 31
864 43 30 21
865 18 21 48
866 49 40 25
867 21 7 22
868 15 35 39
869 39 45 25
870 33 50 11
871 2 44 33
872 23 16 36
873 3 28 36
874 6 11 19
875 6 32 3
876 4 22 19
877 36 16 31
878 31 50 5
879 28 38 46
880 16 45 38
881 45 19 5
882 27 40 38
883 40 5 48
884 49 45 4
885 39 41 21
886 25 11 5
887 3 36 13
888 49 34 49
889 19 31 40
890 46 27 7
891 30 4 48
892 3 9 47
893 44 15 43
894 22 36 24
895 35 4 44
896 23 34 40
897 25 35 13
898 19 5 47
899 8 17 25
900 38 12 6
901 26 18 41
902 21 40 39
903 11 11 30
904 46 15 10
905 4 20 14
906 34 33 36
907 32 14 49
908 13 14 24
909 15 26 6
910 2 23 1
911 21 22 48
912 35 41 27
913 14 43 25
914 12 45 16
915 12 9 33
916 21 47 15
917 26 50 18
918 35 21 4
919 25 17 20
920 10 24 4
921 25 28 3
922 8 31 27
923 14 23 14
924 37 25 10
925 23 45 35
926 33 16 48
927 47 42 43
928 29 26 23
929 39 44 46
930 35 8 35
931 21 49 15
932 10 5 17
933 34 32 35
934 15 4 26
935 17 3 49
936 4 4 2
937 38 23 43
938 44 18 35
939 20 20 23
940 4 2 1
941 39 35 41
942 40 30 44
943 44 32 42
944 27 13 36
945 11 11 28
946 26 11 42
947 48 48 46
948 35 17 17
949 24 11 36
950 38 12 24
951 38 27 29
952 29 11 24
953 3 43 3
954 3 7 42
955 26 27 13
956 8 24 23
957 33 34 36
958 22 8 25
959 15 48 10
960 12 33 12
961 26 45 19
962 21 46 41
963 9 17 35
964 18 33 44
965 47 1 23
966 28 11 14
967 35 7 43
968 38 35 9
969 29 23 8
970 35 33 42
971 5 22 37
972 14 41 36
973 36 34 7
974 50 6 28
975 2 12 7
976 19 34 10
977 11 46 21
978 45 34 5
979 2 6 46
980 40 26 22
981 45 31 49
982 6 12 38
983 5 7 19
984 31 28 12
985 11 40 8
986 34 25 12
987 32 32 37
988 27 29 22
989 37 5 34
990 11 11 40
991 41 5 33
992 24 45 16
993 17 13 9
994 3 26 5
995 37 33 14
996 38 47 2
997 21 9 10
998 16 29 37
999 31 46 50
1000 45 16 26
