3
1000 1000 1000  
1 626 986 53 
2 753 407 726 
3 56 863 529 
4 342 747 979 
5 537 390 430 
6 478 228 177 
7 390 489 899 
8 828 309 583 
9 966 718 92 
10 476 223 334 
11 515 325 874 
12 551 383 131 
13 232 106 341 
14 24 420 283 
15 870 821 806 
16 220 911 165 
17 869 383 436 
18 205 507 493 
19 751 634 693 
20 53 766 713 
21 979 592 783 
22 170 3 229 
23 106 353 662 
24 181 18 712 
25 424 812 424 
26 198 536 476 
27 124 29 495 
28 647 995 740 
29 167 454 425 
30 915 219 102 
31 342 695 334 
32 813 660 746 
33 192 818 452 
34 49 347 232 
35 49 579 965 
36 796 245 921 
37 763 949 284 
38 302 551 74 
39 603 410 659 
40 521 212 668 
41 625 632 942 
42 909 149 267 
43 702 464 623 
44 937 531 821 
45 464 721 206 
46 247 815 25 
47 507 110 330 
48 112 689 938 
49 816 551 606 
50 531 945 370 
51 428 650 387 
52 948 444 406 
53 295 526 623 
54 163 970 9 
55 530 532 494 
56 476 388 132 
57 514 801 152 
58 812 877 846 
59 247 757 680 
60 304 905 132 
61 557 131 583 
62 468 466 322 
63 136 10 692 
64 864 240 25 
65 942 635 278 
66 983 49 630 
67 30 891 358 
68 244 287 422 
69 972 885 825 
70 145 442 963 
71 735 771 29 
72 248 148 494 
73 930 492 859 
74 178 572 98 
75 959 873 158 
76 428 435 383 
77 136 761 248 
78 525 867 503 
79 431 669 372 
80 252 744 315 
81 834 118 608 
82 627 355 537 
83 781 486 569 
84 1000 22 742 
85 671 595 552 
86 169 588 786 
87 705 365 192 
88 452 72 736 
89 48 161 676 
90 506 850 673 
91 88 646 150 
92 255 845 145 
93 196 769 565 
94 475 137 598 
95 317 808 218 
96 57 589 843 
97 536 899 904 
98 981 694 290 
99 800 884 805 
100 372 783 422 
101 380 197 502 
102 351 942 719 
103 881 896 940 
104 159 98 501 
105 52 401 394 
106 409 371 227 
107 114 588 785 
108 715 628 67 
109 359 844 820 
110 3 874 879 
111 558 576 414 
112 247 717 349 
113 595 458 672 
114 346 971 217 
115 157 54 768 
116 977 632 816 
117 451 50 8 
118 173 41 597 
119 934 264 480 
120 67 384 671 
121 640 428 485 
122 709 454 478 
123 832 391 867 
124 393 203 421 
125 744 465 698 
126 409 811 440 
127 160 940 728 
128 564 779 408 
129 447 194 81 
130 741 187 868 
131 311 675 864 
132 821 793 996 
133 270 624 517 
134 782 922 711 
135 600 43 701 
136 57 564 874 
137 524 993 529 
138 212 763 987 
139 561 787 58 
140 631 549 415 
141 511 479 891 
142 616 453 746 
143 922 455 210 
144 48 247 877 
145 121 452 462 
146 751 219 380 
147 362 707 824 
148 674 201 240 
149 114 438 963 
150 384 726 484 
151 748 539 620 
152 212 334 954 
153 760 657 54 
154 852 956 873 
155 457 410 724 
156 841 256 845 
157 67 463 790 
158 850 87 497 
159 33 647 180 
160 784 930 744 
161 464 389 466 
162 424 623 378 
163 195 294 636 
164 558 88 761 
165 68 99 118 
166 321 219 415 
167 319 276 588 
168 695 135 642 
169 31 162 457 
170 396 334 249 
171 179 728 691 
172 242 641 546 
173 27 869 231 
174 828 581 894 
175 14 4 14 
176 117 137 416 
177 233 320 71 
178 879 164 660 
179 380 237 962 
180 305 457 452 
181 212 386 933 
182 707 416 355 
183 667 800 720 
184 717 149 731 
185 293 559 533 
186 296 830 125 
187 834 764 1000 
188 668 508 93 
189 748 409 58 
190 466 70 361 
191 881 229 86 
192 824 711 961 
193 748 939 866 
194 899 236 224 
195 675 937 893 
196 740 597 281 
197 80 633 749 
198 360 288 614 
199 29 23 90 
200 922 318 173 
201 474 776 124 
202 546 272 202 
203 158 932 350 
204 818 723 717 
205 151 382 138 
206 876 293 555 
207 920 136 23 
208 953 293 439 
209 623 320 486 
210 361 968 108 
211 541 161 793 
212 592 199 664 
213 254 516 236 
214 369 381 795 
215 9 450 587 
216 839 860 740 
217 645 342 789 
218 52 132 296 
219 252 83 431 
220 764 174 545 
221 233 667 890 
222 2 68 333 
223 913 698 544 
224 215 831 780 
225 547 653 958 
226 891 867 737 
227 231 10 502 
228 1000 381 920 
229 296 692 728 
230 421 521 747 
231 855 968 681 
232 907 583 890 
233 762 545 795 
234 115 342 967 
235 653 80 427 
236 927 406 855 
237 450 85 800 
238 326 783 40 
239 257 273 643 
240 465 151 385 
241 419 942 31 
242 865 149 159 
243 989 231 1000 
244 919 470 744 
245 806 476 830 
246 599 816 876 
247 763 874 391 
248 69 776 628 
249 307 87 937 
250 580 142 461 
251 557 586 421 
252 868 358 507 
253 812 474 39 
254 84 337 820 
255 530 635 358 
256 884 437 575 
257 995 444 709 
258 862 483 665 
259 205 383 416 
260 985 757 967 
261 599 325 565 
262 463 1000 106 
263 837 1 267 
264 834 912 842 
265 155 366 309 
266 390 281 966 
267 982 230 452 
268 187 318 912 
269 346 86 558 
270 957 747 787 
271 258 471 659 
272 602 321 27 
273 70 423 200 
274 28 851 276 
275 274 819 13 
276 159 422 187 
277 474 539 112 
278 374 276 805 
279 35 304 108 
280 308 417 802 
281 826 44 909 
282 256 263 117 
283 848 771 20 
284 902 964 41 
285 11 929 724 
286 250 73 849 
287 402 315 36 
288 975 108 519 
289 633 711 221 
290 969 948 185 
291 942 831 568 
292 29 539 123 
293 176 638 235 
294 336 74 515 
295 174 930 520 
296 497 508 919 
297 343 513 895 
298 677 435 55 
299 409 326 410 
300 369 418 940 
301 139 394 333 
302 170 409 944 
303 861 393 521 
304 665 618 390 
305 465 618 15 
306 228 612 325 
307 241 743 982 
308 54 753 827 
309 716 184 268 
310 491 110 351 
311 169 764 564 
312 271 270 563 
313 681 19 726 
314 647 557 106 
315 437 918 282 
316 572 575 433 
317 661 223 418 
318 960 787 587 
319 699 458 961 
320 664 215 638 
321 143 800 19 
322 289 820 8 
323 976 554 449 
324 686 979 213 
325 708 427 629 
326 755 970 532 
327 356 930 815 
328 90 861 507 
329 786 765 991 
330 415 151 178 
331 784 52 139 
332 987 512 446 
333 822 88 287 
334 770 911 316 
335 830 100 647 
336 97 122 533 
337 952 811 328 
338 138 323 590 
339 201 650 433 
340 557 891 343 
341 115 310 539 
342 200 107 841 
343 835 537 42 
344 63 816 665 
345 228 178 483 
346 98 329 393 
347 56 198 215 
348 296 713 990 
349 506 555 558 
350 157 136 426 
351 910 770 707 
352 1 121 176 
353 371 72 746 
354 525 623 196 
355 35 6 631 
356 173 485 49 
357 278 353 961 
358 45 278 925 
359 65 898 140 
360 208 891 177 
361 296 150 145 
362 843 718 474 
363 321 830 699 
364 557 706 708 
365 723 647 420 
366 932 366 308 
367 339 715 124 
368 441 532 102 
369 568 578 568 
370 348 731 52 
371 453 832 243 
372 974 328 894 
373 148 621 636 
374 703 623 690 
375 930 178 373 
376 696 381 711 
377 969 910 443 
378 898 206 769 
379 651 379 107 
380 959 637 610 
381 752 878 701 
382 185 665 529 
383 279 556 668 
384 154 86 487 
385 29 568 198 
386 26 48 782 
387 699 606 687 
388 390 349 500 
389 655 183 531 
390 957 598 321 
391 412 738 259 
392 694 200 450 
393 208 875 979 
394 749 846 753 
395 38 900 776 
396 498 866 752 
397 31 201 453 
398 824 764 622 
399 55 545 540 
400 194 232 231 
401 303 729 989 
402 322 14 556 
403 855 589 58 
404 525 571 364 
405 535 856 148 
406 140 919 791 
407 286 585 573 
408 854 245 903 
409 220 553 95 
410 874 176 651 
411 933 588 169 
412 664 75 204 
413 126 5 785 
414 703 654 746 
415 36 963 434 
416 664 686 822 
417 200 429 334 
418 139 657 669 
419 329 989 746 
420 88 228 987 
421 92 59 361 
422 891 903 978 
423 775 361 559 
424 857 546 981 
425 342 902 257 
426 29 361 600 
427 584 106 95 
428 547 952 43 
429 260 155 462 
430 249 485 641 
431 474 295 210 
432 151 228 528 
433 599 404 782 
434 80 583 386 
435 780 447 258 
436 380 278 335 
437 956 367 434 
438 52 191 1000 
439 266 254 436 
440 825 773 358 
441 329 321 596 
442 669 321 772 
443 696 49 109 
444 249 366 658 
445 945 922 433 
446 552 336 292 
447 66 923 754 
448 658 362 775 
449 374 581 509 
450 120 261 179 
451 270 103 908 
452 972 682 238 
453 436 640 829 
454 806 506 866 
455 699 871 294 
456 260 517 263 
457 614 123 952 
458 893 157 32 
459 421 845 28 
460 472 618 918 
461 118 140 856 
462 714 883 511 
463 160 613 172 
464 663 267 535 
465 42 219 392 
466 316 261 355 
467 204 389 594 
468 34 826 840 
469 427 307 26 
470 626 999 243 
471 639 398 46 
472 548 856 830 
473 377 324 500 
474 788 113 921 
475 139 405 288 
476 467 923 971 
477 678 980 81 
478 683 196 270 
479 448 324 527 
480 98 553 836 
481 17 196 183 
482 871 875 171 
483 587 599 347 
484 216 368 506 
485 590 491 244 
486 639 562 367 
487 191 66 410 
488 319 901 912 
489 214 451 554 
490 293 462 154 
491 234 368 852 
492 845 525 799 
493 252 221 142 
494 193 59 936 
495 735 730 908 
496 348 692 816 
497 804 492 264 
498 987 428 916 
499 908 143 696 
500 388 364 739 
501 596 806 800 
502 88 612 510 
503 456 111 305 
504 114 316 921 
505 475 996 374 
506 683 837 355 
507 51 683 726 
508 399 89 981 
509 368 140 420 
510 229 724 125 
511 937 727 269 
512 270 651 303 
513 108 771 871 
514 35 911 802 
515 486 117 215 
516 953 440 695 
517 920 231 480 
518 961 330 643 
519 916 687 150 
520 259 700 446 
521 948 574 362 
522 829 170 923 
523 833 101 443 
524 990 800 56 
525 346 404 529 
526 439 644 61 
527 50 479 787 
528 489 643 328 
529 742 922 482 
530 916 939 883 
531 220 767 755 
532 761 648 610 
533 197 428 957 
534 294 440 691 
535 185 476 518 
536 408 715 254 
537 906 137 713 
538 578 994 9 
539 711 124 711 
540 353 179 734 
541 603 501 938 
542 143 887 120 
543 732 762 392 
544 827 628 985 
545 280 28 677 
546 669 811 448 
547 69 792 914 
548 320 709 132 
549 954 732 42 
550 544 934 20 
551 366 712 948 
552 765 376 68 
553 353 490 287 
554 906 551 68 
555 904 664 943 
556 261 233 624 
557 690 260 787 
558 402 815 349 
559 950 4 683 
560 341 753 177 
561 113 667 147 
562 729 967 292 
563 121 765 899 
564 631 304 173 
565 235 476 460 
566 873 628 52 
567 777 691 655 
568 863 194 935 
569 96 515 645 
570 872 684 452 
571 446 297 889 
572 966 504 928 
573 935 337 720 
574 612 638 295 
575 501 177 35 
576 644 422 180 
577 90 581 17 
578 555 124 746 
579 41 852 439 
580 23 444 398 
581 988 381 321 
582 783 516 286 
583 809 765 67 
584 755 326 625 
585 175 680 1000 
586 333 79 26 
587 605 590 280 
588 45 755 680 
589 130 918 970 
590 204 15 266 
591 242 68 915 
592 374 788 219 
593 998 184 907 
594 403 662 447 
595 435 998 886 
596 991 987 99 
597 388 843 480 
598 274 744 862 
599 848 591 638 
600 985 978 283 
601 720 841 378 
602 72 93 230 
603 597 836 212 
604 237 219 536 
605 246 653 804 
606 537 710 868 
607 367 338 728 
608 288 987 426 
609 727 850 749 
610 403 956 970 
611 835 453 61 
612 157 63 47 
613 31 372 120 
614 605 624 824 
615 818 54 180 
616 690 584 401 
617 256 198 104 
618 937 904 579 
619 799 98 944 
620 807 764 893 
621 413 183 475 
622 73 840 666 
623 277 117 352 
624 967 189 832 
625 774 261 410 
626 585 333 556 
627 899 469 7 
628 476 512 629 
629 691 293 163 
630 476 707 927 
631 776 201 233 
632 162 745 62 
633 6 263 692 
634 962 529 643 
635 367 516 240 
636 223 632 249 
637 760 959 231 
638 1000 601 703 
639 368 5 583 
640 172 99 523 
641 867 800 664 
642 821 1000 987 
643 682 384 96 
644 281 7 999 
645 988 307 762 
646 890 732 32 
647 983 133 581 
648 25 232 929 
649 861 990 579 
650 761 789 84 
651 728 848 262 
652 57 154 535 
653 405 642 28 
654 145 770 425 
655 460 523 249 
656 852 539 88 
657 408 391 608 
658 693 993 664 
659 144 597 270 
660 573 79 638 
661 854 350 543 
662 25 475 184 
663 510 329 853 
664 779 632 944 
665 374 621 287 
666 64 913 712 
667 493 478 102 
668 687 73 4 
669 672 611 800 
670 111 433 517 
671 330 386 355 
672 582 539 229 
673 453 107 969 
674 257 916 489 
675 728 212 134 
676 818 172 822 
677 79 610 224 
678 241 274 327 
679 985 418 720 
680 845 283 242 
681 120 536 440 
682 967 735 852 
683 7 665 616 
684 434 306 295 
685 652 54 425 
686 135 804 703 
687 790 150 799 
688 488 270 925 
689 305 811 586 
690 801 684 817 
691 211 416 749 
692 917 520 546 
693 809 474 947 
694 956 793 158 
695 907 741 507 
696 112 545 668 
697 24 968 358 
698 443 902 195 
699 438 173 74 
700 786 397 665 
701 4 398 542 
702 429 608 395 
703 422 177 932 
704 238 854 542 
705 955 373 685 
706 588 881 498 
707 130 336 462 
708 538 733 449 
709 559 506 288 
710 262 44 483 
711 428 129 207 
712 667 984 748 
713 136 935 649 
714 824 632 126 
715 50 590 625 
716 673 523 991 
717 103 73 260 
718 278 12 621 
719 825 359 960 
720 689 531 476 
721 586 720 797 
722 539 212 564 
723 198 705 283 
724 700 962 571 
725 744 146 349 
726 125 72 960 
727 299 315 132 
728 515 421 725 
729 747 947 509 
730 271 921 879 
731 975 909 890 
732 500 303 265 
733 972 183 927 
734 979 866 234 
735 531 939 60 
736 104 449 541 
737 642 872 8 
738 122 481 16 
739 343 387 131 
740 599 62 891 
741 555 515 438 
742 784 502 730 
743 202 13 841 
744 798 379 646 
745 215 118 489 
746 649 440 93 
747 79 963 334 
748 642 857 992 
749 313 796 138 
750 545 674 495 
751 780 547 409 
752 74 17 502 
753 682 787 975 
754 381 299 160 
755 619 855 994 
756 472 21 929 
757 230 18 349 
758 846 139 876 
759 579 801 863 
760 607 525 279 
761 296 655 954 
762 249 696 472 
763 688 469 913 
764 614 383 252 
765 249 166 462 
766 695 4 268 
767 248 974 687 
768 972 165 402 
769 787 111 697 
770 135 443 486 
771 827 544 245 
772 663 538 454 
773 823 627 132 
774 104 706 73 
775 696 634 10 
776 242 840 542 
777 106 868 314 
778 634 496 283 
779 834 607 492 
780 887 641 279 
781 892 100 79 
782 533 638 223 
783 111 194 995 
784 166 283 73 
785 446 522 621 
786 654 382 301 
787 85 8 403 
788 11 542 929 
789 97 318 57 
790 865 690 947 
791 892 824 622 
792 635 555 509 
793 197 885 808 
794 406 80 872 
795 434 490 994 
796 349 160 636 
797 321 551 758 
798 248 589 493 
799 25 899 557 
800 771 880 280 
