400 
1000 1000 1000  
1 358 128 263 
2 106 139 300 
3 392 390 134 
4 262 252 329 
5 245 388 223 
6 219 318 350 
7 365 127 165 
8 283 150 188 
9 391 176 215 
10 311 135 222 
11 340 353 147 
12 183 190 305 
13 227 173 342 
14 364 168 319 
15 117 280 182 
16 157 288 168 
17 201 381 112 
18 243 148 268 
19 193 382 265 
20 210 346 177 
21 135 226 300 
22 363 248 163 
23 312 245 299 
24 392 213 289 
25 240 278 324 
26 303 375 321 
27 116 354 367 
28 295 229 289 
29 333 129 360 
30 123 372 173 
31 204 114 218 
32 149 214 188 
33 243 165 193 
34 206 298 196 
35 298 293 350 
36 188 353 289 
37 263 209 213 
38 114 132 366 
39 318 136 266 
40 369 269 331 
41 216 132 135 
42 261 263 355 
43 333 390 251 
44 349 296 359 
45 198 341 120 
46 181 300 352 
47 158 222 392 
48 354 213 258 
49 233 191 140 
50 307 198 335 
51 372 184 375 
52 350 334 106 
53 215 251 288 
54 270 155 151 
55 376 256 388 
56 141 231 268 
57 314 163 365 
58 376 155 245 
59 285 367 261 
60 163 297 355 
61 318 236 183 
62 342 109 396 
63 130 140 203 
64 136 234 263 
65 259 195 371 
66 238 192 369 
67 386 215 292 
68 211 258 171 
69 207 288 349 
70 371 349 297 
71 118 332 166 
72 274 280 355 
73 118 375 103 
74 388 195 272 
75 203 294 296 
76 100 363 322 
77 142 281 284 
78 147 187 208 
79 316 201 257 
80 111 132 345 
81 154 235 244 
82 203 262 333 
83 362 388 213 
84 390 139 167 
85 131 227 135 
86 236 188 214 
87 388 243 341 
88 245 280 251 
89 363 391 339 
90 104 123 253 
91 193 271 138 
92 105 277 222 
93 286 127 335 
94 240 368 258 
95 132 137 389 
96 210 249 367 
97 278 259 147 
98 337 144 163 
99 167 244 127 
100 142 265 198 
101 149 185 280 
102 112 311 290 
103 392 161 220 
104 398 313 357 
105 153 207 234 
106 255 179 264 
107 155 342 160 
108 357 194 275 
109 206 148 169 
110 251 254 103 
111 243 259 182 
112 265 131 144 
113 112 237 195 
114 370 245 387 
115 400 311 399 
116 207 321 177 
117 319 172 116 
118 123 142 174 
119 361 249 296 
120 237 359 268 
121 193 121 287 
122 110 297 396 
123 245 355 116 
124 353 294 192 
125 132 294 289 
126 135 161 284 
127 322 313 153 
128 358 300 187 
129 119 293 188 
130 321 226 278 
131 139 243 373 
132 214 375 386 
133 375 313 354 
134 350 291 270 
135 358 392 359 
136 132 322 321 
137 222 387 107 
138 282 294 324 
139 315 298 357 
140 181 305 384 
141 380 171 106 
142 225 101 273 
143 202 102 120 
144 198 132 302 
145 349 298 274 
146 329 167 270 
147 346 215 363 
148 301 100 305 
149 142 181 338 
150 394 216 292 
151 318 137 389 
152 322 284 398 
153 217 126 186 
154 183 117 206 
155 252 354 178 
156 297 180 241 
157 337 104 305 
158 328 126 301 
159 180 225 201 
160 170 312 187 
161 275 316 132 
162 136 376 179 
163 158 125 169 
164 276 186 205 
165 281 288 172 
166 215 348 301 
167 395 286 259 
168 355 397 251 
169 296 127 303 
170 299 346 222 
171 377 231 305 
172 356 139 302 
173 333 118 198 
174 262 325 320 
175 324 397 108 
176 340 324 328 
177 186 284 317 
178 306 243 343 
179 366 355 287 
180 169 374 157 
181 347 136 194 
182 302 207 221 
183 128 335 166 
184 388 117 384 
185 296 297 298 
186 146 352 392 
187 284 111 309 
188 271 342 193 
189 258 274 214 
190 205 327 293 
191 217 306 224 
192 360 301 228 
193 342 282 352 
194 393 386 239 
195 273 268 351 
196 373 222 185 
197 128 222 113 
198 324 394 263 
199 221 347 175 
200 161 142 302 
201 351 180 133 
202 391 198 294 
203 101 371 222 
204 264 158 155 
205 386 230 310 
206 112 322 195 
207 395 396 115 
208 377 388 299 
209 298 396 354 
210 301 234 188 
211 114 343 291 
212 240 247 391 
213 139 317 304 
214 275 239 115 
215 311 340 258 
216 182 143 282 
217 155 396 107 
218 191 376 171 
219 135 365 121 
220 163 224 150 
221 358 142 154 
222 256 370 117 
223 202 322 250 
224 254 111 198 
225 100 133 145 
226 185 171 224 
227 336 133 151 
228 353 227 364 
229 322 397 149 
230 100 228 140 
231 154 261 236 
232 306 383 252 
233 346 175 230 
234 306 325 171 
235 292 379 294 
236 284 367 258 
237 309 294 302 
238 337 298 206 
239 292 296 379 
240 211 185 109 
241 133 396 370 
242 290 349 343 
243 375 137 290 
244 273 205 108 
245 332 236 140 
246 262 232 154 
247 263 263 278 
248 326 152 133 
249 215 237 119 
250 163 218 214 
251 322 327 236 
252 218 151 386 
253 380 178 196 
254 316 151 312 
255 147 384 284 
256 347 110 306 
257 180 345 395 
258 102 193 124 
259 341 383 389 
260 270 118 395 
261 149 143 260 
262 264 250 222 
263 124 101 335 
264 208 112 159 
265 267 124 129 
266 156 258 389 
267 393 260 262 
268 326 168 159 
269 227 241 209 
270 302 137 237 
271 215 371 321 
272 166 269 346 
273 383 128 350 
274 310 132 398 
275 201 137 105 
276 172 143 303 
277 213 208 267 
278 335 168 369 
279 119 243 105 
280 250 205 287 
281 121 344 140 
282 120 170 347 
283 104 377 280 
284 214 105 348 
285 345 364 107 
286 299 238 101 
287 244 261 330 
288 281 164 291 
289 177 209 133 
290 246 383 287 
291 179 349 302 
292 395 301 251 
293 253 131 166 
294 302 194 322 
295 301 170 185 
296 133 212 185 
297 289 176 326 
298 313 186 289 
299 128 175 188 
300 192 359 164 
301 384 206 310 
302 325 212 329 
303 139 185 389 
304 209 170 290 
305 280 175 315 
306 149 119 131 
307 138 171 281 
308 389 391 191 
309 209 185 303 
310 132 353 220 
311 146 182 183 
312 204 126 164 
313 328 342 379 
314 349 308 197 
315 233 385 338 
316 132 232 106 
317 301 148 155 
318 297 185 114 
319 242 186 205 
320 378 348 263 
321 221 234 396 
322 369 344 351 
323 183 270 341 
324 393 162 209 
325 375 388 244 
326 165 327 117 
327 138 183 389 
328 245 147 274 
329 197 219 150 
330 320 332 251 
331 226 332 193 
332 320 103 368 
333 256 244 164 
334 147 115 176 
335 268 228 395 
336 225 221 341 
337 400 325 303 
338 142 305 312 
339 143 381 251 
340 392 268 115 
341 122 256 118 
342 130 255 331 
343 257 156 378 
344 190 228 264 
345 128 119 356 
346 228 204 179 
347 330 236 390 
348 341 131 171 
349 110 124 375 
350 333 244 204 
351 310 301 307 
352 207 143 173 
353 223 320 159 
354 361 176 234 
355 267 101 146 
356 179 242 242 
357 261 142 127 
358 315 269 279 
359 126 275 393 
360 338 368 341 
361 320 344 333 
362 291 138 299 
363 205 333 352 
364 164 228 151 
365 120 220 169 
366 279 138 275 
367 390 343 307 
368 295 393 187 
369 338 231 129 
370 363 302 271 
371 134 364 318 
372 254 321 133 
373 349 309 167 
374 397 102 136 
375 367 184 184 
376 113 387 315 
377 369 110 218 
378 274 268 389 
379 370 390 218 
380 130 271 284 
381 191 245 365 
382 183 283 351 
383 361 186 313 
384 141 291 330 
385 389 130 157 
386 298 280 332 
387 265 327 303 
388 162 205 135 
389 202 391 203 
390 230 271 181 
391 194 110 233 
392 347 392 310 
393 114 193 262 
394 306 334 101 
395 170 362 170 
396 253 277 119 
397 171 329 232 
398 388 266 397 
399 197 377 273 
400 374 204 269 
