2
10 10 
1 8 10
2 4 7
3 7 3
4 2 1
5 2 1
6 9 5
7 2 2
8 8 7
9 7 7
10 3 4
11 10 7
12 9 7
13 5 7
14 1 7
15 8 2
16 9 9
17 5 8
18 3 8
19 10 3
20 2 3
21 2 5
22 1 5
23 8 6
24 3 8
25 8 8
26 3 4
27 5 6
28 8 1
29 8 9
30 5 3
31 2 2
32 3 9
33 2 10
34 1 8
35 9 4
36 6 2
37 1 6
38 10 2
39 7 1
40 9 2
41 7 1
42 6 5
43 8 10
44 1 3
45 8 8
46 4 9
47 8 5
48 2 7
49 1 1
50 10 3
51 4 8
52 2 8
53 4 5
54 1 2
55 7 4
56 1 1
57 4 4
58 1 3
59 9 6
60 10 4
61 10 9
62 5 5
63 5 10
64 6 4
65 7 5
66 6 3
67 6 10
68 2 5
69 2 2
70 10 9
71 1 2
72 7 8
73 8 6
74 4 5
75 7 4
76 1 3
77 3 3
78 10 2
79 9 6
80 2 2
81 2 8
82 8 3
83 1 8
84 5 9
85 9 1
86 8 9
87 1 3
88 2 5
89 1 9
90 3 3
91 9 6
92 2 7
93 3 7
94 2 1
95 10 9
96 7 2
97 5 10
98 4 6
99 9 10
100 6 8
101 4 5
102 4 7
103 9 6
104 9 4
105 1 7
106 4 1
107 1 6
108 2 9
109 9 3
110 2 10
111 9 8
112 5 2
113 1 7
114 9 3
115 4 2
116 10 4
117 3 4
118 10 10
119 4 6
120 1 1
121 1 8
122 10 3
123 2 4
124 9 9
125 6 1
126 8 1
127 3 3
128 2 5
129 8 5
130 7 4
131 9 2
132 5 1
133 7 8
134 4 4
135 2 3
136 6 5
137 10 7
138 9 2
139 4 5
140 7 7
141 2 4
142 9 10
143 10 1
144 10 5
145 6 5
146 4 1
147 8 3
148 3 9
149 10 3
150 8 2
151 6 9
152 4 3
153 3 4
154 8 3
155 3 7
156 3 9
157 8 10
158 8 7
159 5 4
160 8 3
161 10 4
162 7 6
163 3 4
164 7 4
165 2 10
166 9 3
167 6 10
168 1 9
169 9 8
170 9 4
171 1 7
172 5 5
173 2 4
174 3 5
175 3 2
176 9 7
177 10 9
178 10 6
179 9 4
180 10 6
181 9 2
182 8 2
183 8 3
184 4 3
185 7 2
186 5 8
187 3 3
188 8 4
189 5 1
190 7 1
191 2 2
192 9 2
193 8 7
194 2 5
195 10 7
196 6 1
197 7 8
198 9 2
199 2 5
200 5 7
201 8 1
202 4 7
203 4 7
204 5 7
205 10 6
206 1 7
207 8 5
208 8 6
209 6 8
210 3 1
211 8 1
212 3 8
213 5 8
214 7 3
215 1 4
216 2 5
217 5 5
218 6 10
219 2 3
220 10 10
221 3 8
222 9 6
223 1 7
224 7 6
225 5 3
226 5 7
227 4 5
228 8 5
229 3 2
230 5 7
231 7 2
232 8 10
233 6 5
234 10 9
235 2 3
236 1 7
237 2 10
238 9 2
239 9 2
240 9 4
241 9 9
242 6 5
243 9 10
244 3 6
245 3 1
246 4 10
247 1 4
248 9 6
249 4 7
250 7 7
251 2 8
252 4 3
253 7 3
254 2 1
255 3 8
256 5 2
257 1 1
258 7 8
259 8 5
260 6 2
261 2 1
262 5 9
263 9 6
264 5 5
265 4 4
266 2 6
267 6 4
268 2 3
269 2 1
270 8 10
271 3 7
272 2 5
273 5 9
274 2 9
275 10 4
276 2 9
277 1 5
278 3 2
279 10 2
280 2 3
281 6 8
282 4 9
283 7 4
284 1 8
285 6 7
286 6 9
287 7 5
288 4 5
289 10 9
290 9 6
291 4 4
292 10 2
293 4 1
294 2 6
295 7 4
296 8 10
297 7 1
298 5 8
299 5 1
300 2 9
301 2 5
302 2 9
303 3 4
304 6 1
305 10 6
306 6 4
307 3 2
308 1 10
309 1 6
310 7 5
311 7 3
312 10 1
313 2 4
314 10 3
315 3 1
316 3 1
317 9 10
318 2 5
319 4 1
320 6 10
321 5 10
322 5 2
323 10 10
324 3 4
325 5 4
326 9 8
327 4 8
328 3 10
329 3 9
330 7 10
331 10 4
332 1 2
333 1 4
334 2 4
335 10 5
336 8 4
337 6 5
338 6 7
339 6 9
340 4 7
341 7 2
342 1 8
343 9 10
344 7 9
345 2 5
346 4 6
347 4 7
348 2 9
349 1 8
350 6 9
351 1 7
352 9 8
353 7 8
354 5 3
355 2 10
356 1 1
357 9 1
358 7 3
359 2 7
360 6 7
361 2 8
362 1 7
363 3 5
364 5 6
365 2 5
366 10 3
367 10 3
368 8 3
369 7 7
370 8 7
371 4 7
372 7 5
373 3 2
374 7 6
375 9 10
376 1 7
377 9 8
378 5 6
379 8 1
380 3 6
381 3 7
382 5 7
383 8 7
384 7 1
385 2 3
386 4 8
387 9 6
388 5 8
389 9 8
390 5 10
391 3 4
392 9 10
393 6 10
394 1 9
395 8 10
396 10 4
397 9 9
398 9 2
399 3 5
400 6 6
401 10 3
402 7 7
403 10 5
404 8 5
405 4 7
406 7 10
407 5 2
408 2 6
409 9 8
410 5 10
411 4 10
412 3 9
413 9 2
414 2 6
415 8 4
416 10 4
417 9 2
418 8 3
419 1 7
420 5 8
421 3 10
422 5 6
423 4 1
424 1 2
425 9 8
426 10 9
427 1 1
428 4 10
429 5 2
430 5 3
431 4 6
432 4 9
433 1 4
434 5 5
435 8 2
436 10 9
437 6 4
438 3 4
439 4 9
440 7 8
441 8 1
442 5 10
443 4 7
444 8 7
445 7 3
446 10 10
447 8 9
448 7 4
449 10 7
450 3 10
451 10 9
452 6 8
453 9 8
454 2 1
455 2 2
456 4 1
457 4 1
458 7 10
459 9 2
460 4 2
461 8 2
462 1 4
463 8 7
464 2 10
465 6 3
466 6 6
467 2 1
468 7 7
469 2 7
470 6 1
471 4 4
472 4 7
473 7 7
474 3 10
475 1 4
476 9 2
477 1 4
478 6 3
479 8 2
480 3 9
481 4 7
482 7 2
483 4 2
484 2 3
485 1 2
486 3 1
487 4 2
488 1 7
489 6 5
490 9 6
491 7 7
492 7 7
493 6 2
494 1 2
495 10 7
496 8 3
497 4 8
498 1 6
499 7 7
500 8 8
501 1 7
502 1 6
503 10 2
504 3 6
505 6 4
506 8 6
507 9 10
508 6 10
509 3 1
510 4 5
511 2 4
512 3 10
513 1 4
514 5 3
515 7 9
516 1 4
517 9 3
518 1 9
519 7 8
520 1 5
521 8 7
522 7 3
523 6 5
524 5 5
525 9 1
526 8 4
527 9 6
528 5 5
529 6 1
530 4 9
531 9 5
532 2 10
533 8 7
534 1 10
535 10 7
536 8 2
537 10 2
538 10 2
539 1 9
540 5 4
541 7 10
542 8 7
543 3 3
544 8 2
545 4 2
546 8 8
547 8 3
548 6 4
549 8 5
550 6 7
551 4 10
552 4 3
553 1 6
554 2 2
555 4 4
556 9 5
557 5 7
558 3 4
559 8 1
560 8 2
561 8 9
562 10 6
563 6 8
564 1 8
565 9 9
566 9 7
567 6 7
568 3 3
569 4 3
570 4 4
571 7 7
572 10 3
573 2 7
574 4 5
575 10 1
576 9 4
577 10 10
578 9 6
579 10 8
580 7 10
581 8 2
582 4 4
583 10 1
584 5 9
585 6 9
586 7 9
587 5 2
588 8 6
589 10 4
590 1 8
591 8 10
592 6 8
593 3 2
594 7 6
595 5 10
596 9 5
597 1 4
598 6 10
599 9 7
600 7 2
601 10 5
602 10 3
603 10 10
604 10 2
605 8 4
606 5 5
607 2 9
608 5 1
609 1 6
610 8 2
611 9 7
612 4 2
613 1 4
614 1 7
615 1 1
616 10 3
617 1 2
618 10 3
619 3 9
620 7 2
621 4 9
622 8 7
623 2 2
624 8 7
625 2 8
626 3 7
627 2 5
628 1 4
629 2 1
630 9 2
631 8 9
632 8 2
633 10 1
634 8 2
635 6 10
636 3 1
637 2 4
638 7 8
639 7 4
640 3 8
641 4 5
642 5 4
643 3 1
644 7 9
645 7 1
646 7 2
647 7 5
648 9 5
649 7 7
650 7 5
651 5 2
652 5 1
653 8 10
654 2 2
655 3 6
656 6 6
657 2 3
658 4 3
659 6 2
660 2 4
661 3 5
662 7 10
663 7 3
664 3 1
665 6 3
666 2 6
667 7 1
668 6 10
669 6 4
670 9 2
671 3 6
672 7 8
673 4 10
674 10 7
675 8 2
676 3 7
677 4 2
678 3 10
679 2 4
680 7 3
681 4 5
682 3 10
683 9 8
684 8 8
685 1 5
686 3 10
687 2 3
688 8 10
689 2 6
690 9 10
691 4 10
692 2 1
693 9 1
694 1 1
695 4 1
696 5 4
697 9 9
698 1 8
699 4 6
700 8 5
701 1 9
702 10 5
703 1 3
704 2 6
705 8 8
706 4 3
707 2 9
708 4 6
709 3 2
710 7 2
711 5 4
712 7 7
713 6 6
714 2 9
715 4 4
716 2 6
717 5 4
718 7 5
719 2 5
720 2 4
721 3 4
722 4 8
723 8 5
724 10 10
725 6 6
726 7 7
727 3 10
728 8 6
729 8 7
730 9 2
731 7 7
732 8 8
733 2 3
734 10 2
735 7 4
736 6 1
737 1 5
738 1 3
739 4 3
740 3 10
741 9 3
742 3 7
743 7 7
744 7 10
745 6 7
746 5 10
747 10 2
748 3 2
749 9 7
750 2 4
751 7 4
752 6 2
753 2 4
754 7 1
755 3 1
756 2 10
757 7 2
758 8 1
759 1 4
760 5 5
761 4 6
762 4 2
763 7 6
764 2 8
765 10 6
766 9 4
767 4 3
768 5 10
769 8 4
770 8 10
771 1 9
772 1 3
773 1 1
774 5 9
775 1 3
776 4 7
777 7 10
778 3 7
779 1 3
780 7 10
781 5 2
782 3 6
783 5 6
784 10 4
785 5 1
786 1 4
787 1 3
788 6 8
789 4 3
790 8 6
791 2 5
792 4 1
793 8 4
794 10 4
795 4 4
796 6 4
797 9 4
798 2 1
799 3 1
800 9 8
801 10 10
802 8 6
803 7 9
804 1 9
805 6 7
806 5 6
807 2 1
808 4 3
809 9 2
810 3 9
811 9 2
812 8 9
813 2 3
814 8 9
815 7 9
816 8 8
817 4 4
818 9 9
819 2 10
820 9 2
821 7 2
822 7 7
823 9 4
824 2 7
825 4 5
826 2 3
827 3 3
828 2 1
829 4 8
830 3 3
831 1 5
832 10 6
833 3 7
834 7 10
835 10 1
836 10 10
837 2 7
838 1 4
839 7 2
840 1 5
841 7 10
842 5 2
843 7 1
844 4 2
845 6 3
846 6 9
847 8 6
848 5 2
849 2 2
850 1 4
851 6 8
852 7 7
853 8 8
854 1 5
855 10 6
856 5 3
857 2 9
858 6 4
859 8 10
860 2 9
861 9 1
862 8 7
863 3 2
864 3 3
865 7 10
866 9 4
867 5 7
868 4 5
869 8 1
870 3 8
871 9 7
872 1 7
873 2 3
874 3 9
875 7 1
876 10 9
877 6 7
878 8 9
879 9 6
880 2 1
881 5 4
882 1 9
883 7 10
884 2 7
885 2 7
886 3 7
887 4 4
888 2 10
889 3 9
890 6 9
891 5 10
892 8 9
893 2 1
894 9 4
895 5 10
896 1 6
897 9 3
898 10 1
899 6 9
900 2 3
901 10 10
902 7 6
903 7 6
904 8 3
905 10 5
906 10 9
907 10 5
908 6 1
909 6 3
910 9 2
911 2 5
912 10 2
913 1 10
914 8 4
915 2 9
916 2 2
917 1 5
918 1 2
919 5 1
920 9 10
921 3 7
922 4 2
923 4 8
924 4 9
925 10 10
926 7 9
927 3 9
928 3 1
929 5 10
930 1 1
931 10 8
932 8 9
933 8 6
934 8 8
935 7 9
936 7 8
937 10 6
938 3 5
939 5 1
940 8 7
941 1 3
942 3 9
943 3 1
944 8 9
945 4 8
946 9 7
947 5 5
948 4 4
949 8 4
950 3 8
951 10 6
952 5 6
953 8 4
954 6 1
955 9 8
956 8 7
957 7 9
958 9 7
959 7 1
960 10 10
961 4 2
962 10 7
963 8 7
964 10 4
965 6 1
966 7 4
967 10 5
968 10 7
969 2 1
970 8 3
971 8 2
972 9 10
973 2 7
974 3 10
975 10 3
976 4 5
977 7 5
978 1 5
979 8 5
980 9 9
981 10 1
982 3 10
983 5 10
984 6 1
985 3 10
986 10 8
987 5 1
988 3 10
989 5 1
990 2 5
991 5 10
992 3 9
993 6 7
994 2 9
995 2 6
996 1 6
997 1 4
998 6 3
999 10 6
1000 8 3
