2
100 100 
1 16 41
2 23 3
3 36 37
4 9 35
5 2 12
6 4 9
7 12 37
8 9 12
9 46 36
10 5 41
11 26 41
12 19 5
13 20 14
14 11 47
15 14 44
16 31 30
17 9 2
18 18 14
19 19 2
20 39 26
21 16 9
22 44 38
23 2 11
24 20 20
25 38 9
26 49 40
27 22 27
28 30 17
29 18 30
30 39 49
31 26 25
32 18 20
33 34 30
34 31 27
35 14 49
36 19 29
37 13 50
38 12 8
39 6 35
40 39 31
41 45 5
42 42 41
43 1 1
44 30 33
45 15 33
46 45 18
47 11 41
48 5 24
49 29 32
50 31 17
51 34 15
52 31 47
53 9 9
54 9 37
55 18 33
56 19 41
57 37 15
58 50 47
59 14 46
60 36 45
61 21 26
62 9 38
63 4 38
64 3 47
65 42 16
66 48 36
67 11 4
68 48 16
69 15 11
70 16 19
71 17 12
72 14 9
73 25 29
74 33 38
75 32 45
76 30 25
77 22 46
78 8 38
79 43 50
80 33 32
81 8 7
82 12 19
83 3 31
84 17 12
85 9 41
86 8 43
87 37 45
88 9 27
89 47 50
90 4 27
91 48 46
92 46 36
93 12 34
94 42 9
95 44 41
96 1 45
97 13 48
98 32 14
99 9 10
100 10 39
101 46 36
102 36 40
103 41 22
104 46 16
105 26 43
106 15 35
107 21 26
108 26 49
109 27 14
110 19 42
111 24 24
112 11 49
113 14 29
114 6 43
115 47 30
116 26 10
117 1 1
118 36 26
119 28 16
120 18 3
121 34 25
122 8 9
123 42 24
124 7 3
125 34 10
126 35 13
127 2 17
128 48 9
129 19 11
130 13 32
131 40 14
132 11 28
133 11 23
134 20 9
135 40 38
136 38 32
137 48 7
138 41 18
139 24 22
140 36 34
141 40 31
142 32 40
143 49 15
144 7 25
145 16 40
146 12 40
147 26 26
148 12 29
149 3 22
150 1 11
151 50 48
152 14 34
153 18 38
154 40 32
155 19 49
156 20 23
157 21 10
158 33 12
159 44 25
160 22 12
161 35 40
162 30 29
163 12 20
164 46 14
165 19 9
166 18 38
167 42 3
168 26 47
169 13 17
170 19 19
171 49 42
172 15 2
173 17 47
174 1 40
175 14 18
176 13 46
177 23 45
178 44 22
179 31 35
180 24 8
181 44 42
182 41 26
183 12 37
184 3 13
185 35 15
186 14 31
187 26 12
188 11 35
189 36 25
190 13 36
191 18 50
192 36 37
193 40 40
194 1 20
195 44 10
196 11 32
197 44 25
198 34 27
199 38 28
200 11 14
201 32 12
202 44 35
203 37 5
204 39 27
205 50 8
206 44 40
207 49 48
208 3 23
209 28 31
210 9 8
211 24 37
212 6 26
213 49 27
214 27 29
215 49 15
216 15 24
217 2 17
218 20 47
219 30 18
220 34 7
221 36 19
222 2 47
223 21 7
224 47 48
225 19 38
226 38 5
227 22 16
228 18 23
229 10 9
230 6 37
231 28 37
232 26 40
233 35 24
234 43 38
235 31 47
236 25 32
237 44 13
238 8 33
239 41 49
240 38 33
241 49 38
242 34 25
243 8 45
244 45 46
245 48 8
246 27 7
247 2 9
248 3 3
249 24 37
250 21 12
251 30 15
252 12 25
253 11 1
254 9 44
255 20 1
256 15 47
257 33 42
258 28 49
259 50 28
260 49 27
261 25 30
262 44 45
263 21 21
264 5 28
265 14 23
266 29 19
267 50 19
268 48 30
269 9 20
270 46 8
271 9 15
272 49 50
273 6 36
274 23 49
275 45 48
276 44 34
277 4 28
278 10 39
279 9 36
280 16 19
281 22 10
282 8 23
283 29 9
284 43 16
285 25 19
286 30 18
287 22 30
288 5 16
289 13 15
290 9 48
291 36 28
292 46 33
293 21 35
294 24 15
295 35 6
296 14 41
297 21 17
298 25 25
299 42 24
300 22 15
301 45 16
302 14 36
303 50 23
304 42 10
305 45 1
306 2 33
307 41 41
308 13 16
309 42 26
310 7 24
311 22 45
312 39 25
313 31 27
314 10 33
315 43 8
316 38 37
317 9 40
318 33 41
319 13 44
320 33 34
321 28 3
322 13 21
323 26 7
324 48 37
325 41 2
326 34 29
327 49 13
328 8 5
329 37 4
330 6 48
331 4 47
332 32 47
333 32 2
334 38 17
335 45 50
336 5 6
337 4 24
338 26 8
339 10 20
340 25 14
341 37 3
342 47 5
343 6 7
344 7 9
345 33 24
346 26 23
347 47 36
348 41 41
349 33 11
350 45 32
351 25 6
352 22 40
353 32 49
354 17 37
355 34 13
356 44 19
357 33 20
358 3 36
359 36 22
360 46 44
361 49 22
362 14 38
363 27 50
364 22 37
365 49 39
366 50 33
367 23 11
368 25 25
369 3 5
370 47 32
371 19 48
372 38 35
373 48 8
374 40 32
375 29 33
376 33 48
377 5 45
378 35 13
379 14 46
380 41 22
381 38 13
382 37 15
383 48 35
384 4 34
385 34 16
386 27 14
387 29 22
388 26 24
389 4 38
390 33 18
391 36 22
392 22 40
393 3 34
394 30 26
395 42 14
396 12 6
397 36 41
398 43 24
399 10 3
400 23 28
401 15 31
402 27 4
403 39 42
404 37 36
405 28 7
406 49 7
407 27 6
408 40 36
409 50 26
410 36 42
411 43 33
412 12 44
413 38 33
414 20 19
415 23 31
416 42 19
417 26 37
418 4 34
419 12 44
420 16 28
421 13 9
422 26 45
423 8 13
424 22 30
425 29 20
426 33 50
427 22 22
428 23 1
429 23 30
430 43 13
431 21 39
432 21 37
433 24 42
434 28 12
435 43 39
436 21 27
437 39 50
438 50 31
439 46 17
440 22 22
441 35 10
442 42 13
443 46 25
444 18 47
445 7 23
446 34 39
447 8 14
448 29 16
449 40 38
450 18 17
451 37 45
452 41 22
453 47 25
454 33 33
455 3 9
456 41 6
457 25 50
458 1 38
459 14 41
460 10 5
461 9 28
462 43 5
463 46 7
464 45 13
465 45 40
466 10 40
467 17 11
468 29 42
469 45 31
470 23 16
471 6 17
472 13 7
473 48 27
474 21 43
475 35 44
476 30 32
477 34 30
478 25 21
479 15 26
480 12 28
481 47 32
482 9 12
483 1 9
484 30 14
485 33 26
486 20 10
487 48 19
488 15 25
489 26 9
490 13 24
491 11 24
492 47 50
493 33 16
494 41 8
495 48 34
496 35 5
497 7 35
498 9 15
499 28 12
500 24 8
501 17 41
502 35 24
503 9 2
504 50 7
505 9 24
506 13 23
507 18 19
508 10 3
509 45 30
510 50 19
511 31 28
512 23 32
513 3 17
514 42 30
515 34 31
516 23 8
517 42 48
518 29 23
519 8 30
520 7 35
521 49 47
522 23 4
523 50 22
524 26 14
525 6 15
526 48 40
527 4 40
528 10 44
529 28 2
530 43 41
531 24 24
532 15 25
533 17 16
534 49 29
535 16 7
536 50 44
537 12 40
538 35 30
539 47 47
540 33 3
541 34 31
542 27 37
543 15 49
544 8 50
545 38 14
546 2 21
547 4 18
548 23 12
549 5 36
550 3 24
551 7 37
552 20 45
553 28 45
554 44 38
555 9 41
556 9 45
557 8 11
558 39 3
559 3 33
560 43 45
561 30 44
562 2 31
563 18 42
564 15 21
565 23 14
566 44 43
567 26 50
568 19 31
569 4 13
570 15 24
571 20 9
572 37 10
573 27 44
574 31 2
575 10 14
576 1 19
577 41 23
578 21 39
579 41 24
580 10 5
581 22 48
582 6 37
583 29 27
584 25 47
585 15 43
586 26 26
587 18 45
588 25 8
589 14 49
590 37 49
591 31 16
592 10 23
593 33 25
594 11 6
595 36 19
596 31 37
597 28 22
598 18 7
599 18 19
600 33 36
601 21 4
602 24 34
603 29 18
604 49 21
605 16 3
606 48 7
607 21 8
608 28 7
609 42 19
610 47 6
611 12 2
612 21 6
613 24 6
614 1 6
615 12 23
616 50 11
617 18 16
618 32 29
619 15 44
620 20 33
621 37 49
622 39 9
623 29 38
624 2 49
625 1 33
626 16 28
627 4 4
628 17 17
629 39 49
630 39 20
631 33 11
632 19 24
633 16 5
634 30 44
635 30 46
636 41 47
637 5 21
638 7 16
639 30 39
640 22 45
641 48 48
642 33 12
643 43 25
644 36 5
645 42 8
646 36 8
647 14 5
648 20 11
649 10 6
650 4 42
651 50 12
652 50 24
653 26 26
654 17 4
655 27 2
656 36 17
657 8 39
658 8 27
659 21 10
660 23 19
661 8 15
662 2 18
663 24 28
664 37 40
665 14 45
666 43 24
667 20 38
668 46 2
669 7 26
670 49 17
671 2 3
672 7 29
673 43 44
674 37 27
675 33 9
676 50 2
677 26 7
678 31 44
679 15 22
680 1 42
681 39 41
682 27 2
683 6 6
684 40 7
685 11 13
686 50 15
687 2 33
688 13 24
689 50 10
690 23 36
691 33 21
692 26 37
693 5 29
694 47 49
695 5 17
696 36 34
697 29 38
698 41 11
699 24 24
700 18 39
701 6 45
702 13 34
703 7 40
704 44 15
705 25 36
706 14 48
707 35 23
708 23 8
709 33 39
710 8 9
711 7 9
712 40 19
713 41 25
714 37 5
715 42 19
716 49 16
717 29 23
718 24 2
719 2 23
720 23 36
721 46 16
722 26 46
723 39 50
724 26 38
725 8 28
726 17 49
727 12 18
728 41 40
729 43 22
730 27 43
731 36 8
732 15 9
733 4 33
734 47 18
735 38 40
736 26 14
737 21 50
738 44 27
739 22 47
740 22 3
741 27 48
742 14 49
743 47 3
744 15 22
745 30 6
746 5 10
747 46 16
748 9 43
749 38 46
750 11 26
751 7 36
752 45 5
753 3 3
754 45 29
755 22 4
756 29 37
757 40 7
758 28 27
759 7 29
760 38 7
761 3 6
762 47 34
763 21 41
764 32 13
765 27 22
766 5 5
767 13 12
768 11 22
769 11 8
770 11 1
771 6 17
772 46 10
773 17 49
774 48 41
775 20 46
776 48 29
777 22 21
778 16 3
779 9 42
780 29 29
781 50 44
782 34 37
783 43 43
784 12 33
785 14 49
786 20 29
787 34 45
788 10 11
789 39 13
790 28 29
791 45 39
792 46 17
793 9 37
794 29 5
795 12 1
796 15 44
797 22 16
798 22 8
799 29 40
800 24 24
801 46 21
802 28 37
803 44 28
804 27 27
805 29 47
806 30 28
807 26 45
808 19 37
809 28 18
810 21 6
811 29 35
812 35 50
813 29 30
814 16 3
815 13 16
816 37 5
817 40 44
818 6 42
819 11 41
820 46 7
821 33 26
822 49 28
823 3 33
824 45 7
825 34 15
826 25 2
827 6 9
828 47 32
829 21 8
830 19 2
831 8 43
832 47 14
833 17 47
834 3 46
835 25 37
836 36 47
837 5 30
838 44 25
839 33 48
840 4 31
841 8 18
842 9 13
843 50 31
844 49 47
845 35 44
846 22 44
847 28 11
848 10 1
849 27 36
850 30 31
851 1 28
852 41 12
853 1 13
854 9 34
855 48 29
856 21 11
857 13 41
858 44 21
859 36 34
860 1 2
861 47 11
862 9 31
863 16 31
864 43 21
865 18 48
866 49 25
867 21 22
868 15 39
869 39 25
870 33 11
871 2 33
872 23 36
873 3 36
874 6 19
875 6 3
876 4 19
877 36 31
878 31 5
879 28 46
880 16 38
881 45 5
882 27 38
883 40 48
884 49 4
885 39 21
886 25 5
887 3 13
888 49 49
889 19 40
890 46 7
891 30 48
892 3 47
893 44 43
894 22 24
895 35 44
896 23 40
897 25 13
898 19 47
899 8 25
900 38 6
901 26 41
902 21 39
903 11 30
904 46 10
905 4 14
906 34 36
907 32 49
908 13 24
909 15 6
910 2 1
911 21 48
912 35 27
913 14 25
914 12 16
915 12 33
916 21 15
917 26 18
918 35 4
919 25 20
920 10 4
921 25 3
922 8 27
923 14 14
924 37 10
925 23 35
926 33 48
927 47 43
928 29 23
929 39 46
930 35 35
931 21 15
932 10 17
933 34 35
934 15 26
935 17 49
936 4 2
937 38 43
938 44 35
939 20 23
940 4 1
941 39 41
942 40 44
943 44 42
944 27 36
945 11 28
946 26 42
947 48 46
948 35 17
949 24 36
950 38 24
951 38 29
952 29 24
953 3 3
954 3 42
955 26 13
956 8 23
957 33 36
958 22 25
959 15 10
960 12 12
961 26 19
962 21 41
963 9 35
964 18 44
965 47 23
966 28 14
967 35 43
968 38 9
969 29 8
970 35 42
971 5 37
972 14 36
973 36 7
974 50 28
975 2 7
976 19 10
977 11 21
978 45 5
979 2 46
980 40 22
981 45 49
982 6 38
983 5 19
984 31 12
985 11 8
986 34 12
987 32 37
988 27 22
989 37 34
990 11 40
991 41 33
992 24 16
993 17 9
994 3 5
995 37 14
996 38 2
997 21 10
998 16 37
999 31 50
1000 45 26
