2
1000 1000 
1 813 894
2 323 740
3 875 115
4 459 28
5 903 884
6 155 263
7 615 438
8 771 463
9 998 66
10 183 755
11 773 806
12 534 710
13 300 531
14 45 302
15 421 274
16 514 646
17 171 154
18 410 158
19 173 521
20 664 314
21 479 152
22 554 632
23 796 104
24 95 477
25 535 794
26 329 824
27 458 433
28 21 50
29 589 663
30 788 923
31 502 133
32 9 21
33 276 702
34 620 775
35 193 167
36 760 819
37 909 542
38 124 977
39 376 300
40 969 395
41 328 473
42 47 103
43 910 433
44 84 131
45 725 601
46 615 89
47 951 131
48 618 504
49 147 540
50 126 946
51 14 187
52 215 195
53 810 208
54 779 231
55 952 434
56 510 538
57 816 653
58 454 866
59 518 718
60 249 63
61 245 583
62 163 690
63 891 826
64 753 987
65 906 97
66 854 863
67 943 413
68 50 491
69 337 318
70 569 839
71 704 507
72 270 418
73 210 649
74 406 101
75 488 430
76 669 17
77 955 466
78 219 877
79 67 875
80 12 688
81 668 348
82 179 821
83 184 89
84 674 311
85 6 895
86 275 308
87 529 954
88 207 667
89 160 650
90 377 373
91 111 328
92 726 799
93 812 716
94 387 705
95 3 260
96 405 589
97 856 771
98 486 1000
99 645 217
100 950 346
101 809 27
102 813 786
103 651 789
104 479 470
105 461 6
106 278 908
107 632 403
108 588 157
109 164 648
110 358 270
111 210 55
112 6 200
113 977 190
114 314 213
115 99 42
116 209 572
117 689 146
118 245 925
119 581 552
120 965 892
121 173 976
122 129 89
123 938 783
124 399 309
125 792 92
126 468 675
127 233 351
128 748 142
129 12 845
130 792 482
131 421 636
132 532 263
133 176 87
134 659 33
135 695 388
136 843 823
137 824 139
138 831 899
139 216 293
140 642 159
141 625 296
142 311 169
143 629 125
144 525 282
145 523 470
146 328 818
147 830 632
148 993 391
149 832 991
150 597 968
151 984 285
152 125 916
153 300 854
154 686 582
155 225 686
156 628 67
157 560 395
158 905 528
159 341 941
160 158 212
161 117 568
162 710 228
163 514 157
164 504 25
165 958 731
166 834 373
167 847 40
168 806 239
169 229 961
170 528 539
171 254 92
172 929 40
173 190 543
174 678 114
175 342 845
176 113 408
177 926 28
178 459 714
179 386 208
180 676 457
181 843 104
182 914 25
183 687 977
184 320 352
185 5 659
186 381 901
187 445 432
188 89 991
189 398 783
190 6 624
191 318 926
192 456 752
193 183 29
194 209 271
195 916 222
196 648 780
197 999 283
198 195 689
199 379 133
200 948 355
201 294 499
202 44 756
203 359 543
204 260 72
205 229 634
206 935 261
207 510 818
208 938 400
209 553 355
210 226 846
211 927 223
212 415 389
213 770 189
214 985 499
215 21 428
216 707 423
217 150 848
218 626 71
219 570 728
220 218 936
221 92 820
222 40 555
223 827 771
224 369 694
225 425 701
226 99 7
227 78 974
228 157 270
229 15 899
230 115 19
231 800 236
232 588 108
233 595 405
234 900 942
235 567 91
236 835 231
237 762 319
238 429 990
239 156 602
240 140 49
241 620 614
242 249 113
243 713 106
244 162 682
245 837 224
246 113 858
247 396 668
248 762 287
249 908 233
250 964 483
251 260 943
252 298 758
253 474 534
254 177 36
255 932 296
256 7 933
257 947 103
258 326 828
259 570 345
260 138 32
261 866 525
262 151 884
263 171 843
264 74 784
265 482 587
266 655 91
267 510 249
268 761 775
269 240 111
270 208 216
271 781 520
272 674 507
273 377 139
274 776 164
275 730 187
276 721 291
277 939 671
278 397 277
279 658 305
280 44 437
281 590 359
282 615 929
283 805 201
284 215 224
285 810 521
286 772 602
287 898 194
288 29 283
289 167 860
290 879 710
291 729 147
292 551 526
293 286 79
294 193 251
295 429 226
296 974 460
297 645 404
298 848 673
299 118 473
300 157 797
301 577 516
302 816 166
303 976 171
304 224 758
305 773 423
306 839 312
307 399 9
308 862 6
309 729 891
310 12 743
311 357 679
312 273 321
313 282 31
314 221 367
315 30 645
316 777 768
317 502 417
318 102 237
319 534 592
320 189 873
321 96 67
322 719 106
323 253 532
324 869 540
325 495 546
326 39 266
327 867 516
328 415 301
329 548 940
330 714 66
331 770 929
332 979 200
333 639 664
334 600 297
335 900 361
336 81 758
337 962 197
338 601 668
339 33 814
340 890 996
341 222 390
342 254 180
343 116 588
344 918 895
345 186 770
346 385 643
347 381 489
348 877 942
349 45 442
350 387 378
351 496 137
352 730 99
353 718 758
354 673 783
355 771 697
356 834 614
357 432 547
358 60 31
359 627 222
360 371 396
361 574 331
362 773 377
363 337 296
364 632 868
365 658 593
366 391 753
367 958 127
368 972 124
369 697 904
370 981 884
371 841 415
372 695 488
373 599 603
374 931 657
375 706 775
376 454 189
377 953 896
378 162 265
379 197 639
380 636 149
381 329 63
382 803 881
383 689 463
384 431 728
385 818 485
386 857 87
387 836 908
388 628 742
389 411 806
390 676 837
391 602 654
392 793 295
393 54 112
394 810 444
395 283 719
396 400 436
397 152 319
398 903 243
399 236 903
400 331 797
401 229 723
402 436 86
403 520 194
404 312 374
405 874 36
406 232 785
407 947 811
408 201 492
409 114 67
410 976 888
411 49 61
412 759 790
413 884 622
414 634 894
415 389 98
416 273 513
417 38 637
418 885 87
419 480 409
420 553 456
421 817 831
422 227 284
423 377 294
424 445 857
425 787 94
426 581 12
427 431 609
428 314 177
429 851 260
430 299 840
431 680 592
432 424 698
433 204 381
434 240 679
435 74 134
436 379 955
437 679 451
438 426 985
439 31 23
440 854 545
441 454 86
442 369 437
443 374 179
444 16 985
445 775 859
446 315 788
447 595 455
448 281 950
449 541 514
450 565 782
451 48 543
452 918 633
453 691 142
454 48 623
455 92 580
456 114 548
457 88 749
458 567 276
459 381 95
460 293 262
461 336 605
462 326 739
463 893 534
464 820 926
465 540 537
466 621 766
467 492 127
468 805 626
469 651 616
470 69 588
471 164 748
472 22 480
473 715 790
474 351 13
475 768 210
476 549 576
477 160 509
478 950 193
479 546 359
480 719 138
481 490 940
482 935 847
483 619 62
484 484 818
485 948 444
486 186 979
487 309 65
488 864 447
489 217 430
490 624 83
491 368 445
492 836 612
493 828 814
494 674 539
495 76 80
496 466 703
497 114 635
498 131 412
499 956 131
500 84 112
501 982 152
502 863 783
503 703 628
504 71 325
505 945 962
506 650 234
507 378 170
508 999 545
509 249 50
510 602 1
511 114 443
512 559 56
513 260 382
514 270 683
515 678 885
516 553 793
517 524 232
518 614 725
519 947 945
520 338 454
521 80 141
522 808 459
523 755 4
524 194 712
525 100 953
526 75 63
527 120 333
528 958 436
529 312 240
530 61 914
531 720 926
532 165 661
533 457 530
534 604 718
535 514 683
536 169 229
537 282 821
538 471 288
539 458 877
540 247 415
541 243 602
542 928 442
543 133 83
544 542 579
545 99 519
546 890 362
547 717 929
548 396 231
549 972 39
550 489 56
551 50 129
552 255 825
553 61 242
554 732 603
555 54 987
556 470 846
557 515 210
558 258 563
559 836 817
560 758 921
561 912 293
562 821 102
563 410 25
564 300 976
565 200 784
566 940 776
567 539 741
568 713 864
569 875 882
570 193 34
571 874 34
572 835 465
573 465 166
574 48 66
575 603 789
576 208 17
577 264 303
578 434 50
579 604 83
580 734 194
581 969 535
582 713 911
583 492 263
584 846 448
585 131 917
586 618 65
587 53 804
588 894 256
589 41 222
590 731 957
591 727 633
592 600 28
593 953 53
594 89 562
595 536 220
596 516 880
597 839 565
598 894 645
599 168 203
600 810 517
601 926 332
602 557 651
603 865 870
604 496 198
605 708 344
606 662 385
607 924 830
608 895 498
609 398 825
610 682 54
611 104 421
612 488 22
613 716 681
614 598 903
615 16 52
616 514 492
617 567 408
618 902 76
619 917 359
620 656 196
621 55 831
622 131 450
623 449 646
624 830 776
625 628 304
626 927 521
627 273 766
628 872 491
629 445 874
630 157 376
631 877 855
632 787 357
633 698 259
634 998 673
635 574 593
636 855 800
637 80 750
638 38 751
639 129 263
640 671 819
641 49 827
642 944 69
643 481 293
644 691 4
645 265 228
646 448 247
647 587 545
648 79 625
649 791 486
650 929 30
651 716 320
652 613 683
653 551 257
654 732 100
655 603 849
656 67 850
657 319 833
658 95 60
659 678 525
660 907 664
661 98 130
662 628 913
663 444 307
664 451 688
665 470 652
666 110 45
667 59 554
668 697 562
669 484 170
670 824 113
671 375 877
672 78 630
673 930 479
674 966 319
675 329 809
676 322 529
677 158 756
678 786 732
679 931 257
680 111 346
681 895 41
682 537 103
683 872 263
684 484 97
685 227 11
686 895 60
687 599 328
688 547 409
689 284 156
690 423 696
691 756 851
692 921 818
693 502 282
694 737 562
695 66 968
696 442 731
697 881 382
698 498 627
699 618 181
700 533 676
701 108 596
702 879 153
703 215 664
704 162 203
705 3 357
706 266 160
707 40 692
708 291 849
709 41 726
710 27 220
711 269 833
712 519 5
713 998 65
714 865 744
715 717 69
716 644 512
717 222 206
718 943 459
719 84 141
720 344 977
721 3 381
722 723 433
723 912 625
724 273 888
725 68 894
726 702 412
727 560 616
728 40 792
729 430 373
730 386 440
731 546 325
732 629 535
733 251 547
734 896 298
735 598 362
736 920 491
737 827 413
738 585 401
739 983 414
740 802 364
741 719 756
742 939 240
743 959 32
744 387 917
745 611 895
746 463 831
747 385 954
748 597 501
749 481 892
750 369 178
751 544 743
752 113 10
753 133 515
754 779 69
755 800 857
756 78 669
757 980 33
758 73 676
759 167 73
760 183 733
761 758 801
762 871 348
763 925 343
764 398 953
765 347 965
766 629 14
767 968 418
768 342 851
769 639 901
770 359 449
771 735 783
772 748 911
773 905 845
774 683 814
775 738 870
776 834 178
777 926 393
778 210 811
779 929 86
780 58 897
781 3 352
782 498 555
783 393 822
784 19 191
785 932 244
786 546 985
787 83 845
788 695 593
789 743 853
790 373 776
791 548 415
792 632 891
793 21 594
794 489 827
795 835 832
796 453 419
797 222 125
798 74 623
799 348 586
800 421 184
801 751 467
802 790 850
803 378 875
804 764 608
805 898 849
806 531 245
807 519 459
808 135 640
809 211 543
810 114 26
811 81 769
812 828 252
813 29 30
814 250 807
815 485 970
816 145 501
817 329 22
818 773 7
819 997 396
820 951 628
821 51 715
822 710 261
823 658 211
824 577 871
825 406 497
826 355 576
827 989 823
828 769 418
829 994 970
830 643 274
831 215 369
832 894 514
833 147 716
834 311 630
835 262 827
836 695 678
837 910 979
838 486 455
839 933 580
840 975 308
841 51 273
842 747 528
843 433 17
844 572 270
845 992 125
846 549 868
847 68 730
848 222 707
849 248 118
850 850 438
851 537 90
852 427 86
853 669 929
854 904 603
855 873 654
856 694 822
857 918 55
858 951 296
859 586 431
860 415 701
861 768 22
862 689 245
863 707 609
864 11 656
865 119 412
866 83 483
867 257 22
868 415 496
869 734 841
870 461 672
871 617 721
872 19 915
873 642 993
874 467 453
875 702 584
876 370 606
877 937 92
878 130 947
879 403 710
880 898 130
881 718 155
882 494 25
883 330 153
884 93 670
885 651 877
886 758 612
887 515 833
888 795 921
889 919 759
890 711 11
891 159 687
892 416 243
893 889 655
894 993 741
895 511 38
896 544 716
897 694 690
898 659 856
899 346 709
900 546 596
901 296 904
902 723 663
903 694 544
904 607 521
905 572 358
906 617 370
907 268 159
908 715 739
909 403 87
910 829 434
911 172 288
912 872 990
913 830 726
914 513 782
915 842 685
916 251 252
917 9 11
918 404 547
919 890 860
920 380 273
921 266 82
922 802 536
923 110 534
924 363 234
925 660 161
926 415 544
927 214 824
928 748 116
929 266 245
930 407 878
931 299 742
932 153 789
933 44 478
934 227 216
935 289 42
936 80 481
937 394 781
938 144 188
939 669 558
940 127 248
941 376 840
942 405 478
943 43 918
944 702 645
945 318 44
946 728 466
947 69 559
948 674 95
949 853 791
950 239 429
951 935 751
952 264 577
953 655 403
954 555 875
955 242 607
956 958 454
957 952 616
958 990 904
959 132 29
960 269 456
961 682 903
962 159 722
963 621 114
964 53 158
965 533 595
966 784 900
967 78 18
968 187 235
969 668 299
970 528 9
971 758 268
972 297 688
973 812 832
974 698 783
975 106 843
976 536 416
977 592 675
978 36 508
979 13 112
980 922 812
981 936 898
982 276 484
983 611 784
984 188 359
985 771 363
986 925 637
987 811 440
988 361 770
989 836 355
990 490 611
991 577 526
992 783 467
993 833 598
994 974 8
995 560 771
996 762 768
997 637 138
998 142 682
999 483 457
1000 745 779
