2 
150 150  
1 51 63 
2 54 58 
3 100 27 
4 23 96 
5 64 56 
6 37 86 
7 39 89 
8 86 25 
9 21 98 
10 26 86 
11 36 80 
12 20 95 
13 58 61 
14 69 47 
15 67 54 
16 21 104 
17 78 39 
18 20 100 
19 64 60 
20 31 81 
21 47 73 
22 79 44 
23 75 42 
24 88 35 
25 84 42 
26 33 85 
27 65 49 
28 45 76 
29 21 103 
30 55 56 
31 92 35 
32 93 17 
33 21 90 
34 34 94 
35 76 52 
36 41 86 
37 95 23 
38 96 30 
39 33 95 
40 27 99 
41 28 94 
42 20 107 
43 25 88 
44 85 32 
45 43 74 
46 87 37 
47 99 31 
48 25 89 
49 82 47 
50 30 93 
51 52 74 
52 45 75 
53 50 62 
54 98 20 
55 33 91 
56 67 60 
57 37 86 
58 28 90 
59 51 74 
60 34 76 
61 56 58 
62 90 37 
63 43 78 
64 36 74 
65 34 83 
66 80 45 
67 64 56 
68 23 104 
69 70 60 
70 99 24 
71 83 35 
72 29 94 
73 40 71 
74 30 98 
75 39 82 
76 46 71 
77 82 40 
78 85 44 
79 51 68 
80 98 22 
81 68 56 
82 56 59 
83 37 75 
84 23 98 
85 72 58 
86 97 17 
87 72 50 
88 82 29 
89 54 69 
90 30 98 
91 47 78 
92 88 41 
93 90 26 
94 90 27 
95 23 91 
96 50 75 
97 86 27 
98 48 65 
99 99 14 
100 25 103 
101 24 100 
102 52 61 
103 66 56 
104 47 66 
105 85 39 
106 20 100 
107 44 69 
108 41 77 
109 93 29 
110 87 38 
111 77 36 
112 81 31 
113 96 33 
114 90 36 
115 60 69 
116 75 36 
117 27 91 
118 26 86 
119 66 53 
120 93 32 
121 72 57 
122 99 23 
123 93 22 
124 70 53 
125 69 58 
126 25 102 
127 76 44 
128 86 43 
129 96 15 
130 100 28 
131 21 105 
132 77 52 
133 44 73 
134 93 37 
135 90 38 
136 84 31 
137 96 16 
138 89 22 
139 66 60 
140 43 80 
141 78 38 
142 91 35 
143 27 92 
144 100 20 
145 97 14 
146 36 87 
147 87 30 
148 38 72 
149 20 103 
150 36 76 
151 90 29 
152 87 37 
153 53 57 
154 99 26 
155 49 65 
156 24 98 
157 72 41 
158 95 22 
159 97 32 
160 67 46 
161 21 101 
162 73 54 
163 70 60 
164 70 46 
165 30 82 
166 59 60 
167 29 101 
168 28 83 
169 91 32 
170 61 54 
171 93 32 
172 56 56 
173 28 83 
174 78 41 
175 53 63 
176 42 81 
177 79 46 
178 29 87 
179 62 62 
180 94 18 
181 88 31 
182 53 73 
183 89 32 
184 37 86 
185 66 62 
186 100 13 
187 68 51 
188 66 54 
189 23 95 
190 85 39 
191 90 32 
192 86 41 
193 82 40 
194 83 35 
195 64 65 
196 97 32 
197 60 66 
198 26 101 
199 51 61 
200 51 72 
201 93 24 
202 59 61 
203 22 92 
204 40 86 
205 73 46 
206 31 82 
207 84 41 
208 25 91 
209 100 11 
210 30 98 
211 49 65 
212 53 69 
213 89 23 
214 73 43 
215 99 21 
216 70 43 
217 29 100 
218 73 47 
219 85 44 
220 67 58 
221 100 21 
222 99 24 
223 50 77 
224 79 43 
225 88 23 
226 29 84 
227 29 81 
228 100 20 
229 33 77 
230 35 84 
231 73 40 
232 53 70 
233 38 72 
234 48 70 
235 61 60 
236 52 72 
237 67 47 
238 89 36 
239 76 48 
240 100 11 
241 24 100 
242 40 90 
243 83 34 
244 51 73 
245 64 56 
246 44 85 
247 33 86 
248 80 47 
249 43 67 
250 62 48 
251 48 68 
252 73 40 
253 66 49 
254 64 57 
255 53 67 
256 44 75 
257 42 76 
258 20 90 
259 25 87 
260 88 22 
261 23 101 
262 97 19 
263 67 63 
264 74 51 
265 99 21 
266 64 51 
267 31 81 
268 93 21 
269 20 109 
270 45 77 
271 89 39 
272 92 31 
273 89 33 
274 50 60 
275 88 33 
276 44 69 
277 87 42 
278 30 91 
279 43 81 
280 24 99 
281 42 79 
282 50 67 
283 26 102 
284 33 90 
285 21 94 
286 94 35 
287 37 77 
288 94 16 
289 96 17 
290 39 88 
291 54 75 
292 96 31 
293 82 33 
294 79 44 
295 65 65 
296 81 33 
297 40 71 
298 21 106 
299 27 94 
300 93 32 
301 95 21 
302 77 39 
303 84 37 
304 68 56 
305 70 43 
306 60 61 
307 90 24 
308 58 64 
309 21 104 
310 58 71 
311 80 48 
312 72 52 
313 84 36 
314 46 74 
315 85 44 
316 32 94 
317 41 88 
318 35 78 
319 96 25 
320 54 67 
321 81 29 
322 50 60 
323 55 75 
324 32 93 
325 76 37 
326 67 62 
327 74 41 
328 98 22 
329 63 48 
330 38 80 
331 82 32 
332 29 81 
333 71 49 
334 46 78 
335 72 38 
336 32 92 
337 71 50 
338 47 80 
339 73 38 
340 94 17 
341 29 87 
342 97 16 
343 50 67 
344 80 37 
345 81 42 
346 56 64 
347 41 82 
348 35 93 
349 87 24 
350 71 47 
351 65 51 
352 90 23 
353 98 28 
354 31 82 
355 29 96 
356 69 47 
357 43 69 
358 68 61 
359 57 53 
360 23 104 
361 84 28 
362 51 69 
363 33 77 
364 43 75 
365 24 103 
366 51 74 
367 41 82 
368 43 87 
369 54 63 
370 47 69 
371 56 74 
372 70 42 
373 81 32 
374 28 88 
375 43 87 
376 46 84 
377 50 75 
378 93 22 
379 23 103 
380 98 17 
381 40 81 
382 83 38 
383 99 26 
384 37 76 
385 53 69 
386 46 70 
387 74 54 
388 55 68 
389 78 44 
390 84 29 
391 82 48 
392 63 51 
393 46 72 
394 68 56 
395 76 48 
396 94 18 
397 74 44 
398 87 39 
399 52 70 
400 79 31 
