1
40  
1 30
2 25
3 27
4 29
5 34
6 33
7 8
8 18
9 19
10 22
11 1
12 4
13 21
14 35
15 20
16 23
17 28
18 32
19 28
20 34
21 2
22 28
23 18
24 7
25 28
26 27
27 2
28 15
29 7
30 24
31 17
32 25
33 6
34 28
35 7
36 33
37 10
38 26
39 30
40 6
41 17
42 21
43 14
44 8
45 16
46 22
47 33
48 1
49 1
50 27
51 25
52 27
53 1
54 17
55 17
56 10
57 31
58 10
59 29
60 25
61 3
62 4
63 8
64 17
65 33
66 12
67 8
68 20
69 30
70 34
71 21
72 9
73 21
74 18
75 23
76 12
77 25
78 23
79 31
80 5
81 9
82 31
83 1
84 18
85 29
86 8
87 25
88 29
89 32
90 27
91 16
92 20
93 2
94 27
95 24
96 27
97 11
98 24
99 30
100 5
101 27
102 11
103 3
104 20
105 12
106 11
107 24
108 8
109 14
110 17
111 8
112 19
113 15
114 23
115 14
116 29
117 7
118 33
119 10
120 22
121 11
122 23
123 19
124 15
125 2
126 25
127 5
128 33
129 17
130 15
131 16
132 29
133 11
134 9
135 4
136 13
137 18
138 34
139 14
140 26
141 34
142 32
143 32
144 16
145 34
146 21
147 3
148 12
149 21
150 15
151 35
152 27
153 12
154 18
155 25
156 33
157 3
158 28
159 22
160 32
161 5
162 32
163 27
164 13
165 9
166 7
167 2
168 30
169 16
170 29
171 4
172 6
173 5
174 27
175 20
176 14
177 33
178 16
179 16
180 18
181 1
182 23
183 6
184 34
185 32
186 13
187 10
188 28
189 6
190 35
191 8
192 5
193 34
194 31
195 14
196 12
197 19
198 27
199 16
200 27
201 19
202 11
203 8
204 19
205 22
206 27
207 34
208 11
209 3
210 5
211 15
212 19
213 15
214 11
215 1
216 12
217 11
218 33
219 9
220 22
221 9
222 22
223 35
224 18
225 35
226 2
227 31
228 18
229 20
230 2
231 3
232 32
233 22
234 13
235 12
236 6
237 11
238 19
239 27
240 29
241 7
242 34
243 25
244 18
245 18
246 24
247 32
248 2
249 5
250 18
251 23
252 34
253 35
254 1
255 1
256 33
257 28
258 1
259 27
260 30
261 1
262 21
263 2
264 6
265 9
266 12
267 11
268 9
269 23
270 17
271 1
272 26
273 20
274 8
275 30
276 12
277 19
278 12
279 24
280 10
281 35
282 32
283 18
284 10
285 31
286 21
287 28
288 33
289 12
290 5
291 2
292 6
293 12
294 26
295 2
296 17
297 28
298 34
299 20
300 7
301 7
302 31
303 1
304 30
305 24
306 30
307 5
308 30
309 5
310 14
311 5
312 24
313 6
314 6
315 16
316 28
317 1
318 7
319 4
320 23
321 25
322 15
323 23
324 14
325 12
326 31
327 2
328 20
329 35
330 8
331 12
332 32
333 5
334 5
335 2
336 8
337 13
338 7
339 35
340 10
341 20
342 24
343 25
344 21
345 28
346 27
347 2
348 23
349 23
350 11
351 22
352 20
353 1
354 16
355 1
356 21
357 3
358 5
359 31
360 30
361 29
362 19
363 1
364 8
365 32
366 29
367 32
368 3
369 7
370 7
371 12
372 15
373 10
374 35
375 35
376 33
377 23
378 26
379 2
380 18
381 20
382 22
383 8
384 14
385 25
386 16
387 2
388 29
389 35
390 18
391 18
392 13
393 4
394 26
395 27
396 26
397 33
398 24
399 5
400 4
