1
1000  
1 813
2 323
3 875
4 459
5 903
6 155
7 615
8 771
9 998
10 183
11 773
12 534
13 300
14 45
15 421
16 514
17 171
18 410
19 173
20 664
21 479
22 554
23 796
24 95
25 535
26 329
27 458
28 21
29 589
30 788
31 502
32 9
33 276
34 620
35 193
36 760
37 909
38 124
39 376
40 969
41 328
42 47
43 910
44 84
45 725
46 615
47 951
48 618
49 147
50 126
51 14
52 215
53 810
54 779
55 952
56 510
57 816
58 454
59 518
60 249
61 245
62 163
63 891
64 753
65 906
66 854
67 943
68 50
69 337
70 569
71 704
72 270
73 210
74 406
75 488
76 669
77 955
78 219
79 67
80 12
81 668
82 179
83 184
84 674
85 6
86 275
87 529
88 207
89 160
90 377
91 111
92 726
93 812
94 387
95 3
96 405
97 856
98 486
99 645
100 950
101 809
102 813
103 651
104 479
105 461
106 278
107 632
108 588
109 164
110 358
111 210
112 6
113 977
114 314
115 99
116 209
117 689
118 245
119 581
120 965
121 173
122 129
123 938
124 399
125 792
126 468
127 233
128 748
129 12
130 792
131 421
132 532
133 176
134 659
135 695
136 843
137 824
138 831
139 216
140 642
141 625
142 311
143 629
144 525
145 523
146 328
147 830
148 993
149 832
150 597
151 984
152 125
153 300
154 686
155 225
156 628
157 560
158 905
159 341
160 158
161 117
162 710
163 514
164 504
165 958
166 834
167 847
168 806
169 229
170 528
171 254
172 929
173 190
174 678
175 342
176 113
177 926
178 459
179 386
180 676
181 843
182 914
183 687
184 320
185 5
186 381
187 445
188 89
189 398
190 6
191 318
192 456
193 183
194 209
195 916
196 648
197 999
198 195
199 379
200 948
201 294
202 44
203 359
204 260
205 229
206 935
207 510
208 938
209 553
210 226
211 927
212 415
213 770
214 985
215 21
216 707
217 150
218 626
219 570
220 218
221 92
222 40
223 827
224 369
225 425
226 99
227 78
228 157
229 15
230 115
231 800
232 588
233 595
234 900
235 567
236 835
237 762
238 429
239 156
240 140
241 620
242 249
243 713
244 162
245 837
246 113
247 396
248 762
249 908
250 964
251 260
252 298
253 474
254 177
255 932
256 7
257 947
258 326
259 570
260 138
261 866
262 151
263 171
264 74
265 482
266 655
267 510
268 761
269 240
270 208
271 781
272 674
273 377
274 776
275 730
276 721
277 939
278 397
279 658
280 44
281 590
282 615
283 805
284 215
285 810
286 772
287 898
288 29
289 167
290 879
291 729
292 551
293 286
294 193
295 429
296 974
297 645
298 848
299 118
300 157
301 577
302 816
303 976
304 224
305 773
306 839
307 399
308 862
309 729
310 12
311 357
312 273
313 282
314 221
315 30
316 777
317 502
318 102
319 534
320 189
321 96
322 719
323 253
324 869
325 495
326 39
327 867
328 415
329 548
330 714
331 770
332 979
333 639
334 600
335 900
336 81
337 962
338 601
339 33
340 890
341 222
342 254
343 116
344 918
345 186
346 385
347 381
348 877
349 45
350 387
351 496
352 730
353 718
354 673
355 771
356 834
357 432
358 60
359 627
360 371
361 574
362 773
363 337
364 632
365 658
366 391
367 958
368 972
369 697
370 981
371 841
372 695
373 599
374 931
375 706
376 454
377 953
378 162
379 197
380 636
381 329
382 803
383 689
384 431
385 818
386 857
387 836
388 628
389 411
390 676
391 602
392 793
393 54
394 810
395 283
396 400
397 152
398 903
399 236
400 331
401 229
402 436
403 520
404 312
405 874
406 232
407 947
408 201
409 114
410 976
411 49
412 759
413 884
414 634
415 389
416 273
417 38
418 885
419 480
420 553
421 817
422 227
423 377
424 445
425 787
426 581
427 431
428 314
429 851
430 299
431 680
432 424
433 204
434 240
435 74
436 379
437 679
438 426
439 31
440 854
441 454
442 369
443 374
444 16
445 775
446 315
447 595
448 281
449 541
450 565
451 48
452 918
453 691
454 48
455 92
456 114
457 88
458 567
459 381
460 293
461 336
462 326
463 893
464 820
465 540
466 621
467 492
468 805
469 651
470 69
471 164
472 22
473 715
474 351
475 768
476 549
477 160
478 950
479 546
480 719
481 490
482 935
483 619
484 484
485 948
486 186
487 309
488 864
489 217
490 624
491 368
492 836
493 828
494 674
495 76
496 466
497 114
498 131
499 956
500 84
501 982
502 863
503 703
504 71
505 945
506 650
507 378
508 999
509 249
510 602
511 114
512 559
513 260
514 270
515 678
516 553
517 524
518 614
519 947
520 338
521 80
522 808
523 755
524 194
525 100
526 75
527 120
528 958
529 312
530 61
531 720
532 165
533 457
534 604
535 514
536 169
537 282
538 471
539 458
540 247
541 243
542 928
543 133
544 542
545 99
546 890
547 717
548 396
549 972
550 489
551 50
552 255
553 61
554 732
555 54
556 470
557 515
558 258
559 836
560 758
561 912
562 821
563 410
564 300
565 200
566 940
567 539
568 713
569 875
570 193
571 874
572 835
573 465
574 48
575 603
576 208
577 264
578 434
579 604
580 734
581 969
582 713
583 492
584 846
585 131
586 618
587 53
588 894
589 41
590 731
591 727
592 600
593 953
594 89
595 536
596 516
597 839
598 894
599 168
600 810
601 926
602 557
603 865
604 496
605 708
606 662
607 924
608 895
609 398
610 682
611 104
612 488
613 716
614 598
615 16
616 514
617 567
618 902
619 917
620 656
621 55
622 131
623 449
624 830
625 628
626 927
627 273
628 872
629 445
630 157
631 877
632 787
633 698
634 998
635 574
636 855
637 80
638 38
639 129
640 671
641 49
642 944
643 481
644 691
645 265
646 448
647 587
648 79
649 791
650 929
651 716
652 613
653 551
654 732
655 603
656 67
657 319
658 95
659 678
660 907
661 98
662 628
663 444
664 451
665 470
666 110
667 59
668 697
669 484
670 824
671 375
672 78
673 930
674 966
675 329
676 322
677 158
678 786
679 931
680 111
681 895
682 537
683 872
684 484
685 227
686 895
687 599
688 547
689 284
690 423
691 756
692 921
693 502
694 737
695 66
696 442
697 881
698 498
699 618
700 533
701 108
702 879
703 215
704 162
705 3
706 266
707 40
708 291
709 41
710 27
711 269
712 519
713 998
714 865
715 717
716 644
717 222
718 943
719 84
720 344
721 3
722 723
723 912
724 273
725 68
726 702
727 560
728 40
729 430
730 386
731 546
732 629
733 251
734 896
735 598
736 920
737 827
738 585
739 983
740 802
741 719
742 939
743 959
744 387
745 611
746 463
747 385
748 597
749 481
750 369
751 544
752 113
753 133
754 779
755 800
756 78
757 980
758 73
759 167
760 183
761 758
762 871
763 925
764 398
765 347
766 629
767 968
768 342
769 639
770 359
771 735
772 748
773 905
774 683
775 738
776 834
777 926
778 210
779 929
780 58
781 3
782 498
783 393
784 19
785 932
786 546
787 83
788 695
789 743
790 373
791 548
792 632
793 21
794 489
795 835
796 453
797 222
798 74
799 348
800 421
801 751
802 790
803 378
804 764
805 898
806 531
807 519
808 135
809 211
810 114
811 81
812 828
813 29
814 250
815 485
816 145
817 329
818 773
819 997
820 951
821 51
822 710
823 658
824 577
825 406
826 355
827 989
828 769
829 994
830 643
831 215
832 894
833 147
834 311
835 262
836 695
837 910
838 486
839 933
840 975
841 51
842 747
843 433
844 572
845 992
846 549
847 68
848 222
849 248
850 850
851 537
852 427
853 669
854 904
855 873
856 694
857 918
858 951
859 586
860 415
861 768
862 689
863 707
864 11
865 119
866 83
867 257
868 415
869 734
870 461
871 617
872 19
873 642
874 467
875 702
876 370
877 937
878 130
879 403
880 898
881 718
882 494
883 330
884 93
885 651
886 758
887 515
888 795
889 919
890 711
891 159
892 416
893 889
894 993
895 511
896 544
897 694
898 659
899 346
900 546
901 296
902 723
903 694
904 607
905 572
906 617
907 268
908 715
909 403
910 829
911 172
912 872
913 830
914 513
915 842
916 251
917 9
918 404
919 890
920 380
921 266
922 802
923 110
924 363
925 660
926 415
927 214
928 748
929 266
930 407
931 299
932 153
933 44
934 227
935 289
936 80
937 394
938 144
939 669
940 127
941 376
942 405
943 43
944 702
945 318
946 728
947 69
948 674
949 853
950 239
951 935
952 264
953 655
954 555
955 242
956 958
957 952
958 990
959 132
960 269
961 682
962 159
963 621
964 53
965 533
966 784
967 78
968 187
969 668
970 528
971 758
972 297
973 812
974 698
975 106
976 536
977 592
978 36
979 13
980 922
981 936
982 276
983 611
984 188
985 771
986 925
987 811
988 361
989 836
990 490
991 577
992 783
993 833
994 974
995 560
996 762
997 637
998 142
999 483
1000 745
