1
1000  
1 91
2 88
3 64
4 33
5 50
6 58
7 44
8 46
9 66
10 86
11 90
12 83
13 53
14 33
15 47
16 49
17 75
18 58
19 69
20 25
21 26
22 27
23 94
24 86
25 79
26 62
27 58
28 28
29 29
30 48
31 88
32 35
33 28
34 56
35 38
36 44
37 29
38 50
39 53
40 42
41 100
42 83
43 49
44 38
45 57
46 92
47 48
48 38
49 92
50 90
51 83
52 86
53 40
54 67
55 28
56 91
57 43
58 59
59 26
60 61
61 51
62 82
63 29
64 77
65 77
66 36
67 50
68 53
69 41
70 74
71 36
72 47
73 27
74 66
75 76
76 38
77 69
78 54
79 28
80 31
81 91
82 40
83 70
84 41
85 49
86 53
87 57
88 44
89 41
90 51
91 36
92 49
93 70
94 92
95 69
96 87
97 70
98 32
99 33
100 49
101 84
102 42
103 64
104 38
105 43
106 99
107 53
108 99
109 54
110 77
111 93
112 76
113 62
114 88
115 42
116 39
117 71
118 45
119 33
120 64
121 44
122 47
123 31
124 25
125 92
126 83
127 28
128 66
129 56
130 56
131 40
132 87
133 33
134 61
135 38
136 36
137 42
138 67
139 58
140 99
141 88
142 80
143 75
144 26
145 31
146 76
147 74
148 44
149 95
150 93
151 37
152 97
153 97
154 87
155 68
156 99
157 86
158 36
159 31
160 70
161 50
162 88
163 94
164 57
165 74
166 94
167 44
168 95
169 63
170 49
171 85
172 69
173 67
174 42
175 76
176 80
177 98
178 65
179 68
180 94
181 38
182 94
183 90
184 84
185 76
186 61
187 36
188 57
189 49
190 58
191 51
192 78
193 53
194 60
195 99
196 42
197 97
198 85
199 41
200 63
