1
1000  
1 179
2 122
3 128
4 186
5 92
6 153
7 194
8 113
9 51
10 111
11 129
12 145
13 66
14 161
15 127
16 102
17 72
18 79
19 59
20 192
21 148
22 162
23 190
24 156
25 92
26 112
27 70
28 106
29 153
30 77
31 193
32 108
33 196
34 79
35 191
36 184
37 189
38 55
39 109
40 79
41 185
42 192
43 108
44 145
45 112
46 101
47 138
48 68
49 105
50 148
51 108
52 87
53 105
54 199
55 177
56 98
57 112
58 114
59 103
60 123
61 142
62 94
63 197
64 146
65 162
66 166
67 55
68 160
69 138
70 184
71 150
72 55
73 124
74 163
75 96
76 121
77 119
78 79
79 102
80 75
81 188
82 140
83 67
84 161
85 53
86 142
87 167
88 101
89 178
90 154
91 162
92 197
93 110
94 175
95 178
96 91
97 76
98 116
99 160
100 135
