1
1000  
1 645
2 492
3 846
4 734
5 64
6 981
7 124
8 30
9 78
10 151
11 72
12 494
13 755
14 898
15 947
16 891
17 499
18 460
19 91
20 354
21 690
22 91
23 318
24 379
25 927
26 204
27 358
28 918
29 269
30 893
31 50
32 486
33 525
34 195
35 365
36 318
37 399
38 143
39 891
40 28
41 878
42 759
43 460
44 240
45 604
46 353
47 201
48 637
49 671
50 485
51 562
52 919
53 502
54 580
55 710
56 241
57 675
58 967
59 355
60 607
61 763
62 283
63 601
64 144
65 114
66 780
67 855
68 956
69 234
70 49
71 705
72 205
73 375
74 596
75 368
76 64
77 4
78 686
79 509
80 384
81 13
82 68
83 644
84 226
85 701
86 55
87 605
88 362
89 239
90 199
91 700
92 574
93 124
94 157
95 145
96 895
97 806
98 103
99 284
100 597
101 75
102 216
103 809
104 368
105 521
106 157
107 165
108 1000
109 504
110 968
111 78
112 654
113 255
114 2
115 35
116 718
117 598
118 751
119 653
120 485
121 767
122 365
123 403
124 877
125 407
126 721
127 527
128 687
129 335
130 162
131 211
132 1
133 340
134 442
135 882
136 95
137 994
138 117
139 617
140 610
141 846
142 531
143 655
144 602
145 597
146 476
147 485
148 179
149 811
150 31
151 481
152 268
153 777
154 792
155 560
156 713
157 709
158 376
159 789
160 789
161 541
162 881
163 104
164 381
165 806
166 399
167 866
168 238
169 232
170 332
171 889
172 531
173 570
174 364
175 305
176 396
177 192
178 564
179 72
180 207
181 290
182 617
183 70
184 746
185 981
186 482
187 238
188 920
189 314
190 102
191 720
192 735
193 945
194 394
195 414
196 310
197 970
198 845
199 877
200 862
