1
1000  
1 157
2 107
3 396
4 161
5 264
6 169
7 246
8 252
9 262
10 356
11 146
12 339
13 198
14 166
15 206
16 394
17 373
18 358
19 163
20 187
21 134
22 287
23 308
24 121
25 114
26 342
27 380
28 281
29 132
30 160
31 289
32 113
33 326
34 395
35 129
36 176
37 157
38 195
39 221
40 253
41 165
42 233
43 359
44 153
45 254
46 191
47 318
48 301
49 116
50 155
51 302
52 213
53 315
54 289
55 271
56 204
57 268
58 221
59 358
60 330
61 349
62 235
63 393
64 390
65 168
66 169
67 358
68 309
69 398
70 211
71 121
72 140
73 235
74 263
75 382
76 199
77 287
78 328
79 398
80 291
81 295
82 331
83 205
84 237
85 355
86 384
87 214
88 196
89 298
90 186
91 182
92 271
93 358
94 102
95 329
96 119
97 291
98 109
99 268
100 316
101 186
102 110
103 120
104 174
105 178
106 172
107 126
108 142
109 113
110 114
111 225
112 303
113 367
114 355
115 289
116 249
117 242
118 200
119 251
120 186
121 189
122 284
123 112
124 348
125 112
126 299
127 398
128 144
129 149
130 191
131 347
132 382
133 335
134 125
135 381
136 152
137 361
138 135
139 138
140 139
141 126
142 149
143 100
144 116
145 197
146 101
147 201
148 129
149 269
150 153
151 110
152 131
153 204
154 266
155 193
156 130
157 327
158 155
159 150
160 198
161 343
162 226
163 276
164 178
165 214
166 248
167 362
168 160
169 147
170 337
171 388
172 395
173 167
174 287
175 185
176 255
177 180
178 161
179 160
180 224
181 208
182 306
183 113
184 266
185 164
186 268
187 272
188 394
189 262
190 297
191 311
192 352
193 400
194 397
195 199
196 307
197 361
198 277
199 347
200 208
201 249
202 264
203 368
204 381
205 304
206 138
207 224
208 343
209 226
210 212
211 395
212 258
213 364
214 143
215 263
216 288
217 252
218 118
219 299
220 305
221 102
222 219
223 100
224 114
225 337
226 395
227 192
228 144
229 396
230 299
231 171
232 173
233 206
234 269
235 278
236 208
237 356
238 255
239 150
240 231
241 349
242 330
243 275
244 220
245 239
246 341
247 201
248 311
249 267
250 400
251 269
252 347
253 248
254 124
255 207
256 296
257 199
258 227
259 155
260 396
261 263
262 288
263 381
264 393
265 159
266 260
267 364
268 333
269 173
270 373
271 137
272 173
273 115
274 171
275 343
276 370
277 343
278 341
279 397
280 317
281 398
282 247
283 197
284 249
285 241
286 280
287 362
288 251
289 370
290 223
291 155
292 124
293 371
294 339
295 391
296 365
297 380
298 279
299 298
300 210
301 383
302 274
303 393
304 115
305 365
306 288
307 144
308 381
309 281
310 104
311 105
312 398
313 265
314 380
315 394
316 178
317 304
318 159
319 143
320 306
321 197
322 213
323 194
324 318
325 335
326 236
327 215
328 384
329 259
330 153
331 138
332 377
333 135
334 365
335 335
336 154
337 352
338 263
339 190
340 165
341 103
342 149
343 104
344 129
345 210
346 366
347 300
348 153
349 270
350 318
351 220
352 323
353 226
354 106
355 380
356 291
357 178
358 102
359 252
360 288
361 241
362 210
363 323
364 324
365 318
366 138
367 184
368 139
369 325
370 324
371 382
372 255
373 293
374 277
375 244
376 166
377 337
378 363
379 245
380 361
381 171
382 318
383 320
384 323
385 133
386 181
387 228
388 183
389 104
390 171
391 209
392 178
393 103
394 254
395 340
396 263
397 296
398 318
399 325
400 201
401 280
402 123
403 201
404 360
405 163
406 394
407 170
408 342
409 324
410 141
411 282
412 369
413 238
414 134
415 148
416 294
417 170
418 216
419 204
420 296
421 240
422 153
423 317
424 187
425 323
426 196
427 380
428 317
429 399
430 328
431 212
432 225
433 116
434 275
435 270
436 360
437 242
438 338
439 157
440 345
441 121
442 359
443 120
444 309
445 153
446 338
447 198
448 309
449 249
450 201
451 276
452 279
453 131
454 148
455 350
456 283
457 318
458 198
459 303
460 274
461 323
462 315
463 152
464 392
465 149
466 107
467 400
468 228
469 358
470 253
471 353
472 159
473 286
474 337
475 104
476 375
477 323
478 270
479 140
480 341
481 220
482 180
483 242
484 173
485 290
486 196
487 357
488 340
489 201
490 220
491 134
492 158
493 116
494 133
495 147
496 168
497 257
498 349
499 364
500 378
501 242
502 400
503 397
504 356
505 170
506 334
507 157
508 122
509 151
510 193
511 158
512 293
513 106
514 340
515 279
516 386
517 271
518 281
519 123
520 396
521 150
522 350
523 132
524 298
525 100
526 314
527 122
528 370
529 348
530 239
531 188
532 352
533 182
534 194
535 345
536 128
537 317
538 337
539 288
540 166
541 358
542 314
543 123
544 126
545 293
546 268
547 350
548 178
549 156
550 262
551 129
552 240
553 211
554 102
555 317
556 272
557 260
558 392
559 210
560 352
561 240
562 365
563 177
564 237
565 353
566 311
567 303
568 280
569 198
570 257
571 162
572 253
573 222
574 344
575 139
576 351
577 331
578 251
579 223
580 270
581 215
582 233
583 293
584 346
585 335
586 119
587 236
588 314
589 344
590 127
591 112
592 366
593 269
594 160
595 300
596 307
597 276
598 281
599 354
600 168
601 331
602 128
603 377
604 102
605 227
606 305
607 207
608 335
609 167
610 249
611 188
612 364
613 181
614 144
615 155
616 175
617 287
618 133
619 161
620 309
621 180
622 103
623 364
624 200
625 375
626 329
627 212
628 208
629 277
630 317
631 356
632 276
633 352
634 373
635 117
636 139
637 361
638 364
639 347
640 306
641 335
642 334
643 273
644 319
645 295
646 317
647 390
648 124
649 180
650 218
651 282
652 367
653 174
654 341
655 119
656 139
657 104
658 290
659 346
660 247
661 273
662 354
663 199
664 308
665 307
666 154
667 259
668 108
669 149
670 324
671 174
672 250
673 174
674 281
675 128
676 273
677 233
678 376
679 342
680 125
681 152
682 117
683 371
684 276
685 192
686 252
687 275
688 190
689 160
690 169
691 258
692 103
693 274
694 347
695 134
696 298
697 230
698 380
699 276
700 397
701 148
702 172
703 350
704 302
705 294
706 382
707 255
708 373
709 225
710 391
711 263
712 183
713 375
714 128
715 132
716 140
717 257
718 292
719 218
720 307
721 219
722 166
723 345
724 154
725 190
726 173
727 277
728 301
729 348
730 167
731 301
732 264
733 284
734 379
735 117
736 126
737 357
738 170
739 399
740 194
741 255
742 342
743 190
744 337
745 376
746 173
747 158
748 247
749 318
750 183
751 182
752 150
753 398
754 369
755 256
756 223
757 363
758 364
759 344
760 341
761 105
762 155
763 346
764 352
765 371
766 132
767 332
768 315
769 111
770 258
771 350
772 297
773 298
774 128
775 145
776 385
777 274
778 205
779 399
780 213
781 186
782 106
783 155
784 138
785 326
786 144
787 280
788 329
789 321
790 296
791 129
792 229
793 394
794 163
795 389
796 301
797 322
798 257
799 286
800 398
