1
100  
1 41
2 3
3 37
4 35
5 12
6 9
7 37
8 12
9 36
10 41
11 41
12 5
13 14
14 47
15 44
16 30
17 2
18 14
19 2
20 26
21 9
22 38
23 11
24 20
25 9
26 40
27 27
28 17
29 30
30 49
31 25
32 20
33 30
34 27
35 49
36 29
37 50
38 8
39 35
40 31
41 5
42 41
43 1
44 33
45 33
46 18
47 41
48 24
49 32
50 17
51 15
52 47
53 9
54 37
55 33
56 41
57 15
58 47
59 46
60 45
61 26
62 38
63 38
64 47
65 16
66 36
67 4
68 16
69 11
70 19
71 12
72 9
73 29
74 38
75 45
76 25
77 46
78 38
79 50
80 32
81 7
82 19
83 31
84 12
85 41
86 43
87 45
88 27
89 50
90 27
91 46
92 36
93 34
94 9
95 41
96 45
97 48
98 14
99 10
100 39
101 36
102 40
103 22
104 16
105 43
106 35
107 26
108 49
109 14
110 42
111 24
112 49
113 29
114 43
115 30
116 10
117 1
118 26
119 16
120 3
121 25
122 9
123 24
124 3
125 10
126 13
127 17
128 9
129 11
130 32
131 14
132 28
133 23
134 9
135 38
136 32
137 7
138 18
139 22
140 34
141 31
142 40
143 15
144 25
145 40
146 40
147 26
148 29
149 22
150 11
151 48
152 34
153 38
154 32
155 49
156 23
157 10
158 12
159 25
160 12
161 40
162 29
163 20
164 14
165 9
166 38
167 3
168 47
169 17
170 19
171 42
172 2
173 47
174 40
175 18
176 46
177 45
178 22
179 35
180 8
181 42
182 26
183 37
184 13
185 15
186 31
187 12
188 35
189 25
190 36
191 50
192 37
193 40
194 20
195 10
196 32
197 25
198 27
199 28
200 14
201 12
202 35
203 5
204 27
205 8
206 40
207 48
208 23
209 31
210 8
211 37
212 26
213 27
214 29
215 15
216 24
217 17
218 47
219 18
220 7
221 19
222 47
223 7
224 48
225 38
226 5
227 16
228 23
229 9
230 37
231 37
232 40
233 24
234 38
235 47
236 32
237 13
238 33
239 49
240 33
241 38
242 25
243 45
244 46
245 8
246 7
247 9
248 3
249 37
250 12
251 15
252 25
253 1
254 44
255 1
256 47
257 42
258 49
259 28
260 27
261 30
262 45
263 21
264 28
265 23
266 19
267 19
268 30
269 20
270 8
271 15
272 50
273 36
274 49
275 48
276 34
277 28
278 39
279 36
280 19
281 10
282 23
283 9
284 16
285 19
286 18
287 30
288 16
289 15
290 48
291 28
292 33
293 35
294 15
295 6
296 41
297 17
298 25
299 24
300 15
301 16
302 36
303 23
304 10
305 1
306 33
307 41
308 16
309 26
310 24
311 45
312 25
313 27
314 33
315 8
316 37
317 40
318 41
319 44
320 34
321 3
322 21
323 7
324 37
325 2
326 29
327 13
328 5
329 4
330 48
331 47
332 47
333 2
334 17
335 50
336 6
337 24
338 8
339 20
340 14
341 3
342 5
343 7
344 9
345 24
346 23
347 36
348 41
349 11
350 32
351 6
352 40
353 49
354 37
355 13
356 19
357 20
358 36
359 22
360 44
361 22
362 38
363 50
364 37
365 39
366 33
367 11
368 25
369 5
370 32
371 48
372 35
373 8
374 32
375 33
376 48
377 45
378 13
379 46
380 22
381 13
382 15
383 35
384 34
385 16
386 14
387 22
388 24
389 38
390 18
391 22
392 40
393 34
394 26
395 14
396 6
397 41
398 24
399 3
400 28
401 31
402 4
403 42
404 36
405 7
406 7
407 6
408 36
409 26
410 42
411 33
412 44
413 33
414 19
415 31
416 19
417 37
418 34
419 44
420 28
421 9
422 45
423 13
424 30
425 20
426 50
427 22
428 1
429 30
430 13
431 39
432 37
433 42
434 12
435 39
436 27
437 50
438 31
439 17
440 22
441 10
442 13
443 25
444 47
445 23
446 39
447 14
448 16
449 38
450 17
451 45
452 22
453 25
454 33
455 9
456 6
457 50
458 38
459 41
460 5
461 28
462 5
463 7
464 13
465 40
466 40
467 11
468 42
469 31
470 16
471 17
472 7
473 27
474 43
475 44
476 32
477 30
478 21
479 26
480 28
481 32
482 12
483 9
484 14
485 26
486 10
487 19
488 25
489 9
490 24
491 24
492 50
493 16
494 8
495 34
496 5
497 35
498 15
499 12
500 8
501 41
502 24
503 2
504 7
505 24
506 23
507 19
508 3
509 30
510 19
511 28
512 32
513 17
514 30
515 31
516 8
517 48
518 23
519 30
520 35
521 47
522 4
523 22
524 14
525 15
526 40
527 40
528 44
529 2
530 41
531 24
532 25
533 16
534 29
535 7
536 44
537 40
538 30
539 47
540 3
541 31
542 37
543 49
544 50
545 14
546 21
547 18
548 12
549 36
550 24
551 37
552 45
553 45
554 38
555 41
556 45
557 11
558 3
559 33
560 45
561 44
562 31
563 42
564 21
565 14
566 43
567 50
568 31
569 13
570 24
571 9
572 10
573 44
574 2
575 14
576 19
577 23
578 39
579 24
580 5
581 48
582 37
583 27
584 47
585 43
586 26
587 45
588 8
589 49
590 49
591 16
592 23
593 25
594 6
595 19
596 37
597 22
598 7
599 19
600 36
601 4
602 34
603 18
604 21
605 3
606 7
607 8
608 7
609 19
610 6
611 2
612 6
613 6
614 6
615 23
616 11
617 16
618 29
619 44
620 33
621 49
622 9
623 38
624 49
625 33
626 28
627 4
628 17
629 49
630 20
631 11
632 24
633 5
634 44
635 46
636 47
637 21
638 16
639 39
640 45
641 48
642 12
643 25
644 5
645 8
646 8
647 5
648 11
649 6
650 42
651 12
652 24
653 26
654 4
655 2
656 17
657 39
658 27
659 10
660 19
661 15
662 18
663 28
664 40
665 45
666 24
667 38
668 2
669 26
670 17
671 3
672 29
673 44
674 27
675 9
676 2
677 7
678 44
679 22
680 42
681 41
682 2
683 6
684 7
685 13
686 15
687 33
688 24
689 10
690 36
691 21
692 37
693 29
694 49
695 17
696 34
697 38
698 11
699 24
700 39
701 45
702 34
703 40
704 15
705 36
706 48
707 23
708 8
709 39
710 9
711 9
712 19
713 25
714 5
715 19
716 16
717 23
718 2
719 23
720 36
721 16
722 46
723 50
724 38
725 28
726 49
727 18
728 40
729 22
730 43
731 8
732 9
733 33
734 18
735 40
736 14
737 50
738 27
739 47
740 3
741 48
742 49
743 3
744 22
745 6
746 10
747 16
748 43
749 46
750 26
751 36
752 5
753 3
754 29
755 4
756 37
757 7
758 27
759 29
760 7
761 6
762 34
763 41
764 13
765 22
766 5
767 12
768 22
769 8
770 1
771 17
772 10
773 49
774 41
775 46
776 29
777 21
778 3
779 42
780 29
781 44
782 37
783 43
784 33
785 49
786 29
787 45
788 11
789 13
790 29
791 39
792 17
793 37
794 5
795 1
796 44
797 16
798 8
799 40
800 24
801 21
802 37
803 28
804 27
805 47
806 28
807 45
808 37
809 18
810 6
811 35
812 50
813 30
814 3
815 16
816 5
817 44
818 42
819 41
820 7
821 26
822 28
823 33
824 7
825 15
826 2
827 9
828 32
829 8
830 2
831 43
832 14
833 47
834 46
835 37
836 47
837 30
838 25
839 48
840 31
841 18
842 13
843 31
844 47
845 44
846 44
847 11
848 1
849 36
850 31
851 28
852 12
853 13
854 34
855 29
856 11
857 41
858 21
859 34
860 2
861 11
862 31
863 31
864 21
865 48
866 25
867 22
868 39
869 25
870 11
871 33
872 36
873 36
874 19
875 3
876 19
877 31
878 5
879 46
880 38
881 5
882 38
883 48
884 4
885 21
886 5
887 13
888 49
889 40
890 7
891 48
892 47
893 43
894 24
895 44
896 40
897 13
898 47
899 25
900 6
901 41
902 39
903 30
904 10
905 14
906 36
907 49
908 24
909 6
910 1
911 48
912 27
913 25
914 16
915 33
916 15
917 18
918 4
919 20
920 4
921 3
922 27
923 14
924 10
925 35
926 48
927 43
928 23
929 46
930 35
931 15
932 17
933 35
934 26
935 49
936 2
937 43
938 35
939 23
940 1
941 41
942 44
943 42
944 36
945 28
946 42
947 46
948 17
949 36
950 24
951 29
952 24
953 3
954 42
955 13
956 23
957 36
958 25
959 10
960 12
961 19
962 41
963 35
964 44
965 23
966 14
967 43
968 9
969 8
970 42
971 37
972 36
973 7
974 28
975 7
976 10
977 21
978 5
979 46
980 22
981 49
982 38
983 19
984 12
985 8
986 12
987 37
988 22
989 34
990 40
991 33
992 16
993 9
994 5
995 14
996 2
997 10
998 37
999 50
1000 26
