1
1000  
1 26
2 54
3 74
4 89
5 78
6 36
7 97
8 47
9 86
10 88
11 96
12 76
13 31
14 50
15 87
16 87
17 100
18 88
19 94
20 35
21 90
22 57
23 94
24 83
25 92
26 62
27 71
28 65
29 91
30 77
31 69
32 47
33 66
34 84
35 89
36 44
37 72
38 29
39 59
40 48
41 69
42 72
43 31
44 100
45 25
46 34
47 92
48 94
49 82
50 53
51 35
52 39
53 86
54 78
55 44
56 88
57 97
58 48
59 36
60 34
61 58
62 28
63 42
64 34
65 49
66 37
67 97
68 54
69 42
70 97
71 51
72 56
73 30
74 49
75 74
76 81
77 100
78 40
79 81
80 35
81 79
82 79
83 73
84 57
85 40
86 98
87 58
88 44
89 58
90 62
91 96
92 50
93 48
94 31
95 76
96 56
97 48
98 92
99 68
100 79
101 86
102 40
103 81
104 79
105 66
106 54
107 70
108 49
109 89
110 52
111 66
112 91
113 26
114 91
115 45
116 100
117 40
118 49
119 71
120 44
121 73
122 30
123 80
124 28
125 32
126 85
127 94
128 65
129 96
130 90
131 64
132 37
133 47
134 74
135 97
136 95
137 56
138 100
139 41
140 90
141 89
142 76
143 91
144 49
145 45
146 58
147 100
148 53
149 62
150 29
151 84
152 67
153 62
154 45
155 46
156 36
157 63
158 81
159 76
160 33
161 65
162 37
163 75
164 77
165 46
166 32
167 31
168 37
169 98
170 90
171 43
172 68
173 31
174 81
175 91
176 91
177 87
178 66
179 34
180 60
181 87
182 56
183 80
184 42
185 78
186 67
187 78
188 57
189 46
190 36
191 56
192 70
193 28
194 80
195 39
196 44
197 38
198 41
199 27
200 62
201 37
202 25
203 47
204 93
205 26
206 81
207 70
208 93
209 46
210 31
211 100
212 47
213 68
214 28
215 88
216 33
217 50
218 49
219 40
220 90
221 42
222 60
223 39
224 83
225 36
226 66
227 100
228 59
229 96
230 32
231 37
232 92
233 85
234 34
235 41
236 79
237 82
238 32
239 31
240 25
241 78
242 54
243 54
244 33
245 70
246 73
247 75
248 66
249 53
250 79
251 100
252 100
253 57
254 44
255 43
256 65
257 70
258 65
259 30
260 67
261 41
262 49
263 30
264 81
265 63
266 35
267 47
268 94
269 64
270 83
271 74
272 50
273 42
274 27
275 98
276 30
277 77
278 33
279 44
280 63
281 81
282 36
283 27
284 43
285 25
286 33
287 89
288 44
289 28
290 98
291 91
292 75
293 94
294 52
295 41
296 65
297 41
298 45
299 92
300 57
301 97
302 40
303 42
304 62
305 70
306 73
307 47
308 91
309 100
310 91
311 39
312 88
313 47
314 51
315 62
316 52
317 48
318 48
319 93
320 36
321 83
322 68
323 36
324 92
325 84
326 70
327 43
328 27
329 60
330 33
331 40
332 53
333 88
334 38
335 71
336 91
337 31
338 83
339 89
340 99
341 31
342 79
343 29
344 61
345 34
346 67
347 34
348 66
349 54
350 36
351 54
352 83
353 68
354 76
355 90
356 32
357 59
358 99
359 76
360 58
361 74
362 81
363 42
364 84
365 45
366 54
367 28
368 85
369 69
370 68
371 43
372 99
373 83
374 46
375 45
376 100
377 83
378 36
379 85
380 57
381 72
382 67
383 37
384 59
385 29
386 84
387 86
388 76
389 50
390 96
391 52
392 79
393 58
394 52
395 30
396 92
397 79
398 78
399 73
400 92
401 70
402 88
403 66
404 86
405 76
406 50
407 39
408 97
409 41
410 29
411 27
412 83
413 89
414 97
415 100
416 43
417 66
418 99
419 70
420 30
421 49
422 71
423 81
424 87
425 63
426 48
427 84
428 56
429 39
430 27
431 83
432 98
433 31
434 92
435 52
436 97
437 26
438 58
439 68
440 76
441 95
442 92
443 85
444 39
445 62
446 35
447 71
448 34
449 58
450 59
451 90
452 39
453 96
454 36
455 77
456 88
457 67
458 100
459 75
460 64
461 86
462 46
463 32
464 35
465 100
466 35
467 86
468 32
469 39
470 57
471 59
472 25
473 71
474 89
475 93
476 39
477 44
478 53
479 73
480 45
481 75
482 95
483 29
484 40
485 87
486 48
487 54
488 96
489 76
490 47
491 49
492 79
493 78
494 64
495 80
496 57
497 29
498 34
499 94
500 75
501 50
502 98
503 97
504 52
505 57
506 34
507 86
508 92
509 98
510 37
511 43
512 84
513 64
514 100
515 59
516 29
517 89
518 61
519 86
520 51
521 77
522 90
523 43
524 51
525 40
526 63
527 97
528 52
529 82
530 87
531 84
532 65
533 36
534 94
535 45
536 27
537 59
538 53
539 92
540 100
541 95
542 53
543 42
544 72
545 51
546 60
547 45
548 47
549 34
550 39
551 75
552 68
553 90
554 96
555 54
556 32
557 55
558 58
559 27
560 100
561 87
562 42
563 97
564 96
565 32
566 61
567 89
568 60
569 65
570 54
571 87
572 84
573 96
574 39
575 90
576 68
577 92
578 30
579 26
580 81
581 100
582 56
583 74
584 84
585 34
586 51
587 57
588 28
589 50
590 32
591 89
592 84
593 63
594 32
595 85
596 58
597 66
598 52
599 84
600 62
601 99
602 74
603 69
604 38
605 66
606 49
607 71
608 89
609 38
610 46
611 33
612 62
613 89
614 61
615 96
616 49
617 37
618 45
619 56
620 100
621 43
622 53
623 29
624 51
625 49
626 77
627 57
628 47
629 50
630 58
631 52
632 50
633 86
634 46
635 77
636 29
637 31
638 32
639 45
640 55
641 34
642 99
643 64
644 95
645 68
646 80
647 85
648 49
649 85
650 85
651 72
652 81
653 34
654 28
655 38
656 65
657 85
658 26
659 32
660 92
661 26
662 79
663 90
664 91
665 44
666 36
667 82
668 100
669 76
670 51
671 41
672 33
673 83
674 78
675 85
676 65
677 64
678 48
679 43
680 96
681 57
682 37
683 53
684 41
685 91
686 57
687 92
688 85
689 85
690 76
691 84
692 62
693 49
694 65
695 66
696 71
697 61
698 64
699 57
700 35
701 89
702 67
703 25
704 55
705 25
706 27
707 39
708 72
709 93
710 100
711 66
712 84
713 78
714 94
715 56
716 32
717 52
718 42
719 61
720 55
721 62
722 32
723 25
724 76
725 36
726 79
727 28
728 68
729 100
730 97
731 80
732 46
733 49
734 61
735 80
736 61
737 41
738 80
739 58
740 97
741 38
742 100
743 56
744 37
745 68
746 66
747 74
748 79
749 78
750 62
751 68
752 43
753 36
754 97
755 54
756 96
757 42
758 75
759 56
760 48
761 61
762 43
763 57
764 77
765 58
766 26
767 79
768 97
769 53
770 89
771 34
772 51
773 80
774 34
775 51
776 50
777 78
778 71
779 76
780 89
781 97
782 48
783 71
784 59
785 26
786 94
787 30
788 100
789 88
790 35
791 86
792 77
793 37
794 35
795 51
796 63
797 57
798 59
799 72
800 68
801 46
802 74
803 87
804 95
805 81
806 92
807 31
808 87
809 98
810 27
811 87
812 40
813 31
814 67
815 56
816 51
817 84
818 93
819 91
820 96
821 60
822 66
823 90
824 25
825 41
826 71
827 88
828 62
829 74
830 79
831 80
832 65
833 95
834 32
835 46
836 66
837 76
838 98
839 75
840 33
841 62
842 70
843 34
844 62
845 92
846 75
847 35
848 52
849 82
850 72
851 96
852 82
853 87
854 90
855 47
856 45
857 95
858 32
859 46
860 31
861 31
862 26
863 42
864 100
865 86
866 85
867 27
868 40
869 48
870 72
871 31
872 36
873 74
874 77
875 33
876 86
877 58
878 67
879 29
880 92
881 87
882 37
883 37
884 89
885 96
886 50
887 63
888 76
889 91
890 73
891 58
892 28
893 37
894 86
895 73
896 75
897 88
898 87
899 50
900 66
901 30
902 70
903 33
904 52
905 100
906 32
907 45
908 71
909 52
910 100
911 47
912 53
913 88
914 41
915 43
916 27
917 35
918 35
919 55
920 36
921 92
922 46
923 86
924 51
925 50
926 28
927 96
928 32
929 44
930 86
931 72
932 78
933 36
934 30
935 99
936 33
937 37
938 68
939 56
940 38
941 43
942 35
943 96
944 53
945 53
946 40
947 37
948 62
949 91
950 54
951 71
952 66
953 70
954 61
955 43
956 99
957 32
958 66
959 94
960 70
961 63
962 61
963 80
964 68
965 81
966 58
967 34
968 87
969 84
970 51
971 52
972 57
973 43
974 56
975 56
976 40
977 53
978 100
979 81
980 91
981 58
982 45
983 90
984 76
985 61
986 33
987 86
988 43
989 52
990 42
991 75
992 32
993 34
994 74
995 49
996 97
997 52
998 98
999 40
1000 92
