1
1000  
1 217
2 295
3 128
4 106
5 157
6 386
7 132
8 234
9 170
10 396
11 244
12 133
13 356
14 336
15 116
16 202
17 253
18 126
19 169
20 178
21 242
22 372
23 218
24 140
25 252
26 348
27 234
28 309
29 336
30 327
31 127
32 143
33 350
34 177
35 247
36 150
37 325
38 355
39 320
40 337
41 189
42 355
43 304
44 219
45 260
46 331
47 349
48 257
49 321
50 192
51 126
52 291
53 340
54 349
55 378
56 221
57 103
58 226
59 339
60 220
61 398
62 279
63 158
64 308
65 321
66 201
67 315
68 345
69 179
70 143
71 153
72 253
73 334
74 203
75 104
76 290
77 319
78 322
79 365
80 172
81 120
82 233
83 218
84 301
85 104
86 106
87 330
88 144
89 275
90 379
91 314
92 176
93 388
94 233
95 399
96 237
97 285
98 375
99 344
100 347
101 382
102 263
103 142
104 159
105 282
106 393
107 312
108 373
109 329
110 126
111 247
112 249
113 387
114 284
115 114
116 289
117 251
118 226
119 328
120 132
121 239
122 303
123 173
124 130
125 252
126 322
127 276
128 246
129 178
130 391
131 194
132 245
133 336
134 155
135 210
136 187
137 200
138 145
139 158
140 239
141 244
142 318
143 211
144 229
145 262
146 296
147 178
148 306
149 322
150 255
151 301
152 218
153 186
154 103
155 133
156 335
157 123
158 216
159 248
160 220
161 263
162 185
163 305
164 385
165 251
166 304
167 171
168 327
169 154
170 223
171 236
172 316
173 350
174 364
175 374
176 166
177 124
178 185
179 379
180 169
181 280
182 229
183 209
184 168
185 154
186 203
187 213
188 313
189 277
190 269
191 104
192 129
193 380
194 313
195 170
196 173
197 241
198 217
199 130
200 160
