1
1000  
1 292
2 120
3 253
4 178
5 347
6 281
7 358
8 205
9 134
10 274
11 381
12 277
13 206
14 273
15 208
16 384
17 226
18 169
19 372
20 172
21 121
22 374
23 388
24 218
25 350
26 372
27 283
28 313
29 352
30 302
31 168
32 262
33 249
34 348
35 252
36 174
37 239
38 204
39 289
40 382
41 104
42 271
43 306
44 360
45 334
46 251
47 220
48 177
49 311
50 184
51 179
52 398
53 131
54 227
55 366
56 213
57 134
58 148
59 230
60 302
61 208
62 386
63 138
64 118
65 149
66 284
67 259
68 177
69 391
70 128
71 121
72 285
73 212
74 352
75 239
76 214
77 363
78 149
79 357
80 102
81 373
82 142
83 141
84 359
85 117
86 135
87 212
88 357
89 249
90 322
91 304
92 268
93 189
94 146
95 209
96 229
97 191
98 366
99 273
100 332
101 218
102 275
103 369
104 276
105 370
106 233
107 107
108 323
109 395
110 183
111 396
112 322
113 199
114 315
115 201
116 124
117 271
118 285
119 128
120 331
121 398
122 134
123 383
124 309
125 152
126 213
127 396
128 137
129 257
130 371
131 239
132 330
133 294
134 200
135 240
136 290
137 154
138 222
139 264
140 128
141 347
142 296
143 263
144 359
145 251
146 337
147 373
148 234
149 383
150 173
151 393
152 137
153 249
154 331
155 374
156 386
157 361
158 227
159 170
160 392
161 248
162 210
163 118
164 379
165 397
166 129
167 374
168 398
169 217
170 279
171 353
172 317
173 308
174 145
175 201
176 391
177 355
178 240
179 307
180 248
181 115
182 191
183 397
184 250
185 397
186 388
187 173
188 162
189 368
190 337
191 204
192 174
193 332
194 366
195 219
196 242
197 172
198 389
199 362
200 254
201 325
202 227
203 142
204 137
205 104
206 335
207 215
208 326
209 256
210 273
211 246
212 247
213 344
214 150
215 368
216 203
217 106
218 247
219 342
220 147
221 314
222 218
223 100
224 126
225 147
226 233
227 385
228 216
229 170
230 236
231 331
232 231
233 267
234 106
235 393
236 395
237 116
238 118
239 286
240 391
241 275
242 192
243 279
244 155
245 220
246 145
247 337
248 167
249 322
250 215
251 392
252 302
253 107
254 287
255 172
256 133
257 154
258 105
259 233
260 327
261 375
262 123
263 243
264 156
265 392
266 255
267 296
268 283
269 324
270 102
271 187
272 310
273 153
274 389
275 160
276 324
277 151
278 232
279 198
280 173
281 212
282 200
283 143
284 400
285 165
286 285
287 154
288 366
289 291
290 388
291 379
292 276
293 330
294 251
295 167
296 210
297 270
298 320
299 302
300 359
301 343
302 389
303 119
304 168
305 358
306 182
307 368
308 392
309 307
310 135
311 380
312 220
313 122
314 237
315 374
316 231
317 311
318 235
319 332
320 109
321 229
322 217
323 395
324 323
325 330
326 263
327 374
328 364
329 306
330 142
331 351
332 337
333 312
334 143
335 161
336 305
337 323
338 206
339 258
340 327
341 295
342 248
343 212
344 154
345 345
346 196
347 334
348 366
349 342
350 207
351 249
352 221
353 100
354 104
355 213
356 213
357 359
358 260
359 354
360 310
361 289
362 336
363 161
364 144
365 262
366 400
367 154
368 177
369 148
370 211
371 240
372 378
373 197
374 110
375 348
376 212
377 331
378 245
379 278
380 218
381 245
382 258
383 317
384 176
385 368
386 305
387 363
388 343
389 115
390 209
391 176
392 304
393 350
394 355
395 370
396 385
397 173
398 259
399 222
400 300
401 342
402 191
403 292
404 285
405 330
406 390
407 306
408 388
409 279
410 316
411 344
412 175
413 186
414 341
415 182
416 348
417 322
418 171
419 356
420 312
421 282
422 309
423 269
424 328
425 285
426 237
427 205
428 265
429 102
430 106
431 361
432 308
433 280
434 309
435 223
436 245
437 121
438 388
439 197
440 348
441 108
442 261
443 165
444 353
445 181
446 115
447 139
448 207
449 105
450 172
451 263
452 210
453 262
454 154
455 347
456 400
457 197
458 174
459 367
460 117
461 259
462 300
463 362
464 215
465 113
466 313
467 134
468 339
469 109
470 312
471 354
472 288
473 262
474 221
475 395
476 139
477 218
478 262
479 298
480 292
481 322
482 334
483 393
484 395
485 318
486 199
487 275
488 305
489 388
490 316
491 188
492 256
493 191
494 167
495 396
496 396
497 136
498 352
499 397
500 240
501 372
502 294
503 290
504 337
505 267
506 131
507 100
508 299
509 277
510 384
511 183
512 400
513 307
514 173
515 385
516 116
517 195
518 386
519 101
520 300
521 187
522 296
523 342
524 275
525 187
526 311
527 177
528 385
529 309
530 211
531 196
532 253
533 298
534 378
535 125
536 219
537 242
538 190
539 260
540 300
541 279
542 283
543 185
544 260
545 359
546 391
547 367
548 142
549 289
550 100
551 165
552 267
553 115
554 115
555 356
556 107
557 302
558 281
559 305
560 165
561 382
562 206
563 145
564 139
565 229
566 206
567 128
568 293
569 362
570 284
571 392
572 323
573 192
574 352
575 180
576 100
577 212
578 137
579 376
580 214
581 331
582 294
583 284
584 275
585 376
586 113
587 308
588 275
589 319
590 238
591 296
592 212
593 388
594 151
595 377
596 128
597 356
598 180
599 230
600 366
601 345
602 145
603 375
604 397
605 130
606 295
607 351
608 168
609 141
610 288
611 388
612 118
613 186
614 177
615 280
616 160
617 254
618 259
619 179
620 211
621 216
622 265
623 341
624 329
625 170
626 144
627 379
628 281
629 234
630 177
631 167
632 106
633 209
634 223
635 301
636 374
637 176
638 144
639 293
640 322
641 394
642 350
643 354
644 359
645 245
646 111
647 151
648 107
649 141
650 152
651 165
652 241
653 225
654 205
655 237
656 320
657 149
658 210
659 351
660 350
661 304
662 335
663 379
664 182
665 352
666 267
667 255
668 217
669 298
670 162
671 368
672 263
673 301
674 304
675 366
676 337
677 309
678 321
679 232
680 158
681 395
682 137
683 365
684 187
685 365
686 254
687 129
688 392
689 166
690 281
691 155
692 171
693 259
694 124
695 210
696 175
697 396
698 221
699 335
700 222
701 224
702 201
703 196
704 182
705 120
706 333
707 239
708 294
709 249
710 114
711 205
712 290
713 323
714 151
715 132
716 387
717 150
718 379
719 187
720 108
721 298
722 120
723 115
724 393
725 314
726 104
727 231
728 250
729 338
730 134
731 133
732 298
733 225
734 278
735 283
736 255
737 127
738 276
739 190
740 400
741 167
742 219
743 284
744 396
745 322
746 311
747 305
748 359
749 276
750 337
751 378
752 298
753 238
754 314
755 348
756 106
757 250
758 113
759 265
760 398
761 255
762 217
763 120
764 318
765 338
766 130
767 377
768 276
769 320
770 342
771 397
772 257
773 141
774 300
775 272
776 283
777 109
778 101
779 333
780 354
781 203
782 133
783 263
784 104
785 189
786 137
787 383
788 242
789 140
790 169
791 147
792 184
793 153
794 108
795 164
796 372
797 109
798 342
799 293
800 242
801 137
802 207
803 168
804 146
805 293
806 112
807 145
808 288
809 368
810 238
811 356
812 235
813 383
814 223
815 294
816 239
817 118
818 160
819 212
820 254
821 378
822 235
823 366
824 208
825 167
826 250
827 103
828 208
829 251
830 168
831 306
832 202
833 298
834 317
835 196
836 291
837 272
838 208
839 186
840 198
841 227
842 338
843 106
844 235
845 260
846 203
847 225
848 397
849 160
850 110
851 161
852 141
853 147
854 275
855 338
856 153
857 303
858 243
859 295
860 284
861 294
862 187
863 135
864 215
865 185
866 238
867 175
868 192
869 111
870 344
871 384
872 202
873 221
874 371
875 345
876 198
877 346
878 259
879 277
880 168
881 246
882 190
883 396
884 309
885 395
886 110
887 381
888 262
889 332
890 291
891 112
892 334
893 236
894 156
895 301
896 136
897 213
898 360
899 369
900 304
901 265
902 250
903 365
904 371
905 382
906 239
907 342
908 134
909 279
910 169
911 217
912 284
913 107
914 399
915 271
916 261
917 192
918 156
919 320
920 255
921 277
922 245
923 279
924 101
925 400
926 275
927 399
928 374
929 244
930 139
931 364
932 187
933 164
934 322
935 284
936 137
937 139
938 143
939 172
940 343
941 140
942 205
943 388
944 320
945 102
946 365
947 339
948 336
949 165
950 132
951 124
952 256
953 282
954 399
955 238
956 369
957 358
958 349
959 149
960 144
961 322
962 347
963 343
964 253
965 293
966 291
967 323
968 338
969 264
970 144
971 195
972 213
973 167
974 126
975 183
976 284
977 245
978 354
979 261
980 331
981 213
982 106
983 246
984 236
985 335
986 222
987 234
988 390
989 345
990 252
991 241
992 236
993 378
994 124
995 283
996 338
997 335
998 327
999 272
1000 205
