1
1000  
1 37
2 73
3 50
4 75
5 72
6 37
7 42
8 54
9 98
10 71
11 100
12 54
13 35
14 97
15 45
16 47
17 85
18 55
19 55
20 26
21 72
22 94
23 66
24 88
25 73
26 73
27 45
28 26
29 62
30 78
31 95
32 30
33 64
34 88
35 67
36 38
37 30
38 66
39 97
40 47
41 62
42 78
43 35
44 53
45 70
46 84
47 80
48 81
49 96
50 98
51 75
52 93
53 84
54 82
55 76
56 88
57 72
58 59
59 54
60 53
61 71
62 42
63 86
64 94
65 35
66 81
67 32
68 50
69 91
70 29
71 36
72 78
73 95
74 94
75 47
76 46
77 45
78 38
79 34
80 57
81 37
82 85
83 26
84 71
85 84
86 52
87 43
88 63
89 99
90 92
91 36
92 65
93 86
94 53
95 31
96 32
97 37
98 86
99 43
100 95
101 94
102 99
103 66
104 89
105 77
106 48
107 91
108 69
109 100
110 48
111 46
112 29
113 57
114 70
115 40
116 94
117 94
118 66
119 91
120 50
121 37
122 52
123 71
124 94
125 57
126 80
127 64
128 83
129 43
130 53
131 100
132 36
133 54
134 96
135 82
136 37
137 67
138 81
139 94
140 66
141 59
142 99
143 87
144 62
145 63
146 56
147 82
148 61
149 93
150 28
151 79
152 99
153 84
154 37
155 78
156 51
157 58
158 99
159 61
160 25
161 61
162 35
163 38
164 68
165 43
166 56
167 48
168 59
169 86
170 90
171 66
172 89
173 68
174 96
175 47
176 38
177 62
178 26
179 84
180 64
181 100
182 44
183 73
184 82
185 60
186 97
187 88
188 97
189 79
190 63
191 75
192 44
193 89
194 97
195 75
196 27
197 57
198 85
199 30
200 25
201 93
202 56
203 94
204 45
205 35
206 65
207 29
208 49
209 89
210 41
211 42
212 74
213 41
214 28
215 31
216 84
217 83
218 40
219 26
220 65
221 75
222 38
223 52
224 48
225 36
226 31
227 36
228 28
229 38
230 89
231 50
232 98
233 67
234 78
235 78
236 49
237 76
238 26
239 83
240 60
241 69
242 84
243 78
244 61
245 25
246 98
247 90
248 92
249 65
250 68
251 92
252 86
253 83
254 60
255 79
256 94
257 56
258 61
259 68
260 75
261 100
262 87
263 42
264 27
265 74
266 57
267 97
268 64
269 88
270 26
271 43
272 79
273 77
274 62
275 47
276 82
277 84
278 62
279 80
280 66
281 45
282 40
283 82
284 46
285 87
286 98
287 89
288 96
289 86
290 91
291 90
292 55
293 79
294 55
295 64
296 34
297 51
298 36
299 50
300 89
301 25
302 98
303 51
304 96
305 92
306 29
307 30
308 36
309 78
310 26
311 51
312 63
313 36
314 92
315 73
316 100
317 91
318 93
319 42
320 45
321 76
322 63
323 43
324 86
325 47
326 53
327 88
328 41
329 85
330 79
331 93
332 99
333 34
334 72
335 36
336 38
337 36
338 74
339 87
340 85
341 83
342 93
343 43
344 67
345 59
346 92
347 72
348 66
349 66
350 56
351 74
352 96
353 62
354 55
355 77
356 27
357 69
358 82
359 100
360 56
361 53
362 40
363 59
364 77
365 79
366 77
367 25
368 55
369 35
370 55
371 96
372 91
373 31
374 92
375 77
376 74
377 70
378 88
379 58
380 95
381 73
382 85
383 55
384 95
385 51
386 64
387 84
388 35
389 90
390 55
391 70
392 61
393 48
394 100
395 62
396 78
397 46
398 37
399 44
400 87
