1
10  
1 1
2 1
3 7
4 10
5 5
6 6
7 9
8 4
9 4
10 6
11 5
12 3
13 2
14 3
15 3
16 4
17 4
18 9
19 4
20 8
21 1
22 3
23 1
24 7
25 8
26 7
27 2
28 3
29 7
30 3
31 1
32 10
33 5
34 9
35 9
36 4
37 8
38 2
39 2
40 4
41 9
42 3
43 2
44 4
45 6
46 1
47 3
48 1
49 8
50 1
51 7
52 6
53 1
54 1
55 2
56 8
57 1
58 5
59 2
60 4
61 7
62 10
63 10
64 1
65 7
66 3
67 2
68 2
69 8
70 2
71 5
72 5
73 3
74 2
75 9
76 10
77 4
78 1
79 7
80 10
81 3
82 6
83 2
84 8
85 4
86 1
87 6
88 9
89 9
90 8
91 3
92 3
93 4
94 10
95 8
96 7
97 5
98 2
99 7
100 9
101 9
102 8
103 6
104 7
105 3
106 9
107 1
108 2
109 3
110 4
111 1
112 1
113 3
114 3
115 7
116 9
117 4
118 8
119 5
120 7
121 5
122 10
123 3
124 6
125 9
126 2
127 9
128 8
129 10
130 1
131 2
132 10
133 4
134 8
135 5
136 8
137 6
138 9
139 9
140 9
141 1
142 8
143 6
144 4
145 4
146 7
147 8
148 1
149 1
150 5
151 10
152 8
153 10
154 6
155 8
156 3
157 1
158 2
159 5
160 3
161 5
162 10
163 5
164 1
165 6
166 10
167 6
168 9
169 4
170 1
171 2
172 6
173 10
174 4
175 10
176 3
177 5
178 10
179 7
180 2
181 8
182 4
183 10
184 9
185 6
186 7
187 9
188 9
189 6
190 6
191 5
192 10
193 3
194 10
195 6
196 10
197 8
198 6
199 3
200 4
