1
100  
1 22
2 35
3 21
4 23
5 10
6 44
7 26
8 9
9 8
10 38
11 49
12 24
13 18
14 8
15 36
16 36
17 24
18 43
19 32
20 46
21 44
22 35
23 35
24 49
25 19
26 35
27 49
28 8
29 47
30 13
31 47
32 17
33 17
34 11
35 17
36 24
37 19
38 21
39 13
40 9
41 43
42 48
43 50
44 29
45 48
46 24
47 15
48 9
49 42
50 5
51 38
52 18
53 2
54 19
55 12
56 14
57 3
58 46
59 34
60 11
61 23
62 29
63 27
64 6
65 27
66 21
67 13
68 9
69 42
70 1
71 31
72 19
73 42
74 7
75 5
76 48
77 5
78 22
79 25
80 5
81 18
82 46
83 15
84 20
85 21
86 8
87 46
88 31
89 4
90 40
91 20
92 43
93 37
94 11
95 39
96 46
97 32
98 25
99 39
100 32
101 37
102 19
103 27
104 16
105 16
106 25
107 43
108 30
109 33
110 45
111 13
112 15
113 19
114 20
115 24
116 27
117 32
118 47
119 17
120 43
121 7
122 27
123 38
124 2
125 40
126 30
127 11
128 50
129 19
130 3
131 5
132 40
133 2
134 34
135 31
136 46
137 16
138 41
139 44
140 7
141 16
142 49
143 35
144 41
145 45
146 22
147 49
148 26
149 46
150 46
151 31
152 6
153 44
154 15
155 24
156 46
157 43
158 12
159 35
160 20
161 9
162 41
163 34
164 46
165 36
166 31
167 25
168 1
169 8
170 18
171 7
172 20
173 18
174 30
175 3
176 21
177 15
178 21
179 28
180 25
181 29
182 25
183 37
184 23
185 24
186 31
187 20
188 6
189 20
190 5
191 38
192 40
193 48
194 33
195 10
196 8
197 19
198 32
199 12
200 38
201 41
202 7
203 1
204 20
205 42
206 39
207 25
208 47
209 12
210 46
211 50
212 24
213 27
214 44
215 19
216 42
217 33
218 25
219 19
220 26
221 17
222 35
223 40
224 47
225 40
226 1
227 5
228 50
229 24
230 45
231 17
232 16
233 13
234 41
235 26
236 1
237 17
238 44
239 47
240 31
241 39
242 15
243 46
244 9
245 19
246 17
247 29
248 44
249 25
250 1
251 34
252 33
253 21
254 20
255 50
256 48
257 8
258 46
259 30
260 28
261 9
262 19
263 36
264 49
265 26
266 10
267 43
268 9
269 30
270 24
271 8
272 29
273 27
274 46
275 33
276 28
277 42
278 4
279 38
280 21
281 36
282 6
283 16
284 17
285 4
286 42
287 29
288 12
289 24
290 1
291 40
292 25
293 34
294 25
295 50
296 13
297 19
298 19
299 36
300 7
301 11
302 3
303 37
304 50
305 46
306 22
307 24
308 20
309 46
310 45
311 31
312 24
313 41
314 14
315 28
316 19
317 20
318 50
319 31
320 50
321 44
322 23
323 14
324 7
325 6
326 33
327 28
328 37
329 12
330 4
331 19
332 43
333 25
334 14
335 9
336 14
337 27
338 33
339 22
340 45
341 38
342 6
343 10
344 21
345 3
346 20
347 32
348 8
349 29
350 16
351 12
352 8
353 44
354 14
355 23
356 23
357 21
358 21
359 6
360 24
361 19
362 11
363 19
364 2
365 7
366 34
367 9
368 48
369 2
370 30
371 13
372 38
373 7
374 39
375 8
376 26
377 38
378 10
379 12
380 35
381 39
382 38
383 2
384 22
385 5
386 36
387 41
388 2
389 40
390 41
391 48
392 8
393 12
394 9
395 9
396 38
397 17
398 23
399 23
400 30
