1
1000  
1 145
2 130
3 180
4 94
5 196
6 78
7 84
8 51
9 190
10 77
11 55
12 100
13 195
14 55
15 170
16 162
17 141
18 91
19 167
20 143
21 91
22 122
23 50
24 99
25 87
26 79
27 71
28 192
29 132
30 80
31 64
32 98
33 80
34 164
35 163
36 92
37 81
38 186
39 141
40 151
41 172
42 50
43 179
44 150
45 198
46 129
47 122
48 129
49 148
50 174
51 74
52 147
53 98
54 124
55 114
56 64
57 141
58 171
59 151
60 168
61 141
62 191
63 112
64 141
65 153
66 145
67 83
68 153
69 151
70 145
71 181
72 74
73 123
74 131
75 97
76 102
77 68
78 121
79 75
80 99
81 189
82 76
83 101
84 78
85 63
86 58
87 120
88 199
89 72
90 113
91 179
92 153
93 180
94 99
95 145
96 165
97 97
98 160
99 84
100 116
101 111
102 176
103 170
104 92
105 148
106 96
107 166
108 172
109 128
110 121
111 144
112 60
113 180
114 110
115 149
116 159
117 104
118 181
119 157
120 92
121 200
122 101
123 106
124 148
125 156
126 97
127 121
128 195
129 189
130 109
131 97
132 195
133 161
134 171
135 58
136 108
137 183
138 60
139 114
140 94
141 181
142 82
143 174
144 100
145 188
146 193
147 67
148 148
149 150
150 118
151 177
152 137
153 78
154 178
155 67
156 118
157 128
158 99
159 200
160 111
161 94
162 80
163 110
164 113
165 105
166 192
167 102
168 66
169 82
170 134
171 132
172 113
173 59
174 198
175 64
176 70
177 87
178 186
179 158
180 169
181 88
182 154
183 168
184 134
185 186
186 114
187 78
188 116
189 157
190 57
191 149
192 105
193 198
194 114
195 160
196 158
197 128
198 62
199 81
200 140
201 125
202 80
203 158
204 116
205 92
206 136
207 142
208 129
209 53
210 52
211 114
212 142
213 144
214 51
215 60
216 57
217 159
218 194
219 177
220 63
221 156
222 75
223 143
224 154
225 155
226 132
227 176
228 72
229 99
230 131
231 50
232 104
233 198
234 183
235 157
236 127
237 82
238 66
239 52
240 164
241 71
242 171
243 181
244 99
245 198
246 92
247 197
248 196
249 71
250 136
251 78
252 53
253 128
254 127
255 87
256 84
257 169
258 114
259 86
260 115
261 121
262 115
263 139
264 124
265 194
266 123
267 172
268 147
269 145
270 56
271 137
272 153
273 101
274 178
275 93
276 143
277 138
278 76
279 185
280 74
281 91
282 75
283 185
284 178
285 144
286 96
287 83
288 119
289 89
290 124
291 86
292 70
293 149
294 82
295 100
296 144
297 181
298 173
299 80
300 124
301 92
302 97
303 72
304 140
305 116
306 146
307 105
308 94
309 149
310 56
311 82
312 165
313 177
314 133
315 164
316 86
317 66
318 102
319 141
320 162
321 93
322 194
323 131
324 77
325 179
326 97
327 158
328 176
329 157
330 75
331 181
332 65
333 183
334 142
335 130
336 149
337 55
338 148
339 105
340 78
341 187
342 165
343 129
344 99
345 112
346 109
347 75
348 102
349 148
350 161
351 86
352 90
353 144
354 169
355 92
356 56
357 170
358 157
359 135
360 181
361 94
362 67
363 131
364 73
365 200
366 151
367 82
368 138
369 114
370 181
371 117
372 101
373 78
374 170
375 184
376 104
377 188
378 181
379 70
380 200
381 118
382 146
383 180
384 139
385 92
386 71
387 89
388 100
389 71
390 75
391 51
392 107
393 73
394 196
395 156
396 80
397 108
398 52
399 81
400 143
401 144
402 166
403 100
404 170
405 197
406 177
407 120
408 59
409 192
410 64
411 65
412 163
413 196
414 81
415 125
416 87
417 148
418 130
419 161
420 82
421 175
422 57
423 81
424 177
425 181
426 117
427 106
428 52
429 102
430 100
431 189
432 119
433 164
434 113
435 152
436 133
437 119
438 144
439 95
440 52
441 87
442 120
443 76
444 143
445 164
446 107
447 129
448 182
449 108
450 77
451 74
452 53
453 129
454 118
455 101
456 106
457 193
458 162
459 90
460 129
461 54
462 91
463 69
464 143
465 105
466 169
467 68
468 83
469 187
470 161
471 128
472 53
473 63
474 200
475 122
476 197
477 122
478 86
479 194
480 95
481 112
482 128
483 190
484 176
485 200
486 74
487 153
488 84
489 153
490 64
491 126
492 102
493 83
494 83
495 190
496 81
497 168
498 109
499 177
500 189
501 182
502 171
503 80
504 94
505 55
506 109
507 69
508 143
509 68
510 126
511 76
512 71
513 75
514 159
515 118
516 68
517 129
518 84
519 91
520 71
521 153
522 111
523 106
524 116
525 55
526 106
527 91
528 133
529 141
530 101
531 158
532 63
533 107
534 106
535 131
536 117
537 140
538 192
539 134
540 117
541 152
542 132
543 122
544 77
545 108
546 89
547 199
548 126
549 184
550 137
551 175
552 55
553 141
554 98
555 168
556 79
557 176
558 67
559 126
560 168
561 111
562 145
563 196
564 134
565 123
566 155
567 172
568 149
569 70
570 91
571 164
572 137
573 91
574 68
575 105
576 81
577 191
578 70
579 195
580 176
581 128
582 187
583 185
584 135
585 150
586 154
587 195
588 123
589 187
590 80
591 74
592 185
593 147
594 173
595 92
596 134
597 139
598 110
599 53
600 55
601 153
602 70
603 112
604 141
605 140
606 68
607 119
608 129
609 85
610 112
611 189
612 55
613 114
614 109
615 146
616 105
617 182
618 89
619 75
620 114
621 167
622 102
623 100
624 149
625 118
626 91
627 147
628 137
629 186
630 86
631 200
632 151
633 83
634 149
635 137
636 164
637 136
638 64
639 103
640 76
641 148
642 197
643 198
644 137
645 52
646 118
647 177
648 102
649 103
650 70
651 193
652 84
653 146
654 122
655 88
656 121
657 92
658 65
659 165
660 137
661 84
662 189
663 184
664 156
665 57
666 108
667 109
668 81
669 150
670 87
671 64
672 101
673 185
674 68
675 171
676 156
677 189
678 58
679 131
680 161
681 142
682 109
683 51
684 122
685 167
686 103
687 150
688 81
689 127
690 164
691 164
692 189
693 196
694 85
695 89
696 144
697 133
698 157
699 130
700 199
701 123
702 84
703 86
704 183
705 167
706 182
707 116
708 98
709 54
710 106
711 58
712 52
713 160
714 198
715 71
716 64
717 102
718 115
719 114
720 140
721 170
722 187
723 56
724 119
725 116
726 174
727 141
728 190
729 136
730 187
731 199
732 61
733 106
734 188
735 148
736 67
737 162
738 118
739 152
740 154
741 157
742 186
743 157
744 116
745 66
746 114
747 186
748 135
749 65
750 57
751 77
752 180
753 169
754 184
755 192
756 157
757 55
758 74
759 95
760 111
761 163
762 185
763 122
764 59
765 166
766 186
767 191
768 79
769 123
770 119
771 164
772 96
773 133
774 70
775 167
776 62
777 148
778 97
779 57
780 161
781 75
782 191
783 59
784 124
785 112
786 146
787 196
788 120
789 144
790 192
791 174
792 150
793 78
794 67
795 154
796 197
797 81
798 80
799 86
800 93
801 102
802 113
803 195
804 180
805 72
806 74
807 96
808 82
809 186
810 168
811 64
812 183
813 171
814 181
815 112
816 116
817 126
818 68
819 147
820 161
821 198
822 144
823 128
824 89
825 129
826 141
827 106
828 85
829 52
830 189
831 169
832 67
833 171
834 151
835 81
836 139
837 128
838 118
839 95
840 60
841 136
842 188
843 170
844 79
845 192
846 173
847 81
848 97
849 134
850 51
851 92
852 150
853 153
854 64
855 74
856 53
857 127
858 144
859 193
860 152
861 88
862 172
863 85
864 85
865 197
866 151
867 174
868 184
869 162
870 109
871 101
872 85
873 127
874 193
875 74
876 123
877 148
878 181
879 174
880 152
881 78
882 183
883 190
884 192
885 84
886 88
887 75
888 74
889 148
890 133
891 172
892 55
893 54
894 101
895 143
896 119
897 66
898 67
899 79
900 127
901 82
902 184
903 63
904 188
905 120
906 126
907 118
908 160
909 80
910 66
911 60
912 137
913 124
914 68
915 108
916 52
917 65
918 156
919 119
920 147
921 177
922 194
923 152
924 102
925 69
926 147
927 129
928 159
929 70
930 131
931 83
932 165
933 138
934 52
935 54
936 63
937 141
938 141
939 181
940 160
941 191
942 167
943 87
944 199
945 96
946 184
947 107
948 88
949 127
950 179
951 174
952 96
953 133
954 150
955 161
956 51
957 90
958 94
959 101
960 154
961 87
962 122
963 132
964 160
965 185
966 67
967 117
968 200
969 76
970 151
971 175
972 123
973 95
974 73
975 91
976 98
977 158
978 127
979 157
980 82
981 164
982 77
983 182
984 120
985 123
986 161
987 165
988 94
989 63
990 127
991 51
992 139
993 195
994 150
995 118
996 186
997 96
998 111
999 195
1000 50
