1
40  
1 6
2 22
3 18
4 11
5 33
6 22
7 11
8 26
9 25
10 20
11 26
12 20
13 25
14 10
15 32
16 12
17 27
18 25
19 18
20 6
21 28
22 19
23 23
24 4
25 21
26 18
27 22
28 22
29 35
30 23
31 5
32 25
33 29
34 4
35 10
36 19
37 22
38 8
39 2
40 11
41 17
42 26
43 31
44 1
45 14
46 24
47 18
48 26
49 23
50 8
51 26
52 17
53 12
54 4
55 17
56 11
57 30
58 20
59 4
60 31
61 24
62 2
63 5
64 35
65 12
66 17
67 8
68 8
69 10
70 28
71 35
72 7
73 11
74 20
75 7
76 1
77 33
78 1
79 29
80 11
81 35
82 31
83 1
84 26
85 33
86 22
87 34
88 17
89 25
90 32
91 22
92 29
93 1
94 25
95 12
96 19
97 21
98 22
99 25
100 27
101 7
102 30
103 12
104 24
105 18
106 3
107 20
108 7
109 30
110 19
111 16
112 35
113 18
114 25
115 33
116 34
117 15
118 26
119 29
120 10
121 14
122 18
123 27
124 23
125 34
126 1
127 11
128 28
129 17
130 33
131 11
132 33
133 26
134 20
135 4
136 1
137 34
138 25
139 26
140 25
141 30
142 8
143 25
144 17
145 11
146 25
147 9
148 16
149 23
150 28
151 12
152 15
153 15
154 1
155 20
156 1
157 19
158 2
159 10
160 11
161 6
162 23
163 29
164 17
165 14
166 21
167 5
168 1
169 7
170 30
171 6
172 22
173 29
174 2
175 14
176 21
177 15
178 11
179 2
180 10
181 16
182 34
183 6
184 4
185 28
186 21
187 27
188 26
189 8
190 17
191 14
192 35
193 15
194 33
195 12
196 12
197 4
198 3
199 14
200 9
