1
10  
1 7
2 1
3 7
4 7
5 3
6 4
7 3
8 4
9 5
10 7
11 4
12 10
13 5
14 8
15 4
16 8
17 2
18 3
19 5
20 7
21 6
22 7
23 9
24 3
25 8
26 3
27 2
28 4
29 10
30 3
31 9
32 10
33 4
34 4
35 8
36 1
37 3
38 9
39 10
40 2
41 5
42 6
43 8
44 2
45 6
46 8
47 3
48 3
49 8
50 6
51 7
52 10
53 6
54 5
55 10
56 6
57 4
58 6
59 2
60 2
61 2
62 4
63 8
64 2
65 1
66 10
67 2
68 10
69 7
70 4
71 10
72 3
73 6
74 3
75 5
76 3
77 1
78 3
79 5
80 9
81 3
82 2
83 8
84 6
85 8
86 1
87 8
88 7
89 1
90 7
91 1
92 1
93 4
94 6
95 7
96 10
97 4
98 8
99 7
100 3
