1
10  
1 8
2 6
3 7
4 10
5 6
6 2
7 5
8 10
9 8
10 7
11 3
12 7
13 7
14 7
15 4
16 2
17 9
18 10
19 4
20 4
21 5
22 5
23 10
24 4
25 2
26 5
27 3
28 1
29 7
30 5
31 3
32 4
33 3
34 6
35 10
36 8
37 5
38 8
39 10
40 5
41 5
42 2
43 10
44 9
45 6
46 7
47 2
48 10
49 10
50 3
51 8
52 5
53 9
54 3
55 1
56 1
57 10
58 7
59 1
60 4
61 2
62 2
63 8
64 2
65 7
66 7
67 8
68 4
69 7
70 10
71 10
72 9
73 1
74 2
75 3
76 4
77 4
78 5
79 8
80 5
81 1
82 3
83 2
84 9
85 6
86 1
87 4
88 1
89 2
90 8
91 6
92 2
93 9
94 7
95 9
96 8
97 8
98 7
99 8
100 5
101 10
102 4
103 2
104 2
105 2
106 5
107 4
108 9
109 7
110 1
111 8
112 8
113 9
114 7
115 9
116 9
117 6
118 6
119 5
120 2
121 7
122 10
123 4
124 1
125 4
126 5
127 5
128 10
129 3
130 2
131 10
132 2
133 1
134 9
135 2
136 3
137 7
138 9
139 3
140 6
141 9
142 6
143 2
144 6
145 4
146 1
147 4
148 7
149 7
150 10
151 9
152 10
153 8
154 8
155 3
156 5
157 5
158 4
159 1
160 9
161 10
162 1
163 3
164 6
165 7
166 10
167 7
168 10
169 8
170 2
171 10
172 7
173 10
174 9
175 10
176 1
177 3
178 8
179 1
180 7
181 2
182 6
183 8
184 6
185 3
186 8
187 10
188 8
189 7
190 4
191 8
192 6
193 1
194 9
195 8
196 4
197 1
198 4
199 2
200 10
