1
40  
1 27
2 8
3 1
4 30
5 31
6 17
7 13
8 25
9 8
10 7
11 8
12 30
13 4
14 2
15 31
16 23
17 9
18 6
19 5
20 18
21 7
22 24
23 9
24 26
25 1
26 28
27 32
28 11
29 28
30 20
31 30
32 35
33 22
34 3
35 5
36 3
37 6
38 19
39 34
40 10
41 9
42 16
43 21
44 6
45 35
46 15
47 26
48 32
49 32
50 12
51 4
52 15
53 9
54 32
55 33
56 4
57 2
58 15
59 14
60 15
61 17
62 1
63 2
64 24
65 9
66 25
67 19
68 6
69 25
70 5
71 21
72 24
73 25
74 16
75 35
76 27
77 12
78 16
79 20
80 9
81 11
82 16
83 12
84 3
85 5
86 20
87 8
88 8
89 16
90 29
91 7
92 14
93 11
94 13
95 19
96 35
97 11
98 18
99 22
100 19
101 27
102 16
103 32
104 17
105 25
106 27
107 5
108 23
109 28
110 14
111 21
112 14
113 13
114 2
115 10
116 16
117 28
118 23
119 34
120 17
121 7
122 6
123 15
124 19
125 9
126 20
127 7
128 23
129 10
130 27
131 26
132 34
133 25
134 2
135 4
136 29
137 21
138 11
139 11
140 4
141 6
142 28
143 13
144 2
145 34
146 2
147 12
148 34
149 21
150 14
151 15
152 4
153 18
154 20
155 27
156 20
157 28
158 35
159 25
160 6
161 30
162 14
163 26
164 8
165 5
166 7
167 30
168 20
169 23
170 1
171 3
172 9
173 16
174 8
175 31
176 5
177 26
178 30
179 34
180 28
181 13
182 22
183 23
184 21
185 20
186 30
187 23
188 7
189 31
190 4
191 11
192 17
193 4
194 14
195 23
196 29
197 3
198 20
199 32
200 9
201 34
202 28
203 2
204 32
205 35
206 35
207 35
208 29
209 34
210 6
211 24
212 34
213 7
214 5
215 8
216 22
217 34
218 11
219 3
220 9
221 9
222 4
223 11
224 4
225 23
226 14
227 14
228 16
229 9
230 34
231 22
232 16
233 7
234 2
235 21
236 28
237 18
238 34
239 21
240 30
241 12
242 6
243 10
244 1
245 15
246 30
247 14
248 24
249 3
250 7
251 15
252 14
253 30
254 20
255 35
256 4
257 3
258 8
259 29
260 31
261 11
262 18
263 3
264 19
265 5
266 16
267 6
268 20
269 4
270 7
271 11
272 9
273 23
274 2
275 1
276 28
277 32
278 35
279 35
280 30
281 28
282 30
283 13
284 29
285 2
286 35
287 6
288 13
289 7
290 4
291 8
292 7
293 22
294 32
295 11
296 23
297 5
298 20
299 21
300 2
301 27
302 1
303 2
304 35
305 19
306 11
307 7
308 4
309 30
310 23
311 6
312 9
313 28
314 33
315 6
316 1
317 15
318 9
319 3
320 31
321 17
322 15
323 6
324 30
325 6
326 5
327 5
328 16
329 17
330 14
331 29
332 1
333 33
334 7
335 10
336 9
337 13
338 19
339 21
340 19
341 10
342 33
343 15
344 21
345 26
346 14
347 5
348 21
349 19
350 5
351 4
352 27
353 12
354 18
355 3
356 3
357 10
358 22
359 10
360 17
361 8
362 15
363 5
364 14
365 19
366 29
367 27
368 8
369 10
370 4
371 3
372 17
373 22
374 18
375 21
376 23
377 11
378 7
379 11
380 13
381 1
382 9
383 7
384 35
385 10
386 25
387 8
388 20
389 2
390 7
391 18
392 5
393 33
394 35
395 6
396 5
397 26
398 30
399 12
400 18
401 23
402 34
403 25
404 7
405 33
406 18
407 16
408 31
409 26
410 18
411 20
412 5
413 18
414 20
415 20
416 4
417 17
418 34
419 8
420 16
421 3
422 3
423 1
424 18
425 32
426 25
427 10
428 16
429 19
430 15
431 29
432 23
433 1
434 22
435 1
436 27
437 6
438 23
439 23
440 6
441 11
442 14
443 22
444 17
445 34
446 14
447 18
448 19
449 28
450 13
451 23
452 30
453 29
454 15
455 26
456 3
457 6
458 26
459 11
460 25
461 31
462 2
463 3
464 7
465 27
466 5
467 25
468 20
469 9
470 11
471 17
472 28
473 1
474 12
475 7
476 30
477 29
478 22
479 33
480 21
481 9
482 5
483 11
484 33
485 11
486 18
487 2
488 35
489 31
490 21
491 10
492 16
493 26
494 16
495 5
496 14
497 3
498 3
499 35
500 13
501 16
502 14
503 21
504 22
505 29
506 21
507 14
508 5
509 35
510 23
511 18
512 26
513 27
514 30
515 19
516 5
517 3
518 8
519 35
520 6
521 27
522 8
523 2
524 32
525 31
526 7
527 5
528 14
529 26
530 19
531 12
532 33
533 17
534 22
535 2
536 34
537 24
538 22
539 14
540 8
541 19
542 26
543 33
544 17
545 6
546 20
547 24
548 33
549 31
550 14
551 8
552 7
553 15
554 15
555 4
556 2
557 12
558 9
559 28
560 30
561 26
562 3
563 8
564 10
565 5
566 31
567 22
568 33
569 26
570 34
571 27
572 25
573 18
574 30
575 26
576 3
577 6
578 7
579 13
580 21
581 18
582 4
583 10
584 23
585 5
586 13
587 24
588 27
589 22
590 9
591 25
592 35
593 9
594 8
595 20
596 18
597 14
598 13
599 22
600 22
601 15
602 18
603 20
604 34
605 21
606 8
607 35
608 16
609 24
610 31
611 35
612 16
613 32
614 27
615 27
616 19
617 26
618 5
619 16
620 30
621 10
622 13
623 33
624 19
625 23
626 29
627 33
628 34
629 15
630 34
631 8
632 22
633 22
634 26
635 18
636 3
637 17
638 22
639 27
640 13
641 32
642 32
643 6
644 1
645 23
646 12
647 24
648 23
649 30
650 17
651 28
652 24
653 12
654 10
655 18
656 8
657 31
658 14
659 33
660 9
661 20
662 33
663 23
664 9
665 25
666 11
667 18
668 26
669 27
670 24
671 27
672 9
673 20
674 20
675 32
676 30
677 14
678 25
679 9
680 24
681 28
682 9
683 33
684 8
685 16
686 33
687 8
688 22
689 21
690 15
691 1
692 14
693 17
694 9
695 8
696 25
697 18
698 17
699 35
700 24
701 6
702 9
703 25
704 29
705 33
706 29
707 21
708 13
709 17
710 16
711 12
712 16
713 12
714 15
715 17
716 7
717 21
718 28
719 35
720 12
721 18
722 11
723 35
724 8
725 14
726 11
727 35
728 22
729 33
730 15
731 28
732 28
733 19
734 31
735 19
736 11
737 23
738 35
739 23
740 23
741 17
742 29
743 20
744 30
745 21
746 30
747 17
748 1
749 34
750 32
751 23
752 24
753 15
754 14
755 4
756 30
757 5
758 16
759 5
760 20
761 1
762 35
763 3
764 6
765 26
766 26
767 14
768 34
769 10
770 5
771 13
772 29
773 17
774 25
775 9
776 15
777 21
778 1
779 29
780 8
781 23
782 35
783 23
784 7
785 14
786 8
787 8
788 11
789 9
790 8
791 22
792 29
793 2
794 27
795 1
796 14
797 16
798 23
799 11
800 8
801 34
802 15
803 19
804 21
805 5
806 30
807 24
808 13
809 34
810 26
811 33
812 5
813 31
814 35
815 1
816 15
817 21
818 26
819 2
820 12
821 30
822 28
823 27
824 5
825 24
826 6
827 8
828 18
829 2
830 35
831 34
832 33
833 3
834 16
835 4
836 2
837 10
838 17
839 3
840 27
841 27
842 17
843 10
844 3
845 32
846 17
847 24
848 27
849 20
850 34
851 29
852 11
853 22
854 33
855 26
856 16
857 2
858 32
859 35
860 9
861 5
862 18
863 22
864 18
865 14
866 9
867 2
868 24
869 23
870 1
871 4
872 30
873 5
874 1
875 11
876 17
877 15
878 27
879 24
880 28
881 32
882 18
883 12
884 26
885 5
886 17
887 17
888 3
889 20
890 22
891 24
892 28
893 4
894 35
895 20
896 25
897 1
898 1
899 19
900 17
901 27
902 28
903 2
904 22
905 28
906 17
907 27
908 17
909 22
910 1
911 18
912 4
913 14
914 4
915 1
916 1
917 10
918 11
919 14
920 29
921 1
922 20
923 15
924 1
925 16
926 9
927 28
928 6
929 33
930 25
931 10
932 2
933 9
934 21
935 6
936 34
937 3
938 31
939 28
940 35
941 28
942 21
943 35
944 30
945 5
946 33
947 2
948 31
949 15
950 9
951 8
952 34
953 10
954 22
955 32
956 30
957 16
958 10
959 12
960 17
961 28
962 3
963 20
964 2
965 21
966 9
967 31
968 30
969 33
970 35
971 33
972 1
973 27
974 16
975 21
976 27
977 7
978 6
979 6
980 14
981 18
982 14
983 11
984 11
985 32
986 2
987 27
988 21
989 1
990 24
991 15
992 23
993 14
994 31
995 3
996 21
997 9
998 15
999 4
1000 2
