1
1000  
1 88
2 94
3 131
4 181
5 159
6 179
7 102
8 60
9 195
10 167
11 54
12 97
13 98
14 135
15 96
16 142
17 58
18 164
19 198
20 195
21 59
22 165
23 133
24 199
25 192
26 61
27 74
28 121
29 104
30 141
31 97
32 173
33 59
34 126
35 198
36 197
37 162
38 89
39 121
40 170
41 164
42 71
43 134
44 176
45 196
46 83
47 126
48 65
49 93
50 50
51 78
52 193
53 97
54 101
55 99
56 93
57 54
58 69
59 198
60 150
61 73
62 174
63 53
64 55
65 172
66 162
67 169
68 50
69 192
70 183
71 191
72 158
73 53
74 113
75 74
76 184
77 161
78 146
79 167
80 182
81 117
82 170
83 180
84 52
85 181
86 61
87 52
88 150
89 181
90 165
91 62
92 195
93 65
94 180
95 197
96 150
97 101
98 71
99 96
100 66
101 64
102 97
103 195
104 99
105 90
106 169
107 106
108 153
109 108
110 111
111 58
112 69
113 119
114 152
115 160
116 109
117 140
118 135
119 101
120 189
121 117
122 115
123 194
124 76
125 90
126 67
127 101
128 68
129 82
130 141
131 61
132 86
133 165
134 105
135 133
136 92
137 93
138 169
139 86
140 106
141 123
142 128
143 199
144 190
145 166
146 176
147 105
148 155
149 86
150 122
151 53
152 154
153 107
154 69
155 103
156 79
157 156
158 60
159 117
160 81
161 104
162 145
163 185
164 80
165 118
166 163
167 141
168 183
169 125
170 130
171 191
172 195
173 78
174 80
175 163
176 132
177 85
178 160
179 120
180 60
181 52
182 144
183 57
184 81
185 116
186 108
187 183
188 157
189 109
190 124
191 107
192 97
193 78
194 150
195 124
196 135
197 112
198 153
199 112
200 57
