1
40  
1 35
2 9
3 9
4 16
5 17
6 27
7 26
8 28
9 27
10 19
11 1
12 32
13 2
14 12
15 18
16 28
17 22
18 31
19 34
20 23
21 13
22 11
23 6
24 15
25 12
26 1
27 11
28 10
29 26
30 19
31 34
32 6
33 23
34 25
35 3
36 3
37 27
38 10
39 16
40 34
41 11
42 13
43 3
44 26
45 10
46 10
47 12
48 31
49 12
50 3
51 6
52 31
53 30
54 26
55 23
56 15
57 28
58 8
59 34
60 33
61 14
62 27
63 24
64 18
65 5
66 1
67 2
68 32
69 6
70 30
71 29
72 8
73 32
74 3
75 5
76 25
77 2
78 18
79 13
80 12
81 33
82 13
83 34
84 12
85 35
86 12
87 5
88 26
89 34
90 31
91 3
92 8
93 33
94 35
95 32
96 24
97 33
98 33
99 4
100 20
101 23
102 15
103 3
104 30
105 10
106 25
107 14
108 1
109 3
110 23
111 9
112 34
113 26
114 34
115 11
116 17
117 32
118 5
119 34
120 30
121 8
122 17
123 8
124 19
125 22
126 19
127 34
128 31
129 10
130 21
131 17
132 35
133 18
134 4
135 32
136 1
137 30
138 27
139 24
140 17
141 21
142 10
143 29
144 28
145 6
146 22
147 16
148 6
149 3
150 9
151 35
152 31
153 20
154 33
155 20
156 10
157 33
158 32
159 29
160 20
161 20
162 7
163 14
164 16
165 15
166 1
167 30
168 22
169 22
170 1
171 22
172 24
173 17
174 7
175 7
176 5
177 17
178 3
179 13
180 21
181 4
182 1
183 3
184 31
185 8
186 12
187 17
188 7
189 2
190 35
191 30
192 7
193 32
194 27
195 35
196 7
197 17
198 25
199 16
200 2
