1
1000  
1 71
2 41
3 31
4 79
5 29
6 98
7 45
8 72
9 50
10 92
11 95
12 32
13 61
14 44
15 37
16 84
17 78
18 73
19 93
20 40
21 45
22 25
23 86
24 88
25 41
26 31
27 69
28 30
29 38
30 81
31 74
32 49
33 61
34 27
35 30
36 40
37 89
38 71
39 68
40 60
41 53
42 99
43 75
44 90
45 49
46 85
47 67
48 91
49 64
50 93
51 68
52 76
53 48
54 67
55 27
56 27
57 63
58 73
59 42
60 85
61 38
62 68
63 90
64 68
65 37
66 27
67 26
68 66
69 57
70 78
71 45
72 73
73 48
74 86
75 89
76 70
77 69
78 55
79 85
80 87
81 79
82 85
83 51
84 44
85 57
86 59
87 63
88 51
89 95
90 83
91 39
92 59
93 84
94 84
95 67
96 86
97 97
98 43
99 36
100 91
