1
1000  
1 115
2 132
3 144
4 328
5 207
6 217
7 138
8 111
9 326
10 204
11 212
12 159
13 200
14 218
15 124
16 370
17 345
18 360
19 203
20 171
21 332
22 344
23 174
24 333
25 307
26 118
27 320
28 396
29 142
30 168
31 235
32 311
33 172
34 281
35 326
36 373
37 265
38 370
39 172
40 234
41 308
42 307
43 366
44 159
45 122
46 108
47 223
48 268
49 247
50 260
51 291
52 368
53 267
54 357
55 318
56 149
57 360
58 391
59 152
60 364
61 193
62 347
63 115
64 360
65 258
66 167
67 235
68 244
69 270
70 102
71 350
72 306
73 117
74 397
75 281
76 224
77 102
78 224
79 199
80 366
81 249
82 239
83 225
84 122
85 279
86 239
87 152
88 116
89 317
90 318
91 146
92 167
93 255
94 112
95 382
96 367
97 211
98 267
99 186
100 190
101 142
102 119
103 191
104 368
105 226
106 274
107 344
108 329
109 200
110 392
111 220
112 242
113 364
114 297
115 345
116 335
117 211
118 136
119 348
120 156
121 384
122 346
123 362
124 375
125 250
126 173
127 156
128 400
129 269
130 255
131 312
132 194
133 160
134 174
135 313
136 294
137 106
138 270
139 253
140 152
141 182
142 263
143 367
144 309
145 123
146 377
147 122
148 214
149 121
150 301
151 322
152 380
153 326
154 339
155 168
156 242
157 112
158 310
159 109
160 254
161 311
162 394
163 276
164 278
165 331
166 236
167 207
168 180
169 181
170 292
171 125
172 346
173 348
174 103
175 237
176 376
177 157
178 209
179 341
180 289
181 309
182 225
183 182
184 317
185 257
186 391
187 181
188 281
189 155
190 262
191 139
192 223
193 153
194 329
195 131
196 198
197 227
198 211
199 374
200 310
201 303
202 155
203 206
204 303
205 362
206 151
207 179
208 382
209 146
210 225
211 114
212 375
213 104
214 235
215 317
216 353
217 136
218 137
219 180
220 231
221 168
222 386
223 171
224 299
225 338
226 146
227 133
228 251
229 352
230 400
231 320
232 391
233 380
234 261
235 378
236 288
237 181
238 138
239 200
240 314
241 255
242 289
243 259
244 302
245 142
246 306
247 132
248 382
249 312
250 327
251 354
252 191
253 335
254 363
255 235
256 159
257 139
258 184
259 206
260 296
261 127
262 305
263 365
264 331
265 206
266 107
267 271
268 385
269 186
270 292
271 317
272 130
273 131
274 354
275 291
276 371
277 389
278 323
279 224
280 114
281 130
282 105
283 197
284 301
285 181
286 359
287 158
288 184
289 372
290 388
291 357
292 247
293 180
294 135
295 357
296 395
297 129
298 109
299 166
300 365
301 394
302 154
303 317
304 369
305 365
306 188
307 214
308 278
309 296
310 259
311 384
312 307
313 349
314 298
315 179
316 312
317 132
318 172
319 128
320 134
321 228
322 101
323 252
324 110
325 328
326 267
327 342
328 191
329 258
330 279
331 167
332 147
333 292
334 342
335 365
336 177
337 339
338 139
339 102
340 262
341 260
342 364
343 127
344 285
345 323
346 218
347 336
348 244
349 120
350 306
351 164
352 347
353 198
354 335
355 288
356 225
357 304
358 146
359 189
360 131
361 174
362 103
363 321
364 163
365 369
366 224
367 118
368 211
369 329
370 160
371 161
372 168
373 123
374 121
375 242
376 372
377 176
378 228
379 168
380 231
381 140
382 178
383 278
384 374
385 358
386 220
387 155
388 292
389 267
390 126
391 129
392 237
393 318
394 361
395 338
396 177
397 190
398 148
399 236
400 223
401 197
402 365
403 369
404 355
405 177
406 397
407 225
408 295
409 251
410 284
411 252
412 179
413 303
414 351
415 382
416 376
417 164
418 167
419 367
420 253
421 209
422 314
423 133
424 275
425 157
426 247
427 188
428 190
429 237
430 256
431 261
432 333
433 341
434 172
435 301
436 258
437 153
438 248
439 157
440 368
441 159
442 228
443 270
444 393
445 322
446 321
447 272
448 231
449 316
450 122
451 182
452 291
453 144
454 232
455 189
456 229
457 229
458 297
459 368
460 237
461 181
462 148
463 180
464 135
465 288
466 171
467 256
468 375
469 334
470 147
471 268
472 309
473 131
474 170
475 294
476 228
477 176
478 248
479 254
480 134
481 373
482 312
483 141
484 381
485 246
486 105
487 113
488 358
489 267
490 299
491 180
492 275
493 255
494 370
495 149
496 349
497 365
498 309
499 262
500 250
501 353
502 290
503 186
504 395
505 155
506 140
507 282
508 146
509 355
510 194
511 258
512 397
513 341
514 220
515 132
516 151
517 167
518 188
519 306
520 248
521 350
522 196
523 388
524 146
525 369
526 182
527 139
528 148
529 173
530 308
531 321
532 259
533 135
534 291
535 372
536 213
537 181
538 357
539 224
540 165
541 151
542 304
543 392
544 219
545 221
546 191
547 151
548 299
549 262
550 389
551 150
552 302
553 187
554 304
555 257
556 368
557 387
558 109
559 223
560 385
561 190
562 226
563 333
564 168
565 305
566 249
567 222
568 139
569 394
570 310
571 361
572 316
573 390
574 165
575 305
576 247
577 237
578 222
579 121
580 335
581 304
582 396
583 230
584 370
585 322
586 186
587 307
588 128
589 315
590 109
591 164
592 309
593 344
594 378
595 320
596 348
597 377
598 368
599 310
600 364
601 382
602 128
603 400
604 384
605 352
606 400
607 358
608 301
609 283
610 374
611 209
612 129
613 168
614 304
615 309
616 332
617 256
618 272
619 262
620 217
621 183
622 274
623 197
624 280
625 100
626 294
627 398
628 129
629 117
630 387
631 340
632 355
633 257
634 140
635 273
636 117
637 331
638 138
639 342
640 230
641 334
642 391
643 299
644 197
645 157
646 141
647 195
648 392
649 270
650 301
651 185
652 299
653 200
654 187
655 113
656 207
657 123
658 227
659 123
660 251
661 381
662 273
663 382
664 395
665 218
666 161
667 306
668 338
669 289
670 292
671 318
672 187
673 283
674 352
675 123
676 215
677 186
678 126
679 224
680 247
681 226
682 225
683 383
684 353
685 114
686 180
687 216
688 163
689 293
690 269
691 112
692 140
693 162
694 248
695 118
696 366
697 108
698 204
699 163
700 251
701 263
702 399
703 376
704 133
705 387
706 337
707 305
708 289
709 279
710 125
711 118
712 117
713 365
714 373
715 195
716 119
717 387
718 329
719 122
720 314
721 214
722 352
723 388
724 122
725 387
726 214
727 389
728 296
729 119
730 231
731 109
732 330
733 258
734 303
735 372
736 224
737 148
738 124
739 113
740 393
741 315
742 103
743 268
744 342
745 398
746 372
747 279
748 219
749 291
750 365
751 297
752 160
753 104
754 278
755 266
756 154
757 263
758 333
759 235
760 274
761 339
762 348
763 400
764 301
765 117
766 176
767 326
768 367
769 303
770 352
771 314
772 122
773 336
774 342
775 331
776 271
777 229
778 245
779 352
780 233
781 320
782 155
783 206
784 133
785 307
786 311
787 394
788 167
789 284
790 145
791 350
792 122
793 297
794 222
795 364
796 289
797 399
798 320
799 320
800 297
801 378
802 327
803 211
804 353
805 233
806 180
807 349
808 229
809 239
810 311
811 275
812 211
813 167
814 252
815 112
816 351
817 159
818 367
819 147
820 320
821 372
822 332
823 355
824 240
825 166
826 129
827 226
828 378
829 374
830 286
831 152
832 315
833 142
834 189
835 215
836 206
837 119
838 310
839 287
840 318
841 269
842 309
843 106
844 296
845 277
846 379
847 212
848 139
849 269
850 343
851 367
852 112
853 361
854 172
855 387
856 236
857 218
858 220
859 301
860 315
861 335
862 380
863 331
864 122
865 392
866 175
867 318
868 157
869 311
870 235
871 330
872 120
873 332
874 395
875 309
876 198
877 386
878 296
879 172
880 288
881 298
882 130
883 255
884 172
885 389
886 221
887 185
888 398
889 158
890 386
891 224
892 287
893 221
894 182
895 397
896 124
897 222
898 243
899 197
900 277
901 394
902 109
903 202
904 199
905 143
906 107
907 267
908 370
909 130
910 236
911 362
912 225
913 105
914 313
915 276
916 326
917 203
918 220
919 278
920 373
921 315
922 286
923 212
924 226
925 264
926 148
927 320
928 334
929 320
930 100
931 354
932 191
933 375
934 288
935 126
936 202
937 120
938 139
939 177
940 375
941 298
942 353
943 122
944 386
945 116
946 279
947 338
948 286
949 143
950 181
951 360
952 293
953 370
954 285
955 368
956 151
957 302
958 231
959 325
960 234
961 231
962 237
963 259
964 240
965 186
966 351
967 211
968 185
969 110
970 227
971 331
972 208
973 155
974 195
975 122
976 272
977 256
978 223
979 398
980 115
981 374
982 191
983 140
984 288
985 229
986 252
987 282
988 339
989 375
990 352
991 226
992 151
993 219
994 196
995 295
996 111
997 369
998 324
999 271
1000 276
