1
100  
1 16
2 23
3 36
4 9
5 2
6 4
7 12
8 9
9 46
10 5
11 26
12 19
13 20
14 11
15 14
16 31
17 9
18 18
19 19
20 39
21 16
22 44
23 2
24 20
25 38
26 49
27 22
28 30
29 18
30 39
31 26
32 18
33 34
34 31
35 14
36 19
37 13
38 12
39 6
40 39
41 45
42 42
43 1
44 30
45 15
46 45
47 11
48 5
49 29
50 31
51 34
52 31
53 9
54 9
55 18
56 19
57 37
58 50
59 14
60 36
61 21
62 9
63 4
64 3
65 42
66 48
67 11
68 48
69 15
70 16
71 17
72 14
73 25
74 33
75 32
76 30
77 22
78 8
79 43
80 33
81 8
82 12
83 3
84 17
85 9
86 8
87 37
88 9
89 47
90 4
91 48
92 46
93 12
94 42
95 44
96 1
97 13
98 32
99 9
100 10
101 46
102 36
103 41
104 46
105 26
106 15
107 21
108 26
109 27
110 19
111 24
112 11
113 14
114 6
115 47
116 26
117 1
118 36
119 28
120 18
121 34
122 8
123 42
124 7
125 34
126 35
127 2
128 48
129 19
130 13
131 40
132 11
133 11
134 20
135 40
136 38
137 48
138 41
139 24
140 36
141 40
142 32
143 49
144 7
145 16
146 12
147 26
148 12
149 3
150 1
151 50
152 14
153 18
154 40
155 19
156 20
157 21
158 33
159 44
160 22
161 35
162 30
163 12
164 46
165 19
166 18
167 42
168 26
169 13
170 19
171 49
172 15
173 17
174 1
175 14
176 13
177 23
178 44
179 31
180 24
181 44
182 41
183 12
184 3
185 35
186 14
187 26
188 11
189 36
190 13
191 18
192 36
193 40
194 1
195 44
196 11
197 44
198 34
199 38
200 11
201 32
202 44
203 37
204 39
205 50
206 44
207 49
208 3
209 28
210 9
211 24
212 6
213 49
214 27
215 49
216 15
217 2
218 20
219 30
220 34
221 36
222 2
223 21
224 47
225 19
226 38
227 22
228 18
229 10
230 6
231 28
232 26
233 35
234 43
235 31
236 25
237 44
238 8
239 41
240 38
241 49
242 34
243 8
244 45
245 48
246 27
247 2
248 3
249 24
250 21
251 30
252 12
253 11
254 9
255 20
256 15
257 33
258 28
259 50
260 49
261 25
262 44
263 21
264 5
265 14
266 29
267 50
268 48
269 9
270 46
271 9
272 49
273 6
274 23
275 45
276 44
277 4
278 10
279 9
280 16
281 22
282 8
283 29
284 43
285 25
286 30
287 22
288 5
289 13
290 9
291 36
292 46
293 21
294 24
295 35
296 14
297 21
298 25
299 42
300 22
301 45
302 14
303 50
304 42
305 45
306 2
307 41
308 13
309 42
310 7
311 22
312 39
313 31
314 10
315 43
316 38
317 9
318 33
319 13
320 33
321 28
322 13
323 26
324 48
325 41
326 34
327 49
328 8
329 37
330 6
331 4
332 32
333 32
334 38
335 45
336 5
337 4
338 26
339 10
340 25
341 37
342 47
343 6
344 7
345 33
346 26
347 47
348 41
349 33
350 45
351 25
352 22
353 32
354 17
355 34
356 44
357 33
358 3
359 36
360 46
361 49
362 14
363 27
364 22
365 49
366 50
367 23
368 25
369 3
370 47
371 19
372 38
373 48
374 40
375 29
376 33
377 5
378 35
379 14
380 41
381 38
382 37
383 48
384 4
385 34
386 27
387 29
388 26
389 4
390 33
391 36
392 22
393 3
394 30
395 42
396 12
397 36
398 43
399 10
400 23
401 15
402 27
403 39
404 37
405 28
406 49
407 27
408 40
409 50
410 36
411 43
412 12
413 38
414 20
415 23
416 42
417 26
418 4
419 12
420 16
421 13
422 26
423 8
424 22
425 29
426 33
427 22
428 23
429 23
430 43
431 21
432 21
433 24
434 28
435 43
436 21
437 39
438 50
439 46
440 22
441 35
442 42
443 46
444 18
445 7
446 34
447 8
448 29
449 40
450 18
451 37
452 41
453 47
454 33
455 3
456 41
457 25
458 1
459 14
460 10
461 9
462 43
463 46
464 45
465 45
466 10
467 17
468 29
469 45
470 23
471 6
472 13
473 48
474 21
475 35
476 30
477 34
478 25
479 15
480 12
481 47
482 9
483 1
484 30
485 33
486 20
487 48
488 15
489 26
490 13
491 11
492 47
493 33
494 41
495 48
496 35
497 7
498 9
499 28
500 24
501 17
502 35
503 9
504 50
505 9
506 13
507 18
508 10
509 45
510 50
511 31
512 23
513 3
514 42
515 34
516 23
517 42
518 29
519 8
520 7
521 49
522 23
523 50
524 26
525 6
526 48
527 4
528 10
529 28
530 43
531 24
532 15
533 17
534 49
535 16
536 50
537 12
538 35
539 47
540 33
541 34
542 27
543 15
544 8
545 38
546 2
547 4
548 23
549 5
550 3
551 7
552 20
553 28
554 44
555 9
556 9
557 8
558 39
559 3
560 43
561 30
562 2
563 18
564 15
565 23
566 44
567 26
568 19
569 4
570 15
571 20
572 37
573 27
574 31
575 10
576 1
577 41
578 21
579 41
580 10
581 22
582 6
583 29
584 25
585 15
586 26
587 18
588 25
589 14
590 37
591 31
592 10
593 33
594 11
595 36
596 31
597 28
598 18
599 18
600 33
601 21
602 24
603 29
604 49
605 16
606 48
607 21
608 28
609 42
610 47
611 12
612 21
613 24
614 1
615 12
616 50
617 18
618 32
619 15
620 20
621 37
622 39
623 29
624 2
625 1
626 16
627 4
628 17
629 39
630 39
631 33
632 19
633 16
634 30
635 30
636 41
637 5
638 7
639 30
640 22
641 48
642 33
643 43
644 36
645 42
646 36
647 14
648 20
649 10
650 4
651 50
652 50
653 26
654 17
655 27
656 36
657 8
658 8
659 21
660 23
661 8
662 2
663 24
664 37
665 14
666 43
667 20
668 46
669 7
670 49
671 2
672 7
673 43
674 37
675 33
676 50
677 26
678 31
679 15
680 1
681 39
682 27
683 6
684 40
685 11
686 50
687 2
688 13
689 50
690 23
691 33
692 26
693 5
694 47
695 5
696 36
697 29
698 41
699 24
700 18
701 6
702 13
703 7
704 44
705 25
706 14
707 35
708 23
709 33
710 8
711 7
712 40
713 41
714 37
715 42
716 49
717 29
718 24
719 2
720 23
721 46
722 26
723 39
724 26
725 8
726 17
727 12
728 41
729 43
730 27
731 36
732 15
733 4
734 47
735 38
736 26
737 21
738 44
739 22
740 22
741 27
742 14
743 47
744 15
745 30
746 5
747 46
748 9
749 38
750 11
751 7
752 45
753 3
754 45
755 22
756 29
757 40
758 28
759 7
760 38
761 3
762 47
763 21
764 32
765 27
766 5
767 13
768 11
769 11
770 11
771 6
772 46
773 17
774 48
775 20
776 48
777 22
778 16
779 9
780 29
781 50
782 34
783 43
784 12
785 14
786 20
787 34
788 10
789 39
790 28
791 45
792 46
793 9
794 29
795 12
796 15
797 22
798 22
799 29
800 24
801 46
802 28
803 44
804 27
805 29
806 30
807 26
808 19
809 28
810 21
811 29
812 35
813 29
814 16
815 13
816 37
817 40
818 6
819 11
820 46
821 33
822 49
823 3
824 45
825 34
826 25
827 6
828 47
829 21
830 19
831 8
832 47
833 17
834 3
835 25
836 36
837 5
838 44
839 33
840 4
841 8
842 9
843 50
844 49
845 35
846 22
847 28
848 10
849 27
850 30
851 1
852 41
853 1
854 9
855 48
856 21
857 13
858 44
859 36
860 1
861 47
862 9
863 16
864 43
865 18
866 49
867 21
868 15
869 39
870 33
871 2
872 23
873 3
874 6
875 6
876 4
877 36
878 31
879 28
880 16
881 45
882 27
883 40
884 49
885 39
886 25
887 3
888 49
889 19
890 46
891 30
892 3
893 44
894 22
895 35
896 23
897 25
898 19
899 8
900 38
901 26
902 21
903 11
904 46
905 4
906 34
907 32
908 13
909 15
910 2
911 21
912 35
913 14
914 12
915 12
916 21
917 26
918 35
919 25
920 10
921 25
922 8
923 14
924 37
925 23
926 33
927 47
928 29
929 39
930 35
931 21
932 10
933 34
934 15
935 17
936 4
937 38
938 44
939 20
940 4
941 39
942 40
943 44
944 27
945 11
946 26
947 48
948 35
949 24
950 38
951 38
952 29
953 3
954 3
955 26
956 8
957 33
958 22
959 15
960 12
961 26
962 21
963 9
964 18
965 47
966 28
967 35
968 38
969 29
970 35
971 5
972 14
973 36
974 50
975 2
976 19
977 11
978 45
979 2
980 40
981 45
982 6
983 5
984 31
985 11
986 34
987 32
988 27
989 37
990 11
991 41
992 24
993 17
994 3
995 37
996 38
997 21
998 16
999 31
1000 45
