1
100  
1 23
2 25
3 36
4 25
5 4
6 22
7 17
8 6
9 4
10 25
11 40
12 33
13 17
14 27
15 28
16 25
17 24
18 18
19 40
20 20
21 29
22 50
23 35
24 2
25 30
26 48
27 1
28 43
29 13
30 27
31 9
32 7
33 11
34 34
35 48
36 42
37 22
38 45
39 29
40 4
41 3
42 32
43 28
44 6
45 16
46 5
47 39
48 35
49 39
50 43
51 43
52 26
53 23
54 41
55 9
56 27
57 11
58 16
59 50
60 13
61 19
62 27
63 4
64 25
65 32
66 36
67 11
68 22
69 33
70 12
71 32
72 46
73 8
74 4
75 32
76 38
77 33
78 8
79 48
80 13
81 12
82 31
83 2
84 17
85 42
86 49
87 29
88 12
89 17
90 9
91 27
92 11
93 19
94 25
95 37
96 23
97 31
98 47
99 30
100 15
