1
1000  
1 93
2 45
3 88
4 33
5 37
6 99
7 87
8 61
9 28
10 58
11 100
12 76
13 72
14 48
15 78
16 69
17 55
18 91
19 81
20 75
21 39
22 74
23 64
24 62
25 80
26 86
27 55
28 26
29 62
30 94
31 72
32 48
33 58
34 39
35 71
36 70
37 53
38 39
39 41
40 35
41 80
42 29
43 85
44 79
45 85
46 46
47 90
48 27
49 33
50 47
51 79
52 73
53 41
54 66
55 72
56 35
57 75
58 44
59 41
60 48
61 68
62 100
63 57
64 58
65 83
66 36
67 31
68 47
69 100
70 91
71 82
72 59
73 26
74 25
75 85
76 83
77 89
78 53
79 87
80 35
81 64
82 84
83 72
84 70
85 54
86 36
87 29
88 45
89 63
90 79
91 86
92 74
93 77
94 49
95 34
96 98
97 46
98 74
99 27
100 76
101 87
102 79
103 83
104 47
105 86
106 49
107 88
108 67
109 72
110 86
111 48
112 67
113 37
114 97
115 35
116 98
117 93
118 83
119 89
120 41
121 57
122 96
123 70
124 78
125 78
126 43
127 66
128 50
129 50
130 71
131 33
132 52
133 30
134 52
135 51
136 71
137 84
138 47
139 43
140 44
141 33
142 41
143 82
144 40
145 89
146 98
147 78
148 90
149 60
150 44
151 33
152 39
153 31
154 94
155 61
156 72
157 50
158 48
159 30
160 52
161 94
162 99
163 40
164 95
165 100
166 75
167 27
168 55
169 48
170 88
171 36
172 95
173 65
174 69
175 68
176 89
177 76
178 49
179 38
180 54
181 100
182 58
183 89
184 70
185 69
186 38
187 27
188 76
189 39
190 38
191 84
192 58
193 49
194 74
195 25
196 59
197 97
198 99
199 94
200 79
201 59
202 30
203 85
204 59
205 59
206 69
207 90
208 97
209 87
210 99
211 82
212 38
213 64
214 81
215 72
216 53
217 51
218 37
219 66
220 97
221 32
222 94
223 41
224 100
225 71
226 53
227 70
228 30
229 83
230 44
231 27
232 76
233 72
234 61
235 45
236 55
237 73
238 62
239 84
240 89
241 39
242 45
243 88
244 90
245 95
246 48
247 75
248 77
249 27
250 33
251 60
252 36
253 65
254 66
255 66
256 39
257 66
258 58
259 76
260 71
261 87
262 37
263 53
264 74
265 32
266 48
267 88
268 99
269 86
270 26
271 33
272 87
273 65
274 59
275 44
276 62
277 55
278 52
279 66
280 92
281 84
282 60
283 93
284 72
285 94
286 80
287 64
288 61
289 78
290 90
291 94
292 62
293 76
294 52
295 32
296 45
297 98
298 49
299 46
300 42
301 46
302 99
303 68
304 75
305 47
306 49
307 65
308 50
309 31
310 87
311 98
312 25
313 33
314 25
315 46
316 75
317 27
318 74
319 46
320 72
321 60
322 40
323 77
324 93
325 63
326 92
327 32
328 72
329 43
330 31
331 75
332 47
333 59
334 94
335 39
336 31
337 30
338 73
339 57
340 95
341 98
342 99
343 31
344 36
345 87
346 76
347 25
348 72
349 84
350 93
351 97
352 35
353 34
354 70
355 51
356 83
357 84
358 37
359 47
360 39
361 45
362 71
363 81
364 26
365 58
366 85
367 44
368 63
369 47
370 67
371 66
372 85
373 94
374 58
375 80
376 43
377 31
378 74
379 53
380 58
381 48
382 33
383 63
384 50
385 98
386 89
387 61
388 96
389 53
390 60
391 45
392 76
393 99
394 50
395 48
396 74
397 64
398 90
399 83
400 69
401 80
402 70
403 67
404 74
405 55
406 32
407 35
408 70
409 97
410 44
411 37
412 94
413 72
414 82
415 32
416 46
417 48
418 55
419 45
420 44
421 71
422 53
423 68
424 61
425 81
426 86
427 33
428 59
429 92
430 67
431 91
432 76
433 61
434 98
435 36
436 91
437 84
438 71
439 67
440 95
441 93
442 52
443 76
444 67
445 68
446 99
447 31
448 96
449 81
450 70
451 39
452 56
453 96
454 57
455 99
456 31
457 30
458 55
459 70
460 70
461 97
462 61
463 64
464 80
465 51
466 75
467 47
468 41
469 65
470 27
471 94
472 97
473 48
474 77
475 39
476 74
477 42
478 54
479 73
480 91
481 60
482 60
483 34
484 94
485 50
486 28
487 49
488 75
489 57
490 77
491 53
492 77
493 37
494 55
495 43
496 46
497 94
498 64
499 64
500 87
501 27
502 51
503 71
504 72
505 72
506 99
507 66
508 38
509 49
510 67
511 84
512 77
513 76
514 37
515 65
516 97
517 94
518 47
519 53
520 37
521 49
522 95
523 92
524 48
525 78
526 91
527 66
528 26
529 77
530 69
531 74
532 58
533 76
534 86
535 37
536 84
537 66
538 87
539 72
540 88
541 62
542 76
543 96
544 55
545 48
546 76
547 32
548 43
549 86
550 51
551 55
552 92
553 86
554 44
555 75
556 97
557 59
558 69
559 54
560 64
561 59
562 51
563 54
564 99
565 96
566 96
567 97
568 98
569 100
570 89
571 87
572 68
573 98
574 75
575 67
576 51
577 66
578 46
579 87
580 79
581 35
582 62
583 82
584 94
585 31
586 57
587 35
588 79
589 79
590 49
591 86
592 35
593 65
594 41
595 83
596 33
597 72
598 100
599 25
600 56
601 58
602 56
603 57
604 96
605 76
606 48
607 80
608 69
609 41
610 62
611 55
612 37
613 75
614 97
615 59
616 25
617 51
618 34
619 100
620 46
621 37
622 44
623 50
624 45
625 30
626 53
627 45
628 29
629 80
630 60
631 74
632 62
633 40
634 61
635 98
636 70
637 28
638 71
639 77
640 33
641 71
642 45
643 47
644 69
645 45
646 32
647 76
648 78
649 36
650 59
651 35
652 48
653 75
654 100
655 51
656 39
657 64
658 83
659 52
660 49
661 91
662 27
663 54
664 43
665 67
666 79
667 37
668 64
669 34
670 83
671 29
672 69
673 47
674 89
675 34
676 94
677 79
678 42
679 70
680 47
681 70
682 27
683 99
684 85
685 98
686 73
687 43
688 65
689 27
690 39
691 66
692 98
693 91
694 87
695 73
696 33
697 87
698 73
699 98
700 96
701 31
702 99
703 75
704 33
705 85
706 25
707 89
708 64
709 90
710 77
711 84
712 62
713 34
714 44
715 44
716 78
717 36
718 40
719 29
720 99
721 80
722 30
723 56
724 89
725 68
726 76
727 43
728 90
729 84
730 35
731 34
732 27
733 65
734 40
735 66
736 33
737 74
738 32
739 95
740 44
741 67
742 83
743 48
744 66
745 94
746 89
747 73
748 29
749 75
750 65
751 87
752 93
753 81
754 64
755 97
756 26
757 26
758 84
759 36
760 85
761 45
762 83
763 97
764 80
765 99
766 53
767 31
768 67
769 49
770 78
771 71
772 76
773 83
774 25
775 41
776 61
777 81
778 61
779 44
780 66
781 76
782 32
783 78
784 63
785 39
786 78
787 77
788 98
789 57
790 87
791 43
792 84
793 45
794 69
795 33
796 94
797 80
798 60
799 53
800 95
