1
1000  
1 126
2 91
3 136
4 66
5 64
6 138
7 81
8 111
9 79
10 132
11 85
12 56
13 133
14 159
15 162
16 50
17 151
18 54
19 112
20 190
21 129
22 199
23 52
24 64
25 186
26 162
27 180
28 154
29 117
30 87
31 189
32 199
33 184
34 69
35 100
36 59
37 92
38 98
39 90
40 153
41 65
42 180
43 148
44 68
45 120
46 101
47 167
48 150
49 91
50 154
51 182
52 185
53 195
54 134
55 200
56 196
57 73
58 96
59 79
60 179
61 153
62 139
63 129
64 85
65 63
66 194
67 147
68 145
69 74
70 58
71 181
72 137
73 71
74 190
75 125
76 60
77 75
78 194
79 144
80 62
81 134
82 95
83 60
84 192
85 59
86 111
87 196
88 55
89 100
90 187
91 170
92 152
93 52
94 144
95 180
96 190
97 125
98 101
99 170
100 182
101 69
102 126
103 174
104 192
105 120
106 72
107 68
108 71
109 187
110 80
111 102
112 113
113 197
114 185
115 132
116 90
117 187
118 124
119 50
120 185
121 58
122 183
123 91
124 68
125 148
126 125
127 88
128 153
129 51
130 178
131 68
132 134
133 51
134 148
135 165
136 129
137 151
138 54
139 169
140 72
141 104
142 104
143 80
144 100
145 51
146 110
147 143
148 79
149 88
150 144
151 198
152 193
153 167
154 59
155 94
156 145
157 55
158 85
159 200
160 95
161 140
162 83
163 160
164 181
165 98
166 90
167 194
168 141
169 53
170 88
171 106
172 196
173 193
174 82
175 154
176 68
177 188
178 64
179 177
180 159
181 82
182 159
183 136
184 128
185 187
186 115
187 139
188 157
189 86
190 84
191 114
192 58
193 66
194 163
195 175
196 181
197 91
198 56
199 63
200 177
201 165
202 200
203 60
204 156
205 50
206 149
207 183
208 146
209 87
210 87
211 59
212 190
213 61
214 99
215 84
216 176
217 52
218 165
219 58
220 194
221 155
222 143
223 194
224 155
225 97
226 127
227 113
228 125
229 146
230 151
231 87
232 180
233 122
234 200
235 100
236 112
237 175
238 136
239 124
240 131
241 68
242 192
243 50
244 130
245 180
246 59
247 187
248 193
249 159
250 83
251 168
252 84
253 66
254 84
255 177
256 86
257 135
258 112
259 110
260 153
261 71
262 119
263 176
264 150
265 171
266 155
267 70
268 55
269 122
270 82
271 146
272 200
273 166
274 87
275 67
276 83
277 152
278 121
279 66
280 145
281 195
282 156
283 155
284 116
285 181
286 135
287 144
288 188
289 83
290 68
291 157
292 80
293 100
294 100
295 50
296 133
297 104
298 88
299 122
300 56
301 60
302 147
303 178
304 96
305 90
306 190
307 134
308 173
309 152
310 65
311 59
312 50
313 67
314 60
315 114
316 122
317 110
318 168
319 198
320 172
321 182
322 59
323 124
324 174
325 63
326 132
327 176
328 103
329 156
330 52
331 80
332 133
333 75
334 91
335 196
336 79
337 81
338 130
339 64
340 82
341 102
342 170
343 96
344 74
345 83
346 55
347 127
348 170
349 68
350 145
351 175
352 106
353 183
354 127
355 62
356 51
357 152
358 88
359 189
360 59
361 69
362 176
363 115
364 179
365 66
366 164
367 191
368 107
369 135
370 90
371 113
372 174
373 126
374 173
375 52
376 91
377 60
378 67
379 129
380 148
381 161
382 190
383 173
384 189
385 101
386 126
387 166
388 125
389 63
390 139
391 87
392 101
393 176
394 92
395 200
396 114
397 140
398 97
399 198
400 86
