1
1000  
1 32
2 60
3 68
4 95
5 40
6 51
7 46
8 34
9 25
10 39
11 76
12 45
13 41
14 42
15 39
16 95
17 36
18 84
19 53
20 79
21 81
22 43
23 46
24 50
25 54
26 41
27 63
28 26
29 74
30 34
31 49
32 48
33 45
34 56
35 49
36 76
37 92
38 59
39 67
40 73
41 93
42 75
43 68
44 76
45 94
46 28
47 29
48 30
49 31
50 95
51 90
52 94
53 46
54 66
55 37
56 100
57 86
58 93
59 35
60 73
61 35
62 34
63 89
64 66
65 34
66 32
67 30
68 82
69 79
70 31
71 99
72 54
73 40
74 51
75 82
76 31
77 38
78 89
79 39
80 68
81 97
82 26
83 93
84 27
85 45
86 75
87 90
88 61
89 44
90 32
91 58
92 40
93 91
94 28
95 42
96 80
97 30
98 39
99 79
100 66
101 58
102 54
103 76
104 67
105 49
106 83
107 31
108 88
109 49
110 62
111 37
112 28
113 62
114 66
115 44
116 66
117 43
118 42
119 85
120 46
121 60
122 27
123 51
124 55
125 68
126 100
127 26
128 75
129 98
130 64
131 82
132 64
133 67
134 52
135 25
136 45
137 27
138 71
139 75
140 70
141 69
142 62
143 25
144 53
145 30
146 33
147 37
148 31
149 34
150 26
151 65
152 96
153 83
154 28
155 83
156 52
157 59
158 39
159 82
160 28
161 48
162 61
163 30
164 44
165 41
166 76
167 99
168 61
169 76
170 95
171 94
172 76
173 99
174 26
175 44
176 44
177 64
178 60
179 51
180 49
181 29
182 62
183 29
184 77
185 39
186 100
187 66
188 60
189 94
190 94
191 48
192 100
193 35
194 85
195 84
196 88
197 98
198 61
199 31
200 62
201 91
202 94
203 92
204 77
205 27
206 74
207 51
208 30
209 80
210 25
211 63
212 97
213 34
214 81
215 54
216 26
217 75
218 53
219 50
220 98
221 34
222 55
223 96
224 53
225 41
226 87
227 57
228 88
229 27
230 36
231 93
232 90
233 65
234 70
235 61
236 49
237 65
238 30
239 41
240 73
241 56
242 86
243 53
244 29
245 50
246 90
247 79
248 91
249 71
250 56
251 47
252 80
253 95
254 69
255 59
256 29
257 34
258 76
259 81
260 31
261 62
262 97
263 89
264 38
265 94
266 72
267 62
268 71
269 96
270 75
271 61
272 66
273 92
274 36
275 39
276 99
277 94
278 51
279 72
280 68
281 70
282 71
283 56
284 50
285 85
286 26
287 47
288 32
289 46
290 79
291 90
292 61
293 65
294 65
295 86
296 67
297 98
298 39
299 44
300 36
301 75
302 80
303 83
304 41
305 68
306 74
307 61
308 93
309 86
310 100
311 96
312 25
313 63
314 39
315 99
316 53
317 80
318 52
319 51
320 70
321 82
322 49
323 100
324 75
325 25
326 59
327 77
328 86
329 65
330 41
331 58
332 83
333 29
334 87
335 42
336 60
337 54
338 59
339 56
340 90
341 31
342 64
343 100
344 55
345 76
346 65
347 56
348 97
349 27
350 96
351 38
352 31
353 34
354 72
355 30
356 76
357 69
358 88
359 61
360 67
361 42
362 79
363 40
364 61
365 30
366 48
367 72
368 35
369 41
370 25
371 96
372 70
373 44
374 77
375 89
376 82
377 31
378 71
379 85
380 64
381 43
382 64
383 62
384 39
385 85
386 88
387 47
388 43
389 72
390 62
391 61
392 72
393 86
394 100
395 86
396 91
397 57
398 99
399 48
400 95
401 66
402 37
403 54
404 33
405 33
406 72
407 94
408 51
409 39
410 35
411 40
412 91
413 70
414 81
415 56
416 30
417 65
418 30
419 77
420 78
421 85
422 68
423 28
424 66
425 30
426 45
427 91
428 74
429 54
430 27
431 84
432 44
433 31
434 70
435 28
436 40
437 69
438 88
439 33
440 70
441 69
442 54
443 49
444 69
445 38
446 77
447 90
448 52
449 65
450 44
451 68
452 87
453 77
454 76
455 50
456 39
457 97
458 46
459 59
460 58
461 35
462 53
463 40
464 38
465 63
466 37
467 63
468 82
469 40
470 28
471 64
472 76
473 50
474 52
475 40
476 75
477 78
478 69
479 54
480 37
481 80
482 27
483 63
484 41
485 75
486 90
487 53
488 62
489 50
490 59
491 32
492 86
493 68
494 86
495 46
496 95
497 60
498 53
499 68
500 70
501 40
502 40
503 56
504 73
505 29
506 79
507 57
508 89
509 86
510 27
511 55
512 85
513 57
514 89
515 40
516 50
517 57
518 96
519 35
520 81
521 67
522 50
523 37
524 49
525 62
526 100
527 55
528 27
529 25
530 30
531 98
532 95
533 70
534 55
535 63
536 39
537 81
538 54
539 95
540 67
541 99
542 77
543 91
544 75
545 91
546 82
547 50
548 70
549 94
550 82
551 60
552 75
553 56
554 42
555 81
556 97
557 44
558 67
559 66
560 64
561 39
562 66
563 36
564 69
565 95
566 67
567 80
568 49
569 59
570 41
571 96
572 38
573 55
574 88
575 55
576 45
577 78
578 34
579 98
580 69
581 30
582 65
583 88
584 39
585 89
586 45
587 77
588 54
589 28
590 95
591 81
592 47
593 47
594 56
595 95
596 55
597 49
598 87
599 76
600 69
601 32
602 69
603 74
604 40
605 67
606 44
607 59
608 84
609 76
610 95
611 79
612 99
613 34
614 31
615 71
616 32
617 54
618 66
619 82
620 26
621 68
622 99
623 31
624 92
625 56
626 62
627 54
628 71
629 63
630 49
631 46
632 49
633 77
634 40
635 27
636 72
637 92
638 78
639 39
640 31
641 28
642 52
643 65
644 35
645 77
646 63
647 76
648 90
649 55
650 71
651 92
652 59
653 35
654 64
655 59
656 87
657 50
658 84
659 47
660 48
661 35
662 78
663 36
664 58
665 36
666 52
667 61
668 26
669 69
670 66
671 48
672 32
673 74
674 81
675 75
676 69
677 67
678 28
679 98
680 34
681 92
682 71
683 78
684 73
685 87
686 28
687 63
688 65
689 91
690 27
691 83
692 34
693 96
694 55
695 86
696 87
697 37
698 68
699 92
700 41
701 60
702 37
703 38
704 50
705 44
706 98
707 69
708 94
709 73
710 52
711 35
712 53
713 54
714 61
715 36
716 81
717 60
718 39
719 48
720 51
721 26
722 84
723 69
724 100
725 75
726 96
727 32
728 45
729 29
730 38
731 88
732 84
733 94
734 25
735 79
736 53
737 81
738 62
739 40
740 37
741 74
742 70
743 84
744 54
745 90
746 83
747 35
748 98
749 96
750 48
751 58
752 77
753 70
754 98
755 50
756 71
757 25
758 33
759 30
760 60
761 52
762 45
763 59
764 88
765 34
766 75
767 39
768 52
769 48
770 36
771 80
772 25
773 69
774 67
775 73
776 87
777 76
778 94
779 36
780 59
781 29
782 53
783 75
784 36
785 72
786 37
787 37
788 54
789 93
790 74
791 41
792 61
793 55
794 61
795 48
796 95
797 84
798 77
799 33
800 92
