1
1000  
1 894
2 740
3 115
4 28
5 884
6 263
7 438
8 463
9 66
10 755
11 806
12 710
13 531
14 302
15 274
16 646
17 154
18 158
19 521
20 314
21 152
22 632
23 104
24 477
25 794
26 824
27 433
28 50
29 663
30 923
31 133
32 21
33 702
34 775
35 167
36 819
37 542
38 977
39 300
40 395
41 473
42 103
43 433
44 131
45 601
46 89
47 131
48 504
49 540
50 946
51 187
52 195
53 208
54 231
55 434
56 538
57 653
58 866
59 718
60 63
61 583
62 690
63 826
64 987
65 97
66 863
67 413
68 491
69 318
70 839
71 507
72 418
73 649
74 101
75 430
76 17
77 466
78 877
79 875
80 688
81 348
82 821
83 89
84 311
85 895
86 308
87 954
88 667
89 650
90 373
91 328
92 799
93 716
94 705
95 260
96 589
97 771
98 1000
99 217
100 346
101 27
102 786
103 789
104 470
105 6
106 908
107 403
108 157
109 648
110 270
111 55
112 200
113 190
114 213
115 42
116 572
117 146
118 925
119 552
120 892
121 976
122 89
123 783
124 309
125 92
126 675
127 351
128 142
129 845
130 482
131 636
132 263
133 87
134 33
135 388
136 823
137 139
138 899
139 293
140 159
141 296
142 169
143 125
144 282
145 470
146 818
147 632
148 391
149 991
150 968
151 285
152 916
153 854
154 582
155 686
156 67
157 395
158 528
159 941
160 212
161 568
162 228
163 157
164 25
165 731
166 373
167 40
168 239
169 961
170 539
171 92
172 40
173 543
174 114
175 845
176 408
177 28
178 714
179 208
180 457
181 104
182 25
183 977
184 352
185 659
186 901
187 432
188 991
189 783
190 624
191 926
192 752
193 29
194 271
195 222
196 780
197 283
198 689
199 133
200 355
201 499
202 756
203 543
204 72
205 634
206 261
207 818
208 400
209 355
210 846
211 223
212 389
213 189
214 499
215 428
216 423
217 848
218 71
219 728
220 936
221 820
222 555
223 771
224 694
225 701
226 7
227 974
228 270
229 899
230 19
231 236
232 108
233 405
234 942
235 91
236 231
237 319
238 990
239 602
240 49
241 614
242 113
243 106
244 682
245 224
246 858
247 668
248 287
249 233
250 483
251 943
252 758
253 534
254 36
255 296
256 933
257 103
258 828
259 345
260 32
261 525
262 884
263 843
264 784
265 587
266 91
267 249
268 775
269 111
270 216
271 520
272 507
273 139
274 164
275 187
276 291
277 671
278 277
279 305
280 437
281 359
282 929
283 201
284 224
285 521
286 602
287 194
288 283
289 860
290 710
291 147
292 526
293 79
294 251
295 226
296 460
297 404
298 673
299 473
300 797
301 516
302 166
303 171
304 758
305 423
306 312
307 9
308 6
309 891
310 743
311 679
312 321
313 31
314 367
315 645
316 768
317 417
318 237
319 592
320 873
321 67
322 106
323 532
324 540
325 546
326 266
327 516
328 301
329 940
330 66
331 929
332 200
333 664
334 297
335 361
336 758
337 197
338 668
339 814
340 996
341 390
342 180
343 588
344 895
345 770
346 643
347 489
348 942
349 442
350 378
351 137
352 99
353 758
354 783
355 697
356 614
357 547
358 31
359 222
360 396
361 331
362 377
363 296
364 868
365 593
366 753
367 127
368 124
369 904
370 884
371 415
372 488
373 603
374 657
375 775
376 189
377 896
378 265
379 639
380 149
381 63
382 881
383 463
384 728
385 485
386 87
387 908
388 742
389 806
390 837
391 654
392 295
393 112
394 444
395 719
396 436
397 319
398 243
399 903
400 797
401 723
402 86
403 194
404 374
405 36
406 785
407 811
408 492
409 67
410 888
411 61
412 790
413 622
414 894
415 98
416 513
417 637
418 87
419 409
420 456
421 831
422 284
423 294
424 857
425 94
426 12
427 609
428 177
429 260
430 840
431 592
432 698
433 381
434 679
435 134
436 955
437 451
438 985
439 23
440 545
441 86
442 437
443 179
444 985
445 859
446 788
447 455
448 950
449 514
450 782
451 543
452 633
453 142
454 623
455 580
456 548
457 749
458 276
459 95
460 262
461 605
462 739
463 534
464 926
465 537
466 766
467 127
468 626
469 616
470 588
471 748
472 480
473 790
474 13
475 210
476 576
477 509
478 193
479 359
480 138
481 940
482 847
483 62
484 818
485 444
486 979
487 65
488 447
489 430
490 83
491 445
492 612
493 814
494 539
495 80
496 703
497 635
498 412
499 131
500 112
501 152
502 783
503 628
504 325
505 962
506 234
507 170
508 545
509 50
510 1
511 443
512 56
513 382
514 683
515 885
516 793
517 232
518 725
519 945
520 454
521 141
522 459
523 4
524 712
525 953
526 63
527 333
528 436
529 240
530 914
531 926
532 661
533 530
534 718
535 683
536 229
537 821
538 288
539 877
540 415
541 602
542 442
543 83
544 579
545 519
546 362
547 929
548 231
549 39
550 56
551 129
552 825
553 242
554 603
555 987
556 846
557 210
558 563
559 817
560 921
561 293
562 102
563 25
564 976
565 784
566 776
567 741
568 864
569 882
570 34
571 34
572 465
573 166
574 66
575 789
576 17
577 303
578 50
579 83
580 194
581 535
582 911
583 263
584 448
585 917
586 65
587 804
588 256
589 222
590 957
591 633
592 28
593 53
594 562
595 220
596 880
597 565
598 645
599 203
600 517
601 332
602 651
603 870
604 198
605 344
606 385
607 830
608 498
609 825
610 54
611 421
612 22
613 681
614 903
615 52
616 492
617 408
618 76
619 359
620 196
621 831
622 450
623 646
624 776
625 304
626 521
627 766
628 491
629 874
630 376
631 855
632 357
633 259
634 673
635 593
636 800
637 750
638 751
639 263
640 819
641 827
642 69
643 293
644 4
645 228
646 247
647 545
648 625
649 486
650 30
651 320
652 683
653 257
654 100
655 849
656 850
657 833
658 60
659 525
660 664
661 130
662 913
663 307
664 688
665 652
666 45
667 554
668 562
669 170
670 113
671 877
672 630
673 479
674 319
675 809
676 529
677 756
678 732
679 257
680 346
681 41
682 103
683 263
684 97
685 11
686 60
687 328
688 409
689 156
690 696
691 851
692 818
693 282
694 562
695 968
696 731
697 382
698 627
699 181
700 676
701 596
702 153
703 664
704 203
705 357
706 160
707 692
708 849
709 726
710 220
711 833
712 5
713 65
714 744
715 69
716 512
717 206
718 459
719 141
720 977
721 381
722 433
723 625
724 888
725 894
726 412
727 616
728 792
729 373
730 440
731 325
732 535
733 547
734 298
735 362
736 491
737 413
738 401
739 414
740 364
741 756
742 240
743 32
744 917
745 895
746 831
747 954
748 501
749 892
750 178
751 743
752 10
753 515
754 69
755 857
756 669
757 33
758 676
759 73
760 733
761 801
762 348
763 343
764 953
765 965
766 14
767 418
768 851
769 901
770 449
771 783
772 911
773 845
774 814
775 870
776 178
777 393
778 811
779 86
780 897
781 352
782 555
783 822
784 191
785 244
786 985
787 845
788 593
789 853
790 776
791 415
792 891
793 594
794 827
795 832
796 419
797 125
798 623
799 586
800 184
801 467
802 850
803 875
804 608
805 849
806 245
807 459
808 640
809 543
810 26
811 769
812 252
813 30
814 807
815 970
816 501
817 22
818 7
819 396
820 628
821 715
822 261
823 211
824 871
825 497
826 576
827 823
828 418
829 970
830 274
831 369
832 514
833 716
834 630
835 827
836 678
837 979
838 455
839 580
840 308
841 273
842 528
843 17
844 270
845 125
846 868
847 730
848 707
849 118
850 438
851 90
852 86
853 929
854 603
855 654
856 822
857 55
858 296
859 431
860 701
861 22
862 245
863 609
864 656
865 412
866 483
867 22
868 496
869 841
870 672
871 721
872 915
873 993
874 453
875 584
876 606
877 92
878 947
879 710
880 130
881 155
882 25
883 153
884 670
885 877
886 612
887 833
888 921
889 759
890 11
891 687
892 243
893 655
894 741
895 38
896 716
897 690
898 856
899 709
900 596
901 904
902 663
903 544
904 521
905 358
906 370
907 159
908 739
909 87
910 434
911 288
912 990
913 726
914 782
915 685
916 252
917 11
918 547
919 860
920 273
921 82
922 536
923 534
924 234
925 161
926 544
927 824
928 116
929 245
930 878
931 742
932 789
933 478
934 216
935 42
936 481
937 781
938 188
939 558
940 248
941 840
942 478
943 918
944 645
945 44
946 466
947 559
948 95
949 791
950 429
951 751
952 577
953 403
954 875
955 607
956 454
957 616
958 904
959 29
960 456
961 903
962 722
963 114
964 158
965 595
966 900
967 18
968 235
969 299
970 9
971 268
972 688
973 832
974 783
975 843
976 416
977 675
978 508
979 112
980 812
981 898
982 484
983 784
984 359
985 363
986 637
987 440
988 770
989 355
990 611
991 526
992 467
993 598
994 8
995 771
996 768
997 138
998 682
999 457
1000 779
