1
1000  
1 116
2 173
3 289
4 268
5 369
6 202
7 244
8 151
9 215
10 337
11 202
12 312
13 391
14 370
15 257
16 118
17 213
18 362
19 200
20 213
21 222
22 332
23 182
24 123
25 377
26 316
27 263
28 346
29 128
30 312
31 292
32 220
33 280
34 180
35 141
36 211
37 297
38 360
39 337
40 218
41 395
42 101
43 319
44 287
45 376
46 159
47 308
48 102
49 397
50 312
51 339
52 289
53 286
54 335
55 260
56 262
57 351
58 100
59 240
60 157
61 102
62 185
63 283
64 352
65 355
66 137
67 305
68 258
69 226
70 255
71 308
72 112
73 272
74 217
75 218
76 161
77 113
78 166
79 144
80 370
81 343
82 393
83 322
84 235
85 244
86 378
87 270
88 184
89 288
90 230
91 247
92 227
93 220
94 260
95 215
96 393
97 256
98 162
99 185
100 284
101 197
102 239
103 331
104 338
105 226
106 335
107 396
108 353
109 224
110 153
111 291
112 209
113 136
114 340
115 112
116 367
117 342
118 207
119 325
120 198
121 168
122 259
123 138
124 309
125 377
126 171
127 361
128 111
129 151
130 310
131 355
132 400
133 249
134 241
135 145
136 363
137 348
138 207
139 242
140 104
141 311
142 153
143 288
144 107
145 181
146 141
147 283
148 297
149 338
150 386
151 114
152 218
153 257
154 226
155 127
156 186
157 328
158 201
159 254
160 134
161 159
162 141
163 143
164 253
165 311
166 302
167 319
168 377
169 382
170 373
171 366
172 382
173 138
174 147
175 114
176 105
177 124
178 297
179 120
180 193
181 280
182 132
183 349
184 274
185 280
186 157
187 221
188 139
189 131
190 193
191 360
192 317
193 270
194 330
195 154
196 227
197 255
198 250
199 113
200 144
201 398
202 336
203 142
204 118
205 231
206 225
207 307
208 205
209 205
210 141
211 355
212 394
213 335
214 154
215 153
216 232
217 203
218 248
219 130
220 317
221 153
222 298
223 336
224 178
225 276
226 241
227 120
228 134
229 170
230 211
231 138
232 106
233 316
234 330
235 219
236 345
237 281
238 132
239 305
240 353
241 265
242 316
243 339
244 212
245 341
246 115
247 122
248 285
249 165
250 192
251 109
252 344
253 211
254 168
255 310
256 250
257 352
258 221
259 283
260 371
261 323
262 338
263 317
264 143
265 153
266 166
267 304
268 377
269 181
270 368
271 241
272 277
273 384
274 188
275 127
276 138
277 161
278 156
279 319
280 247
281 283
282 340
283 286
284 115
285 135
286 156
287 339
288 141
289 152
290 265
291 196
292 367
293 359
294 384
295 143
296 214
297 168
298 222
299 287
300 203
301 126
302 255
303 247
304 176
305 164
306 125
307 400
308 275
309 353
310 336
311 355
312 110
313 237
314 170
315 173
316 253
317 238
318 103
319 281
320 158
321 301
322 115
323 172
324 298
325 158
326 318
327 349
328 226
329 183
330 209
331 312
332 108
333 192
334 285
335 196
336 199
337 400
338 291
339 222
340 372
341 105
342 140
343 174
344 325
345 290
346 149
347 266
348 382
349 350
350 213
351 292
352 343
353 161
354 381
355 246
356 273
357 254
358 245
359 252
360 313
361 248
362 245
363 126
364 356
365 194
366 349
367 293
368 303
369 164
370 388
371 231
372 347
373 179
374 141
375 140
376 338
377 133
378 164
379 286
380 106
381 380
382 201
383 368
384 257
385 344
386 352
387 286
388 288
389 103
390 144
391 133
392 375
393 255
394 369
395 345
396 322
397 372
398 311
399 376
400 100
