1
1000  
1 326
2 103
3 202
4 311
5 104
6 345
7 150
8 126
9 360
10 300
11 253
12 210
13 103
14 205
15 375
16 143
17 287
18 167
19 211
20 178
21 302
22 119
23 266
24 257
25 227
26 394
27 116
28 164
29 116
30 293
31 242
32 130
33 163
34 170
35 306
36 395
37 316
38 109
39 320
40 385
41 231
42 222
43 267
44 330
45 185
46 196
47 320
48 217
49 173
50 373
51 271
52 322
53 331
54 114
55 209
56 147
57 129
58 336
59 380
60 180
61 220
62 294
63 230
64 300
65 398
66 377
67 207
68 397
69 261
70 199
71 304
72 187
73 245
74 306
75 372
76 246
77 277
78 172
79 116
80 364
81 225
82 331
83 320
84 350
85 279
86 249
87 342
88 317
89 148
90 310
91 162
92 105
93 297
94 215
95 267
96 197
97 119
98 141
99 220
100 328
101 251
102 320
103 131
104 154
105 205
106 233
107 239
108 329
109 180
110 233
111 344
112 304
113 194
114 382
115 335
116 301
117 228
118 233
119 254
120 147
121 373
122 193
123 233
124 366
125 203
126 140
127 315
128 330
129 143
130 214
131 265
132 165
133 219
134 285
135 270
136 293
137 344
138 154
139 120
140 331
141 148
142 195
143 164
144 342
145 327
146 300
147 102
148 185
149 284
150 236
151 297
152 296
153 391
154 137
155 245
156 269
157 208
158 239
159 229
160 172
161 306
162 243
163 334
164 319
165 295
166 108
167 144
168 106
169 266
170 169
171 252
172 374
173 378
174 321
175 107
176 330
177 239
178 232
179 232
180 360
181 198
182 249
183 274
184 245
185 246
186 223
187 302
188 169
189 312
190 372
191 253
192 265
193 149
194 186
195 217
196 294
197 145
198 118
199 284
200 384
