1
1000  
1 135
2 56
3 90
4 94
5 61
6 199
7 64
8 80
9 197
10 150
11 154
12 105
13 54
14 77
15 152
16 65
17 198
18 121
19 195
20 103
21 189
22 128
23 142
24 197
25 106
26 71
27 177
28 65
29 198
30 67
31 152
32 75
33 115
34 61
35 165
36 154
37 104
38 95
39 96
40 135
41 87
42 80
43 83
44 56
45 192
46 195
47 85
48 155
49 172
50 112
51 186
52 147
53 104
54 74
55 112
56 186
57 116
58 91
59 173
60 135
61 110
62 64
63 164
64 155
65 75
66 188
67 170
68 125
69 180
70 92
71 191
72 110
73 192
74 87
75 189
76 186
77 195
78 122
79 128
80 188
81 180
82 61
83 151
84 198
85 114
86 164
87 65
88 190
89 163
90 118
91 124
92 68
93 132
94 139
95 110
96 165
97 118
98 165
99 182
100 84
101 106
102 74
103 82
104 65
105 69
106 130
107 124
108 54
109 127
110 99
111 52
112 54
113 178
114 158
115 159
116 148
117 88
118 194
119 191
120 163
121 195
122 180
123 167
124 120
125 147
126 80
127 197
128 176
129 124
130 83
131 97
132 182
133 195
134 108
135 167
136 90
137 72
138 99
139 134
140 76
141 169
142 193
143 105
144 94
145 168
146 186
147 107
148 64
149 200
150 68
151 52
152 129
153 184
154 75
155 106
156 115
157 89
158 138
159 56
160 198
161 175
162 104
163 186
164 88
165 122
166 52
167 58
168 173
169 118
170 112
171 153
172 110
173 132
174 84
175 132
176 191
177 155
178 192
179 155
180 199
181 172
182 198
183 170
184 163
185 86
186 67
187 140
188 107
189 134
190 66
191 84
192 178
193 164
194 65
195 121
196 152
197 72
198 65
199 137
200 133
201 81
202 181
203 86
204 81
205 129
206 86
207 131
208 118
209 78
210 191
211 174
212 117
213 150
214 95
215 68
216 55
217 79
218 134
219 77
220 87
221 185
222 176
223 144
224 59
225 126
226 165
227 86
228 71
229 78
230 145
231 149
232 199
233 147
234 72
235 187
236 63
237 60
238 145
239 90
240 143
241 56
242 125
243 175
244 59
245 112
246 111
247 162
248 106
249 91
250 63
251 50
252 116
253 93
254 145
255 178
256 76
257 156
258 68
259 71
260 104
261 150
262 138
263 82
264 182
265 103
266 102
267 197
268 88
269 117
270 145
271 69
272 168
273 181
274 152
275 102
276 62
277 157
278 83
279 131
280 134
281 189
282 144
283 94
284 177
285 90
286 176
287 95
288 197
289 54
290 147
291 146
292 160
293 57
294 146
295 153
296 74
297 164
298 101
299 61
300 68
301 69
302 121
303 73
304 94
305 169
306 68
307 144
308 52
309 50
310 78
311 95
312 83
313 148
314 184
315 87
316 69
317 167
318 127
319 101
320 92
321 122
322 131
323 113
324 108
325 180
326 140
327 168
328 78
329 118
330 104
331 140
332 197
333 94
334 169
335 129
336 112
337 84
338 102
339 122
340 184
341 184
342 106
343 82
344 147
345 94
346 70
347 95
348 83
349 170
350 196
351 122
352 93
353 157
354 116
355 126
356 112
357 100
358 156
359 89
360 171
361 92
362 158
363 52
364 165
365 121
366 65
367 94
368 114
369 143
370 128
371 169
372 171
373 128
374 164
375 181
376 198
377 198
378 59
379 120
380 75
381 106
382 163
383 87
384 119
385 154
386 195
387 56
388 57
389 51
390 137
391 198
392 166
393 196
394 55
395 128
396 69
397 135
398 170
399 176
400 140
401 114
402 73
403 183
404 136
405 174
406 129
407 145
408 188
409 118
410 66
411 95
412 187
413 200
414 162
415 129
416 195
417 178
418 175
419 62
420 74
421 192
422 140
423 103
424 105
425 86
426 112
427 110
428 122
429 128
430 177
431 55
432 194
433 176
434 195
435 66
436 130
437 124
438 141
439 186
440 148
441 153
442 54
443 198
444 161
445 142
446 181
447 131
448 149
449 191
450 186
451 81
452 57
453 116
454 87
455 123
456 75
457 194
458 199
459 196
460 183
461 70
462 86
463 106
464 94
465 191
466 81
467 69
468 162
469 191
470 197
471 54
472 116
473 88
474 99
475 136
476 66
477 130
478 65
479 157
480 118
481 134
482 111
483 70
484 180
485 132
486 183
487 149
488 171
489 83
490 185
491 197
492 138
493 69
494 163
495 90
496 145
497 71
498 84
499 159
500 110
501 164
502 197
503 130
504 133
505 172
506 55
507 66
508 82
509 56
510 143
511 195
512 167
513 164
514 79
515 153
516 191
517 84
518 104
519 143
520 100
521 164
522 114
523 110
524 78
525 57
526 145
527 197
528 108
529 105
530 144
531 187
532 146
533 72
534 161
535 165
536 102
537 130
538 120
539 153
540 171
541 162
542 161
543 59
544 153
545 166
546 143
547 146
548 155
549 181
550 90
551 184
552 108
553 64
554 65
555 62
556 56
557 138
558 196
559 50
560 167
561 89
562 195
563 198
564 77
565 96
566 184
567 139
568 119
569 147
570 72
571 194
572 139
573 141
574 134
575 77
576 107
577 63
578 199
579 172
580 135
581 148
582 80
583 50
584 161
585 155
586 198
587 67
588 55
589 127
590 95
591 81
592 154
593 172
594 114
595 70
596 139
597 192
598 104
599 194
600 52
601 162
602 69
603 124
604 66
605 85
606 116
607 144
608 167
609 149
610 191
611 55
612 184
613 185
614 174
615 78
616 113
617 51
618 194
619 176
620 68
621 80
622 168
623 132
624 152
625 71
626 94
627 157
628 188
629 168
630 64
631 106
632 93
633 125
634 159
635 106
636 126
637 195
638 161
639 120
640 80
641 118
642 175
643 190
644 194
645 52
646 198
647 102
648 163
649 98
650 78
651 119
652 80
653 77
654 135
655 197
656 168
657 127
658 151
659 103
660 75
661 59
662 191
663 107
664 138
665 135
666 139
667 187
668 106
669 195
670 71
671 144
672 119
673 192
674 175
675 191
676 50
677 194
678 88
679 152
680 90
681 63
682 155
683 117
684 153
685 67
686 103
687 175
688 83
689 90
690 140
691 128
692 90
693 71
694 194
695 179
696 88
697 196
698 57
699 180
700 139
701 103
702 66
703 183
704 124
705 72
706 116
707 76
708 155
709 182
710 119
711 127
712 109
713 199
714 88
715 82
716 91
717 162
718 98
719 107
720 183
721 126
722 143
723 189
724 65
725 148
726 122
727 163
728 152
729 183
730 114
731 108
732 164
733 156
734 145
735 51
736 74
737 57
738 167
739 181
740 129
741 191
742 61
743 173
744 112
745 104
746 87
747 100
748 157
749 89
750 62
751 197
752 93
753 144
754 89
755 158
756 52
757 65
758 195
759 180
760 194
761 154
762 94
763 106
764 74
765 161
766 83
767 84
768 117
769 101
770 198
771 133
772 175
773 52
774 72
775 146
776 51
777 144
778 161
779 125
780 65
781 136
782 176
783 57
784 134
785 84
786 134
787 146
788 168
789 159
790 81
791 121
792 170
793 128
794 90
795 73
796 119
797 111
798 126
799 183
800 96
