1
40  
1 2
2 10
3 34
4 8
5 3
6 24
7 29
8 23
9 4
10 12
11 32
12 27
13 19
14 16
15 8
16 12
17 30
18 22
19 32
20 11
21 5
22 25
23 27
24 17
25 9
26 21
27 7
28 3
29 8
30 31
31 14
32 34
33 33
34 3
35 16
36 22
37 26
38 24
39 13
40 27
41 18
42 1
43 27
44 27
45 12
46 6
47 4
48 4
49 17
50 31
51 17
52 10
53 12
54 8
55 12
56 16
57 30
58 4
59 10
60 33
61 6
62 14
63 18
64 11
65 21
66 18
67 11
68 1
69 10
70 29
71 11
72 33
73 6
74 24
75 14
76 34
77 35
78 15
79 6
80 6
81 25
82 10
83 25
84 18
85 21
86 29
87 12
88 23
89 23
90 19
91 22
92 23
93 13
94 30
95 19
96 30
97 17
98 1
99 22
100 1
101 10
102 8
103 23
104 29
105 24
106 30
107 30
108 23
109 23
110 16
111 35
112 13
113 8
114 10
115 30
116 21
117 35
118 26
119 6
120 20
121 24
122 9
123 22
124 7
125 28
126 21
127 12
128 21
129 12
130 33
131 24
132 15
133 29
134 32
135 34
136 17
137 28
138 23
139 28
140 26
141 21
142 18
143 7
144 12
145 2
146 33
147 31
148 12
149 8
150 28
151 14
152 28
153 4
154 25
155 30
156 12
157 19
158 32
159 3
160 22
161 13
162 19
163 4
164 21
165 19
166 32
167 6
168 11
169 27
170 3
171 14
172 22
173 5
174 17
175 32
176 24
177 28
178 8
179 30
180 7
181 7
182 2
183 6
184 6
185 5
186 28
187 9
188 11
189 27
190 28
191 29
192 10
193 15
194 21
195 10
196 23
197 15
198 20
199 16
200 21
201 31
202 22
203 4
204 20
205 1
206 33
207 28
208 2
209 32
210 29
211 21
212 25
213 18
214 25
215 33
216 15
217 3
218 24
219 29
220 14
221 32
222 9
223 27
224 7
225 27
226 18
227 33
228 21
229 3
230 29
231 8
232 3
233 10
234 14
235 7
236 3
237 1
238 32
239 14
240 20
241 26
242 12
243 1
244 7
245 29
246 19
247 12
248 28
249 4
250 19
251 9
252 20
253 20
254 34
255 1
256 32
257 21
258 22
259 7
260 30
261 3
262 32
263 19
264 13
265 33
266 13
267 3
268 31
269 20
270 22
271 25
272 11
273 5
274 33
275 12
276 16
277 35
278 7
279 28
280 26
281 17
282 4
283 3
284 31
285 30
286 32
287 33
288 27
289 14
290 5
291 9
292 2
293 23
294 29
295 8
296 29
297 2
298 27
299 11
300 12
301 30
302 23
303 13
304 24
305 31
306 31
307 13
308 16
309 3
310 31
311 18
312 34
313 25
314 28
315 14
316 18
317 31
318 14
319 29
320 35
321 20
322 24
323 14
324 31
325 20
326 3
327 17
328 9
329 6
330 18
331 26
332 7
333 2
334 26
335 26
336 20
337 32
338 33
339 13
340 18
341 19
342 10
343 21
344 20
345 11
346 16
347 10
348 32
349 20
350 16
351 30
352 31
353 6
354 7
355 14
356 2
357 10
358 15
359 4
360 11
361 8
362 14
363 35
364 23
365 16
366 23
367 7
368 13
369 24
370 14
371 30
372 14
373 20
374 28
375 17
376 18
377 34
378 34
379 15
380 20
381 17
382 14
383 31
384 7
385 2
386 9
387 35
388 9
389 31
390 25
391 21
392 35
393 21
394 27
395 13
396 8
397 24
398 22
399 22
400 11
401 35
402 11
403 15
404 12
405 8
406 11
407 30
408 32
409 29
410 19
411 18
412 4
413 3
414 28
415 3
416 12
417 35
418 10
419 18
420 1
421 32
422 17
423 25
424 3
425 5
426 26
427 27
428 18
429 24
430 21
431 17
432 26
433 2
434 8
435 33
436 22
437 13
438 23
439 11
440 34
441 11
442 31
443 9
444 20
445 32
446 33
447 15
448 5
449 11
450 26
451 6
452 16
453 8
454 20
455 1
456 18
457 30
458 34
459 29
460 24
461 17
462 18
463 25
464 30
465 29
466 33
467 24
468 32
469 3
470 8
471 33
472 1
473 2
474 7
475 33
476 28
477 26
478 21
479 15
480 35
481 35
482 24
483 30
484 28
485 6
486 26
487 2
488 8
489 13
490 18
491 21
492 35
493 3
494 15
495 28
496 7
497 23
498 4
499 9
500 27
501 6
502 20
503 21
504 6
505 11
506 13
507 13
508 31
509 27
510 1
511 14
512 31
513 31
514 9
515 29
516 15
517 21
518 7
519 1
520 10
521 32
522 27
523 9
524 18
525 31
526 8
527 27
528 21
529 11
530 27
531 16
532 17
533 35
534 11
535 14
536 2
537 7
538 10
539 23
540 1
541 28
542 18
543 1
544 14
545 5
546 19
547 33
548 6
549 11
550 15
551 5
552 35
553 27
554 14
555 5
556 6
557 35
558 30
559 24
560 4
561 6
562 29
563 7
564 2
565 34
566 6
567 33
568 9
569 35
570 25
571 25
572 12
573 9
574 22
575 1
576 1
577 32
578 28
579 26
580 16
581 7
582 24
583 32
584 19
585 12
586 9
587 18
588 30
589 29
590 9
591 35
592 2
593 25
594 1
595 30
596 26
597 4
598 9
599 4
600 13
601 34
602 21
603 5
604 21
605 10
606 18
607 23
608 9
609 17
610 10
611 12
612 25
613 13
614 10
615 3
616 16
617 11
618 19
619 6
620 7
621 30
622 14
623 17
624 26
625 24
626 34
627 32
628 4
629 18
630 15
631 14
632 7
633 3
634 10
635 29
636 9
637 35
638 26
639 8
640 30
641 10
642 17
643 29
644 1
645 31
646 30
647 16
648 29
649 3
650 26
651 35
652 7
653 19
654 32
655 28
656 9
657 12
658 32
659 28
660 34
661 12
662 18
663 34
664 24
665 14
666 7
667 22
668 4
669 28
670 6
671 3
672 29
673 31
674 33
675 17
676 11
677 5
678 18
679 6
680 23
681 19
682 7
683 13
684 20
685 6
686 21
687 23
688 33
689 31
690 25
691 23
692 15
693 33
694 30
695 33
696 20
697 4
698 20
699 2
700 7
701 6
702 2
703 3
704 13
705 8
706 10
707 20
708 13
709 11
710 27
711 30
712 4
713 9
714 5
715 30
716 12
717 15
718 32
719 27
720 2
721 22
722 19
723 14
724 32
725 28
726 34
727 14
728 29
729 30
730 6
731 31
732 24
733 30
734 23
735 35
736 11
737 22
738 21
739 21
740 21
741 26
742 15
743 6
744 6
745 22
746 13
747 11
748 35
749 18
750 33
751 29
752 16
753 23
754 27
755 17
756 1
757 10
758 28
759 1
760 11
761 14
762 17
763 12
764 21
765 34
766 13
767 8
768 25
769 34
770 32
771 30
772 28
773 2
774 6
775 32
776 1
777 8
778 17
779 9
780 1
781 5
782 14
783 28
784 3
785 35
786 34
787 3
788 29
789 3
790 2
791 18
792 33
793 6
794 1
795 32
796 4
797 2
798 19
799 10
800 25
