1
40  
1 15
2 34
3 16
4 10
5 25
6 12
7 32
8 28
9 23
10 17
11 24
12 17
13 9
14 24
15 21
16 4
17 30
18 24
19 34
20 18
21 5
22 28
23 2
24 21
25 4
26 34
27 23
28 13
29 16
30 8
31 14
32 17
33 28
34 3
35 27
36 34
37 35
38 10
39 10
40 4
41 23
42 24
43 34
44 33
45 10
46 10
47 18
48 22
49 1
50 27
51 4
52 10
53 28
54 32
55 1
56 8
57 15
58 34
59 21
60 33
61 4
62 8
63 33
64 13
65 17
66 28
67 24
68 14
69 22
70 11
71 6
72 19
73 28
74 6
75 27
76 7
77 24
78 34
79 10
80 35
81 5
82 6
83 13
84 28
85 35
86 25
87 20
88 1
89 31
90 11
91 35
92 33
93 3
94 34
95 20
96 3
97 16
98 23
99 11
100 29
101 21
102 10
103 31
104 17
105 10
106 1
107 4
108 19
109 27
110 4
111 17
112 6
113 25
114 34
115 27
116 21
117 17
118 34
119 22
120 4
121 8
122 33
123 4
124 7
125 17
126 15
127 15
128 27
129 26
130 18
131 31
132 22
133 24
134 29
135 22
136 24
137 18
138 31
139 23
140 17
141 8
142 28
143 25
144 25
145 34
146 24
147 14
148 29
149 35
150 26
151 10
152 3
153 11
154 23
155 1
156 8
157 29
158 27
159 15
160 15
161 12
162 5
163 33
164 27
165 11
166 32
167 6
168 2
169 11
170 12
171 21
172 14
173 33
174 20
175 32
176 27
177 31
178 12
179 16
180 34
181 22
182 34
183 33
184 25
185 11
186 21
187 21
188 33
189 8
190 35
191 9
192 21
193 32
194 6
195 3
196 13
197 30
198 17
199 26
200 6
201 16
202 24
203 28
204 4
205 6
206 12
207 5
208 29
209 14
210 35
211 1
212 15
213 25
214 2
215 16
216 24
217 5
218 3
219 26
220 20
221 19
222 14
223 32
224 2
225 9
226 5
227 4
228 27
229 22
230 26
231 14
232 25
233 34
234 2
235 19
236 14
237 7
238 31
239 12
240 34
241 14
242 19
243 11
244 18
245 28
246 12
247 26
248 14
249 27
250 4
251 23
252 35
253 27
254 29
255 13
256 18
257 5
258 9
259 27
260 12
261 4
262 10
263 13
264 34
265 22
266 34
267 21
268 18
269 15
270 25
271 27
272 28
273 13
274 7
275 7
276 29
277 20
278 27
279 6
280 29
281 17
282 8
283 23
284 28
285 25
286 2
287 7
288 12
289 12
290 7
291 1
292 12
293 3
294 23
295 12
296 11
297 9
298 26
299 10
300 3
301 14
302 27
303 30
304 26
305 28
306 34
307 34
308 35
309 17
310 2
311 1
312 17
313 19
314 13
315 7
316 26
317 31
318 34
319 10
320 15
321 29
322 27
323 16
324 15
325 11
326 18
327 9
328 31
329 32
330 24
331 20
332 29
333 24
334 3
335 13
336 32
337 5
338 9
339 35
340 5
341 26
342 27
343 22
344 24
345 21
346 16
347 18
348 3
349 20
350 10
351 24
352 33
353 16
354 2
355 16
356 25
357 35
358 12
359 24
360 34
361 33
362 13
363 26
364 10
365 5
366 30
367 19
368 9
369 20
370 7
371 27
372 5
373 27
374 14
375 13
376 34
377 12
378 24
379 5
380 1
381 10
382 23
383 35
384 9
385 1
386 8
387 6
388 29
389 19
390 8
391 12
392 18
393 34
394 32
395 10
396 17
397 19
398 30
399 28
400 10
401 1
402 34
403 19
404 4
405 9
406 9
407 12
408 33
409 1
410 27
411 32
412 3
413 19
414 28
415 9
416 1
417 21
418 16
419 20
420 35
421 5
422 35
423 18
424 9
425 12
426 17
427 31
428 23
429 16
430 32
431 33
432 10
433 34
434 22
435 31
436 3
437 10
438 17
439 6
440 3
441 21
442 15
443 23
444 11
445 18
446 27
447 25
448 33
449 1
450 22
451 21
452 27
453 19
454 16
455 32
456 25
457 31
458 33
459 25
460 14
461 10
462 12
463 4
464 14
465 32
466 14
467 5
468 30
469 16
470 35
471 8
472 35
473 19
474 14
475 6
476 14
477 9
478 35
479 17
480 31
481 34
482 12
483 2
484 15
485 29
486 13
487 11
488 22
489 18
490 17
491 26
492 12
493 26
494 34
495 34
496 32
497 22
498 4
499 22
500 7
501 7
502 18
503 30
504 27
505 9
506 31
507 2
508 9
509 30
510 27
511 27
512 15
513 21
514 25
515 1
516 20
517 33
518 8
519 23
520 17
521 5
522 23
523 30
524 18
525 6
526 28
527 33
528 28
529 3
530 6
531 19
532 27
533 15
534 2
535 2
536 19
537 17
538 35
539 24
540 18
541 9
542 13
543 27
544 26
545 4
546 14
547 19
548 18
549 15
550 30
551 32
552 33
553 34
554 28
555 17
556 31
557 15
558 31
559 6
560 7
561 7
562 3
563 9
564 10
565 17
566 23
567 27
568 27
569 8
570 26
571 12
572 21
573 13
574 35
575 7
576 12
577 5
578 28
579 24
580 3
581 28
582 30
583 22
584 11
585 34
586 33
587 18
588 9
589 29
590 32
591 27
592 1
593 33
594 11
595 29
596 16
597 18
598 26
599 7
600 14
601 17
602 17
603 20
604 29
605 23
606 17
607 18
608 27
609 34
610 26
611 8
612 16
613 12
614 21
615 16
616 11
617 21
618 12
619 32
620 33
621 15
622 10
623 26
624 35
625 23
626 8
627 8
628 6
629 3
630 14
631 24
632 15
633 8
634 33
635 25
636 4
637 8
638 6
639 14
640 3
641 11
642 34
643 30
644 32
645 12
646 17
647 3
648 1
649 13
650 33
651 4
652 7
653 23
654 1
655 7
656 8
657 8
658 27
659 7
660 29
661 24
662 28
663 23
664 33
665 6
666 11
667 35
668 5
669 17
670 17
671 9
672 33
673 23
674 22
675 5
676 29
677 9
678 27
679 13
680 35
681 2
682 16
683 4
684 4
685 1
686 27
687 13
688 33
689 6
690 17
691 15
692 10
693 3
694 2
695 6
696 25
697 3
698 31
699 25
700 15
701 25
702 29
703 3
704 8
705 26
706 4
707 15
708 17
709 13
710 7
711 31
712 6
713 25
714 34
715 28
716 28
717 10
718 33
719 33
720 8
721 13
722 23
723 33
724 26
725 13
726 13
727 30
728 1
729 30
730 26
731 20
732 28
733 3
734 19
735 12
736 6
737 9
738 17
739 35
740 28
741 6
742 35
743 20
744 18
745 20
746 15
747 4
748 1
749 21
750 18
751 6
752 8
753 10
754 11
755 8
756 9
757 16
758 33
759 24
760 16
761 3
762 18
763 9
764 9
765 28
766 22
767 20
768 22
769 18
770 28
771 17
772 28
773 30
774 12
775 11
776 20
777 17
778 10
779 12
780 27
781 24
782 18
783 25
784 18
785 10
786 24
787 26
788 27
789 23
790 11
791 15
792 31
793 7
794 32
795 16
796 1
797 19
798 24
799 35
800 21
