1
40  
1 31
2 1
3 12
4 14
5 19
6 4
7 9
8 18
9 17
10 3
11 32
12 2
13 25
14 18
15 5
16 12
17 15
18 13
19 32
20 12
21 7
22 14
23 7
24 11
25 16
26 3
27 27
28 33
29 26
30 33
31 13
32 28
33 34
34 14
35 6
36 29
37 27
38 20
39 6
40 35
41 25
42 5
43 11
44 15
45 25
46 2
47 8
48 7
49 4
50 2
51 33
52 30
53 30
54 11
55 24
56 23
57 7
58 27
59 14
60 21
61 7
62 7
63 27
64 35
65 31
66 23
67 13
68 7
69 21
70 28
71 34
72 1
73 31
74 22
75 1
76 12
77 10
78 23
79 11
80 27
81 1
82 26
83 6
84 22
85 4
86 11
87 12
88 4
89 20
90 20
91 34
92 22
93 21
94 27
95 14
96 29
97 26
98 19
99 32
100 19
101 22
102 12
103 7
104 14
105 34
106 18
107 5
108 1
109 21
110 5
111 5
112 34
113 20
114 26
115 1
116 26
117 34
118 4
119 30
120 29
121 17
122 23
123 15
124 2
125 1
126 8
127 9
128 4
129 3
130 5
131 17
132 24
133 1
134 27
135 29
136 10
137 4
138 21
139 13
140 15
141 3
142 14
143 17
144 24
145 20
146 26
147 35
148 23
149 6
150 29
151 33
152 19
153 31
154 20
155 28
156 3
157 28
158 5
159 17
160 4
161 4
162 18
163 31
164 12
165 25
166 22
167 6
168 33
169 26
170 7
171 19
172 3
173 12
174 7
175 17
176 34
177 23
178 14
179 30
180 3
181 6
182 35
183 23
184 32
185 7
186 11
187 15
188 4
189 14
190 35
191 7
192 14
193 33
194 8
195 19
196 19
197 27
198 4
199 7
200 17
201 6
202 12
203 27
204 27
205 18
206 20
207 2
208 15
209 34
210 14
211 24
212 13
213 7
214 10
215 27
216 18
217 3
218 7
219 4
220 12
221 29
222 20
223 3
224 29
225 24
226 10
227 22
228 21
229 28
230 19
231 19
232 35
233 28
234 28
235 10
236 29
237 14
238 8
239 22
240 2
241 17
242 16
243 24
244 15
245 33
246 25
247 2
248 35
249 34
250 22
251 30
252 7
253 18
254 12
255 11
256 12
257 6
258 12
259 9
260 14
261 21
262 2
263 13
264 35
265 20
266 4
267 29
268 8
269 13
270 27
271 24
272 3
273 2
274 34
275 3
276 4
277 18
278 6
279 19
280 8
281 17
282 18
283 2
284 25
285 13
286 28
287 18
288 18
289 24
290 5
291 12
292 22
293 8
294 22
295 23
296 11
297 14
298 3
299 12
300 34
301 33
302 5
303 3
304 10
305 34
306 7
307 18
308 20
309 34
310 9
311 15
312 21
313 18
314 33
315 13
316 34
317 3
318 32
319 27
320 8
321 19
322 22
323 30
324 11
325 2
326 29
327 3
328 8
329 9
330 18
331 4
332 5
333 20
334 35
335 15
336 18
337 22
338 27
339 10
340 13
341 15
342 26
343 17
344 19
345 20
346 13
347 5
348 18
349 20
350 17
351 10
352 4
353 22
354 24
355 9
356 34
357 24
358 27
359 30
360 21
361 26
362 6
363 30
364 35
365 33
366 19
367 6
368 16
369 19
370 13
371 29
372 24
373 13
374 9
375 7
376 9
377 31
378 2
379 10
380 5
381 2
382 26
383 7
384 34
385 18
386 8
387 32
388 26
389 12
390 30
391 19
392 27
393 4
394 6
395 16
396 13
397 19
398 24
399 1
400 34
401 21
402 21
403 30
404 4
405 18
406 20
407 3
408 7
409 30
410 35
411 10
412 13
413 19
414 31
415 17
416 13
417 28
418 20
419 35
420 23
421 6
422 17
423 29
424 30
425 13
426 33
427 20
428 6
429 30
430 10
431 10
432 15
433 32
434 11
435 5
436 23
437 35
438 15
439 25
440 21
441 32
442 32
443 35
444 16
445 24
446 23
447 10
448 10
449 20
450 15
451 9
452 17
453 21
454 3
455 23
456 13
457 6
458 31
459 17
460 3
461 25
462 19
463 34
464 28
465 33
466 13
467 34
468 24
469 28
470 13
471 15
472 7
473 20
474 21
475 7
476 16
477 8
478 35
479 29
480 32
481 14
482 8
483 33
484 4
485 32
486 34
487 20
488 30
489 30
490 26
491 16
492 14
493 2
494 2
495 17
496 9
497 31
498 19
499 27
500 4
501 2
502 10
503 35
504 13
505 20
506 32
507 12
508 17
509 30
510 18
511 18
512 21
513 20
514 25
515 2
516 10
517 31
518 34
519 10
520 10
521 24
522 24
523 17
524 2
525 34
526 6
527 14
528 18
529 4
530 35
531 12
532 25
533 13
534 18
535 18
536 12
537 19
538 32
539 25
540 28
541 9
542 10
543 34
544 35
545 4
546 21
547 20
548 34
549 23
550 29
551 11
552 4
553 5
554 17
555 16
556 11
557 7
558 9
559 19
560 2
561 25
562 35
563 29
564 6
565 11
566 16
567 10
568 20
569 3
570 1
571 29
572 18
573 32
574 15
575 14
576 15
577 11
578 29
579 21
580 2
581 26
582 14
583 11
584 3
585 29
586 13
587 17
588 19
589 9
590 35
591 15
592 14
593 30
594 25
595 20
596 26
597 20
598 15
599 1
600 9
601 20
602 2
603 25
604 10
605 3
606 35
607 23
608 14
609 6
610 29
611 29
612 17
613 8
614 20
615 2
616 5
617 5
618 28
619 1
620 29
621 27
622 1
623 18
624 1
625 23
626 14
627 26
628 18
629 35
630 13
631 29
632 27
633 27
634 23
635 18
636 19
637 32
638 21
639 12
640 4
641 17
642 22
643 34
644 10
645 1
646 29
647 19
648 1
649 35
650 2
651 17
652 32
653 12
654 28
655 35
656 22
657 26
658 9
659 24
660 25
661 12
662 29
663 22
664 35
665 32
666 30
667 12
668 10
669 22
670 14
671 31
672 24
673 20
674 35
675 24
676 27
677 29
678 3
679 2
680 33
681 17
682 16
683 13
684 23
685 5
686 13
687 24
688 32
689 1
690 14
691 27
692 12
693 15
694 31
695 2
696 35
697 31
698 20
699 5
700 24
701 9
702 6
703 26
704 11
705 19
706 10
707 22
708 31
709 24
710 32
711 25
712 18
713 6
714 12
715 2
716 28
717 11
718 21
719 4
720 23
721 28
722 22
723 4
724 31
725 3
726 6
727 13
728 26
729 22
730 11
731 26
732 27
733 29
734 12
735 28
736 21
737 5
738 34
739 13
740 33
741 14
742 26
743 2
744 31
745 18
746 13
747 23
748 26
749 2
750 32
751 21
752 13
753 26
754 14
755 8
756 3
757 4
758 33
759 2
760 31
761 26
762 30
763 27
764 32
765 18
766 28
767 13
768 30
769 17
770 10
771 27
772 15
773 6
774 12
775 2
776 6
777 10
778 24
779 13
780 20
781 33
782 5
783 29
784 10
785 29
786 15
787 26
788 31
789 7
790 19
791 10
792 19
793 1
794 23
795 34
796 8
797 28
798 17
799 11
800 24
801 34
802 31
803 9
804 22
805 20
806 26
807 8
808 32
809 15
810 23
811 8
812 29
813 2
814 17
815 9
816 28
817 26
818 19
819 16
820 32
821 22
822 23
823 11
824 19
825 18
826 27
827 2
828 23
829 17
830 9
831 34
832 6
833 15
834 30
835 2
836 2
837 28
838 18
839 30
840 11
841 19
842 33
843 21
844 4
845 19
846 1
847 23
848 13
849 7
850 6
851 25
852 4
853 14
854 26
855 9
856 7
857 30
858 25
859 10
860 3
861 22
862 30
863 26
864 21
865 33
866 3
867 22
868 9
869 29
870 29
871 16
872 27
873 13
874 3
875 25
876 18
877 14
878 27
879 28
880 23
881 16
882 22
883 9
884 19
885 21
886 32
887 10
888 19
889 24
890 14
891 34
892 2
893 10
894 34
895 31
896 21
897 2
898 25
899 35
900 23
901 32
902 22
903 27
904 23
905 30
906 3
907 17
908 4
909 33
910 24
911 21
912 17
913 5
914 35
915 9
916 30
917 28
918 31
919 21
920 11
921 13
922 18
923 17
924 1
925 30
926 16
927 12
928 4
929 17
930 26
931 24
932 16
933 31
934 4
935 24
936 30
937 21
938 18
939 28
940 27
941 6
942 25
943 17
944 5
945 5
946 9
947 27
948 22
949 2
950 17
951 34
952 30
953 13
954 5
955 31
956 19
957 22
958 30
959 29
960 19
961 24
962 20
963 35
964 11
965 18
966 25
967 29
968 5
969 32
970 19
971 32
972 35
973 1
974 16
975 1
976 14
977 19
978 2
979 10
980 25
981 22
982 9
983 21
984 15
985 4
986 12
987 24
988 12
989 34
990 7
991 2
992 2
993 25
994 21
995 12
996 3
997 22
998 22
999 28
1000 26
