1
100  
1 33
2 39
3 20
4 46
5 41
6 13
7 24
8 38
9 20
10 1
11 23
12 26
13 38
14 24
15 20
16 37
17 39
18 28
19 29
20 17
21 46
22 42
23 13
24 35
25 32
26 10
27 24
28 32
29 3
30 3
31 16
32 38
33 29
34 23
35 46
36 24
37 3
38 7
39 14
40 19
41 40
42 45
43 28
44 38
45 1
46 16
47 49
48 5
49 9
50 18
51 18
52 23
53 36
54 34
55 47
56 9
57 25
58 4
59 41
60 5
61 17
62 16
63 21
64 19
65 42
66 42
67 21
68 50
69 20
70 41
71 48
72 44
73 31
74 43
75 38
76 28
77 29
78 47
79 42
80 46
81 35
82 16
83 21
84 1
85 27
86 8
87 50
88 42
89 46
90 27
91 42
92 33
93 20
94 50
95 21
96 22
97 30
98 13
99 9
100 32
101 22
102 4
103 25
104 36
105 47
106 20
107 30
108 5
109 4
110 25
111 47
112 3
113 20
114 33
115 11
116 7
117 48
118 8
119 41
120 26
121 38
122 38
123 47
124 11
125 42
126 25
127 5
128 38
129 43
130 26
131 20
132 36
133 12
134 12
135 41
136 18
137 44
138 3
139 10
140 4
141 47
142 3
143 44
144 8
145 18
146 26
147 8
148 5
149 22
150 21
151 9
152 11
153 36
154 29
155 46
156 6
157 10
158 36
159 24
160 34
161 19
162 24
163 39
164 45
165 1
166 17
167 41
168 34
169 17
170 37
171 24
172 24
173 10
174 19
175 21
176 19
177 2
178 28
179 28
180 28
181 6
182 17
183 15
184 44
185 23
186 12
187 29
188 25
189 6
190 1
191 14
192 33
193 25
194 7
195 11
196 37
197 19
198 28
199 37
200 14
201 26
202 3
203 32
204 25
205 2
206 26
207 42
208 22
209 5
210 11
211 28
212 39
213 15
214 39
215 38
216 46
217 48
218 9
219 37
220 11
221 14
222 8
223 4
224 45
225 11
226 32
227 7
228 25
229 21
230 5
231 24
232 35
233 4
234 3
235 8
236 22
237 6
238 17
239 15
240 25
241 26
242 1
243 22
244 48
245 25
246 7
247 22
248 44
249 36
250 25
251 5
252 29
253 12
254 33
255 5
256 2
257 31
258 24
259 27
260 45
261 27
262 30
263 48
264 29
265 25
266 8
267 15
268 13
269 41
270 14
271 7
272 19
273 43
274 4
275 42
276 46
277 10
278 9
279 30
280 39
281 42
282 21
283 4
284 27
285 9
286 4
287 7
288 3
289 36
290 47
291 48
292 15
293 16
294 5
295 30
296 34
297 16
298 47
299 20
300 8
301 17
302 15
303 44
304 19
305 47
306 41
307 19
308 33
309 33
310 7
311 44
312 44
313 3
314 4
315 34
316 26
317 44
318 34
319 49
320 18
321 19
322 4
323 25
324 42
325 16
326 35
327 37
328 29
329 46
330 2
331 12
332 3
333 47
334 36
335 42
336 10
337 42
338 5
339 28
340 42
341 23
342 11
343 1
344 24
345 15
346 44
347 11
348 8
349 17
350 7
351 40
352 45
353 28
354 12
355 48
356 5
357 14
358 1
359 17
360 5
361 39
362 50
363 46
364 9
365 27
366 22
367 43
368 2
369 42
370 5
371 3
372 5
373 43
374 8
375 27
376 28
377 43
378 5
379 11
380 43
381 37
382 26
383 47
384 49
385 1
386 21
387 21
388 1
389 41
390 44
391 11
392 26
393 9
394 32
395 2
396 21
397 19
398 2
399 19
400 48
