1
1000  
1 340
2 230
3 363
4 228
5 292
6 270
7 351
8 126
9 127
10 249
11 386
12 169
13 342
14 371
15 334
16 103
17 119
18 255
19 169
20 347
21 322
22 172
23 130
24 235
25 201
26 118
27 263
28 183
29 288
30 234
31 240
32 170
33 107
34 320
35 329
36 244
37 219
38 393
39 297
40 120
41 239
42 107
43 215
44 372
45 320
46 349
47 305
48 115
49 131
50 368
51 176
52 260
53 301
54 400
55 266
56 176
57 110
58 155
59 287
60 254
61 172
62 317
63 263
64 389
65 188
66 230
67 122
68 208
69 240
70 112
71 160
72 308
73 378
74 318
75 296
76 200
77 152
78 380
79 219
80 334
81 242
82 361
83 352
84 232
85 222
86 208
87 251
88 297
89 350
90 111
91 104
92 232
93 252
94 112
95 159
96 223
97 387
98 155
99 125
100 339
101 343
102 214
103 200
104 395
105 126
106 114
107 314
108 398
109 152
110 101
111 177
112 294
113 232
114 294
115 250
116 191
117 320
118 202
119 150
120 105
121 371
122 332
123 109
124 254
125 111
126 315
127 354
128 214
129 242
130 363
131 234
132 231
133 369
134 151
135 153
136 385
137 109
138 191
139 327
140 232
141 393
142 133
143 116
144 179
145 176
146 390
147 274
148 237
149 167
150 204
151 282
152 178
153 167
154 120
155 161
156 116
157 144
158 275
159 358
160 260
161 262
162 389
163 396
164 167
165 192
166 372
167 332
168 319
169 183
170 129
171 382
172 377
173 175
174 375
175 101
176 162
177 190
178 254
179 227
180 318
181 250
182 105
183 232
184 148
185 225
186 328
187 194
188 131
189 153
190 162
191 202
192 239
193 141
194 352
195 371
196 100
197 205
198 178
199 270
200 147
