1
1000  
1 177
2 72
3 181
4 123
5 55
6 94
7 62
8 107
9 184
10 85
11 101
12 154
13 118
14 126
15 101
16 79
17 79
18 120
19 50
20 157
21 198
22 129
23 51
24 58
25 174
26 148
27 136
28 71
29 122
30 196
31 67
32 108
33 175
34 124
35 68
36 90
37 157
38 102
39 59
40 155
41 142
42 139
43 128
44 154
45 148
46 83
47 165
48 184
49 61
50 102
51 192
52 62
53 84
54 161
55 53
56 124
57 62
58 122
59 165
60 79
61 126
62 50
63 115
64 186
65 168
66 142
67 102
68 118
69 97
70 73
71 69
72 157
73 69
74 56
75 142
76 90
77 107
78 132
79 141
80 181
81 192
82 188
83 104
84 184
85 153
86 88
87 76
88 144
89 183
90 183
91 80
92 142
93 66
94 153
95 131
96 179
97 93
98 174
99 140
100 160
101 122
102 194
103 104
104 173
105 76
106 88
107 143
108 82
109 73
110 52
111 128
112 63
113 96
114 168
115 133
116 61
117 137
118 114
119 133
120 172
121 109
122 98
123 163
124 99
125 190
126 50
127 150
128 117
129 174
130 54
131 127
132 177
133 172
134 145
135 194
136 61
137 118
138 70
139 153
140 108
141 123
142 143
143 108
144 149
145 193
146 101
147 163
148 84
149 185
150 64
151 78
152 66
153 103
154 172
155 54
156 96
157 140
158 140
159 78
160 198
161 78
162 120
163 126
164 56
165 53
166 162
167 174
168 164
169 197
170 106
171 141
172 166
173 95
174 127
175 134
176 153
177 56
178 161
179 133
180 52
181 196
182 94
183 166
184 157
185 88
186 149
187 112
188 192
189 184
190 52
191 178
192 160
193 104
194 154
195 165
196 141
197 59
198 190
199 164
200 122
