1
1000  
1 721
2 278
3 604
4 200
5 524
6 602
7 403
8 707
9 260
10 205
11 655
12 429
13 661
14 368
15 610
16 541
17 502
18 475
19 757
20 487
21 595
22 773
23 565
24 772
25 541
26 548
27 238
28 663
29 497
30 648
31 406
32 738
33 460
34 508
35 753
36 385
37 316
38 346
39 604
40 481
41 230
42 318
43 348
44 572
45 239
46 543
47 632
48 516
49 530
50 483
51 309
52 453
53 329
54 656
55 576
56 485
57 566
58 406
59 272
60 371
61 288
62 793
63 371
64 669
65 624
66 304
67 347
68 544
69 247
70 581
71 351
72 270
73 641
74 519
75 289
76 334
77 735
78 584
79 602
80 788
81 529
82 728
83 512
84 592
85 351
86 510
87 297
88 332
89 494
90 696
91 506
92 264
93 289
94 750
95 346
96 226
97 685
98 464
99 271
100 645
