1
1000  
1 45
2 64
3 66
4 83
5 45
6 98
7 40
8 95
9 45
10 97
11 71
12 59
13 59
14 42
15 31
16 51
17 74
18 54
19 97
20 60
21 62
22 46
23 38
24 59
25 78
26 57
27 26
28 29
29 78
30 99
31 68
32 89
33 44
34 29
35 36
36 73
37 78
38 79
39 92
40 91
41 57
42 94
43 83
44 42
45 30
46 83
47 57
48 38
49 49
50 79
51 91
52 61
53 62
54 92
55 55
56 78
57 78
58 80
59 91
60 75
61 30
62 96
63 58
64 94
65 75
66 31
67 88
68 82
69 60
70 71
71 34
72 86
73 89
74 59
75 98
76 74
77 42
78 64
79 66
80 82
81 65
82 49
83 63
84 29
85 84
86 51
87 90
88 80
89 47
90 79
91 36
92 54
93 39
94 98
95 66
96 50
97 25
98 32
99 65
100 32
101 41
102 47
103 29
104 87
105 38
106 64
107 37
108 52
109 52
110 59
111 65
112 42
113 82
114 65
115 30
116 86
117 56
118 77
119 79
120 50
121 95
122 83
123 52
124 98
125 56
126 37
127 59
128 89
129 80
130 58
131 83
132 85
133 39
134 46
135 47
136 74
137 96
138 51
139 45
140 71
141 97
142 95
143 33
144 25
145 69
146 81
147 62
148 77
149 65
150 99
151 39
152 32
153 27
154 34
155 92
156 55
157 44
158 54
159 66
160 30
161 33
162 65
163 82
164 45
165 55
166 47
167 96
168 56
169 31
170 73
171 33
172 45
173 92
174 61
175 49
176 85
177 100
178 68
179 85
180 78
181 74
182 53
183 57
184 30
185 99
186 38
187 52
188 64
189 56
190 64
191 51
192 76
193 27
194 27
195 94
196 68
197 99
198 29
199 55
200 33
201 25
202 29
203 53
204 26
205 66
206 63
207 70
208 71
209 92
210 60
211 41
212 91
213 92
214 28
215 74
216 96
217 68
218 76
219 57
220 57
221 96
222 51
223 76
224 97
225 95
226 46
227 85
228 76
229 69
230 78
231 45
232 83
233 96
234 76
235 87
236 48
237 56
238 88
239 52
240 79
241 94
242 39
243 55
244 70
245 97
246 75
247 67
248 71
249 93
250 46
251 34
252 73
253 49
254 37
255 91
256 29
257 50
258 29
259 28
260 74
261 96
262 48
263 76
264 91
265 51
266 58
267 53
268 33
269 46
270 60
271 65
272 85
273 62
274 78
275 91
276 76
277 95
278 75
279 42
280 65
281 86
282 97
283 67
284 56
285 72
286 39
287 39
288 65
289 83
290 84
291 63
292 99
293 81
294 97
295 87
296 92
297 62
298 62
299 36
300 70
301 39
302 49
303 54
304 61
305 64
306 89
307 55
308 48
309 74
310 58
311 35
312 50
313 59
314 73
315 49
316 69
317 25
318 42
319 59
320 93
321 81
322 87
323 92
324 63
325 32
326 65
327 76
328 92
329 27
330 67
331 81
332 54
333 52
334 31
335 92
336 62
337 93
338 78
339 37
340 34
341 90
342 84
343 52
344 53
345 72
346 41
347 84
348 45
349 80
350 96
351 75
352 87
353 73
354 55
355 52
356 30
357 60
358 93
359 48
360 81
361 88
362 61
363 79
364 74
365 41
366 42
367 75
368 98
369 78
370 48
371 62
372 77
373 76
374 62
375 61
376 85
377 42
378 51
379 46
380 77
381 76
382 95
383 25
384 98
385 62
386 67
387 88
388 81
389 60
390 47
391 100
392 56
393 58
394 90
395 38
396 74
397 84
398 90
399 72
400 70
401 74
402 59
403 29
404 82
405 55
406 59
407 44
408 89
409 91
410 48
411 71
412 49
413 27
414 95
415 34
416 75
417 59
418 38
419 90
420 69
421 82
422 91
423 34
424 75
425 56
426 70
427 67
428 89
429 59
430 97
431 80
432 87
433 95
434 66
435 34
436 72
437 82
438 62
439 57
440 44
441 55
442 39
443 46
444 28
445 30
446 79
447 77
448 47
449 39
450 43
451 51
452 43
453 100
454 65
455 57
456 84
457 73
458 28
459 30
460 70
461 40
462 34
463 47
464 85
465 95
466 83
467 35
468 50
469 44
470 57
471 65
472 27
473 54
474 88
475 86
476 37
477 61
478 44
479 85
480 78
481 97
482 82
483 90
484 61
485 28
486 60
487 85
488 70
489 31
490 82
491 31
492 46
493 27
494 88
495 70
496 33
497 89
498 40
499 87
500 51
501 51
502 57
503 67
504 49
505 44
506 32
507 81
508 72
509 73
510 93
511 54
512 44
513 70
514 68
515 38
516 32
517 36
518 65
519 92
520 59
521 87
522 65
523 43
524 87
525 38
526 81
527 54
528 99
529 99
530 26
531 32
532 55
533 55
534 77
535 33
536 45
537 75
538 77
539 97
540 83
541 74
542 67
543 66
544 64
545 58
546 95
547 25
548 79
549 58
550 55
551 46
552 32
553 40
554 55
555 56
556 97
557 54
558 85
559 91
560 60
561 38
562 39
563 34
564 50
565 44
566 54
567 76
568 54
569 85
570 85
571 64
572 92
573 77
574 76
575 85
576 72
577 36
578 38
579 66
580 98
581 72
582 85
583 96
584 77
585 77
586 84
587 89
588 81
589 55
590 95
591 98
592 35
593 67
594 67
595 57
596 28
597 66
598 97
599 79
600 94
601 79
602 42
603 96
604 100
605 35
606 49
607 85
608 43
609 88
610 75
611 52
612 98
613 33
614 88
615 47
616 77
617 73
618 70
619 49
620 97
621 36
622 33
623 33
624 81
625 38
626 57
627 25
628 49
629 72
630 36
631 55
632 48
633 96
634 91
635 33
636 82
637 31
638 65
639 97
640 98
641 33
642 32
643 76
644 66
645 31
646 90
647 37
648 50
649 47
650 51
651 89
652 78
653 57
654 54
655 30
656 78
657 29
658 90
659 34
660 90
661 76
662 45
663 35
664 65
665 46
666 98
667 99
668 92
669 76
670 78
671 66
672 48
673 70
674 84
675 79
676 31
677 60
678 77
679 53
680 36
681 79
682 52
683 78
684 25
685 73
686 55
687 53
688 94
689 36
690 27
691 44
692 54
693 40
694 71
695 86
696 96
697 76
698 37
699 87
700 76
701 70
702 37
703 97
704 39
705 53
706 86
707 57
708 70
709 83
710 36
711 99
712 94
713 41
714 76
715 34
716 84
717 84
718 82
719 40
720 36
721 60
722 100
723 49
724 89
725 97
726 39
727 70
728 30
729 31
730 73
731 66
732 95
733 81
734 42
735 84
736 87
737 68
738 94
739 95
740 55
741 77
742 49
743 36
744 61
745 80
746 98
747 78
748 50
749 74
750 98
751 85
752 73
753 39
754 88
755 35
756 31
757 65
758 96
759 97
760 99
761 47
762 68
763 79
764 46
765 97
766 61
767 93
768 28
769 88
770 74
771 77
772 75
773 55
774 44
775 70
776 74
777 49
778 90
779 62
780 98
781 44
782 50
783 55
784 45
785 56
786 43
787 84
788 86
789 41
790 68
791 57
792 97
793 67
794 80
795 28
796 63
797 31
798 35
799 65
800 40
801 30
802 33
803 28
804 93
805 93
806 76
807 64
808 80
809 42
810 56
811 75
812 42
813 73
814 25
815 29
816 81
817 35
818 84
819 60
820 43
821 61
822 28
823 84
824 31
825 60
826 33
827 39
828 39
829 34
830 75
831 36
832 67
833 43
834 62
835 59
836 95
837 41
838 45
839 62
840 37
841 84
842 74
843 99
844 28
845 72
846 74
847 45
848 63
849 49
850 64
851 34
852 69
853 94
854 62
855 64
856 64
857 34
858 37
859 56
860 94
861 87
862 92
863 49
864 31
865 38
866 72
867 36
868 81
869 49
870 79
871 34
872 28
873 70
874 96
875 55
876 60
877 65
878 27
879 29
880 67
881 76
882 80
883 76
884 94
885 45
886 39
887 68
888 94
889 41
890 39
891 54
892 93
893 25
894 66
895 74
896 46
897 77
898 44
899 87
900 34
901 62
902 62
903 62
904 67
905 55
906 91
907 92
908 34
909 84
910 56
911 72
912 39
913 100
914 48
915 60
916 75
917 67
918 91
919 70
920 88
921 92
922 39
923 66
924 26
925 60
926 51
927 43
928 57
929 62
930 100
931 27
932 30
933 49
934 49
935 62
936 28
937 54
938 26
939 32
940 76
941 80
942 27
943 42
944 96
945 36
946 77
947 36
948 37
949 73
950 52
951 86
952 97
953 80
954 74
955 86
956 47
957 79
958 29
959 61
960 35
961 69
962 63
963 49
964 33
965 85
966 48
967 89
968 77
969 57
970 79
971 58
972 42
973 71
974 37
975 32
976 33
977 34
978 37
979 32
980 37
981 100
982 73
983 84
984 95
985 31
986 44
987 59
988 84
989 46
990 98
991 39
992 90
993 78
994 27
995 48
996 57
997 46
998 34
999 57
1000 83
