1
10  
1 9
2 7
3 4
4 2
5 5
6 9
7 2
8 4
9 2
10 7
11 3
12 1
13 3
14 10
15 1
16 7
17 8
18 10
19 8
20 3
21 1
22 4
23 7
24 7
25 9
26 9
27 1
28 4
29 6
30 3
31 2
32 2
33 10
34 7
35 1
36 10
37 3
38 1
39 6
40 2
41 10
42 1
43 7
44 9
45 5
46 7
47 8
48 7
49 10
50 6
51 9
52 10
53 1
54 4
55 1
56 3
57 2
58 1
59 10
60 3
61 9
62 3
63 9
64 10
65 4
66 2
67 4
68 7
69 4
70 7
71 1
72 2
73 4
74 4
75 6
76 5
77 8
78 9
79 9
80 1
81 9
82 4
83 10
84 6
85 6
86 4
87 1
88 2
89 4
90 4
91 8
92 1
93 4
94 5
95 4
96 1
97 6
98 3
99 10
100 1
101 9
102 3
103 1
104 8
105 1
106 3
107 3
108 2
109 4
110 3
111 4
112 6
113 6
114 2
115 7
116 9
117 4
118 7
119 8
120 8
121 9
122 6
123 3
124 7
125 1
126 8
127 10
128 10
129 8
130 4
131 3
132 10
133 2
134 6
135 2
136 8
137 5
138 1
139 3
140 9
141 1
142 9
143 9
144 3
145 2
146 8
147 10
148 5
149 2
150 4
151 7
152 2
153 1
154 5
155 7
156 2
157 6
158 7
159 5
160 9
161 7
162 5
163 8
164 9
165 6
166 10
167 4
168 2
169 10
170 7
171 1
172 2
173 6
174 1
175 6
176 6
177 7
178 8
179 3
180 9
181 2
182 1
183 8
184 3
185 5
186 5
187 1
188 5
189 5
190 4
191 10
192 10
193 4
194 2
195 3
196 7
197 9
198 6
199 9
200 9
201 5
202 8
203 10
204 10
205 10
206 9
207 6
208 5
209 4
210 4
211 6
212 2
213 10
214 10
215 5
216 9
217 3
218 6
219 7
220 5
221 5
222 6
223 10
224 4
225 1
226 9
227 10
228 6
229 3
230 8
231 9
232 4
233 3
234 8
235 8
236 9
237 8
238 4
239 10
240 6
241 10
242 10
243 10
244 3
245 4
246 4
247 1
248 8
249 9
250 3
251 10
252 6
253 8
254 6
255 7
256 6
257 1
258 7
259 10
260 4
261 10
262 4
263 10
264 1
265 8
266 10
267 1
268 1
269 4
270 1
271 1
272 10
273 7
274 9
275 1
276 2
277 7
278 5
279 7
280 9
281 7
282 8
283 5
284 7
285 7
286 4
287 8
288 1
289 2
290 10
291 8
292 2
293 1
294 2
295 4
296 9
297 3
298 6
299 1
300 6
301 8
302 10
303 9
304 4
305 7
306 7
307 2
308 5
309 7
310 6
311 9
312 2
313 1
314 8
315 1
316 4
317 10
318 3
319 2
320 7
321 8
322 6
323 7
324 5
325 3
326 9
327 10
328 3
329 4
330 5
331 1
332 3
333 1
334 1
335 3
336 6
337 5
338 7
339 5
340 7
341 10
342 5
343 7
344 5
345 4
346 4
347 4
348 1
349 10
350 8
351 6
352 2
353 10
354 10
355 9
356 4
357 3
358 9
359 6
360 4
361 9
362 9
363 5
364 10
365 7
366 5
367 6
368 3
369 3
370 7
371 6
372 7
373 2
374 2
375 7
376 1
377 5
378 1
379 9
380 1
381 5
382 7
383 7
384 9
385 5
386 8
387 4
388 3
389 1
390 9
391 1
392 9
393 10
394 10
395 4
396 6
397 6
398 9
399 8
400 9
401 6
402 7
403 6
404 8
405 8
406 7
407 8
408 6
409 4
410 10
411 5
412 4
413 8
414 1
415 2
416 3
417 5
418 7
419 1
420 6
421 2
422 2
423 2
424 9
425 5
426 8
427 9
428 5
429 3
430 7
431 2
432 4
433 10
434 9
435 9
436 9
437 10
438 6
439 9
440 1
441 4
442 7
443 7
444 1
445 2
446 3
447 8
448 7
449 3
450 7
451 8
452 3
453 4
454 1
455 8
456 10
457 1
458 7
459 9
460 7
461 8
462 6
463 4
464 6
465 9
466 1
467 6
468 7
469 7
470 10
471 7
472 4
473 5
474 1
475 1
476 6
477 4
478 8
479 7
480 2
481 9
482 3
483 10
484 4
485 6
486 1
487 2
488 10
489 2
490 2
491 5
492 10
493 3
494 4
495 6
496 6
497 8
498 10
499 10
500 7
501 8
502 6
503 10
504 7
505 4
506 6
507 10
508 7
509 1
510 1
511 4
512 8
513 6
514 9
515 2
516 4
517 2
518 8
519 9
520 5
521 7
522 8
523 8
524 9
525 1
526 2
527 4
528 3
529 7
530 5
531 4
532 6
533 7
534 1
535 9
536 8
537 7
538 4
539 1
540 7
541 7
542 9
543 5
544 4
545 4
546 2
547 6
548 1
549 10
550 5
551 9
552 3
553 10
554 1
555 9
556 7
557 6
558 3
559 10
560 4
561 7
562 2
563 3
564 10
565 9
566 10
567 7
568 4
569 10
570 1
571 3
572 5
573 6
574 7
575 4
576 2
577 6
578 8
579 10
580 7
581 4
582 8
583 2
584 3
585 3
586 10
587 6
588 5
589 9
590 10
591 6
592 5
593 8
594 10
595 9
596 5
597 7
598 3
599 8
600 10
601 3
602 5
603 2
604 6
605 3
606 10
607 1
608 5
609 2
610 8
611 6
612 8
613 5
614 9
615 2
616 8
617 9
618 1
619 1
620 8
621 5
622 8
623 6
624 3
625 7
626 4
627 8
628 2
629 3
630 9
631 10
632 4
633 8
634 3
635 4
636 8
637 4
638 3
639 3
640 9
641 5
642 6
643 6
644 3
645 3
646 6
647 1
648 8
649 7
650 1
651 3
652 4
653 6
654 7
655 3
656 7
657 5
658 7
659 8
660 5
661 10
662 6
663 8
664 3
665 5
666 2
667 6
668 7
669 9
670 9
671 8
672 4
673 9
674 6
675 8
676 5
677 8
678 5
679 3
680 8
681 8
682 10
683 2
684 2
685 10
686 2
687 6
688 2
689 1
690 3
691 5
692 5
693 6
694 3
695 3
696 5
697 7
698 10
699 10
700 3
701 4
702 6
703 3
704 9
705 8
706 4
707 10
708 8
709 6
710 6
711 8
712 6
713 8
714 6
715 2
716 4
717 10
718 4
719 6
720 5
721 5
722 6
723 10
724 4
725 6
726 7
727 5
728 10
729 3
730 8
731 6
732 6
733 1
734 9
735 5
736 3
737 5
738 8
739 3
740 8
741 8
742 8
743 5
744 1
745 4
746 2
747 4
748 1
749 7
750 10
751 9
752 9
753 4
754 6
755 6
756 9
757 4
758 8
759 7
760 7
761 4
762 3
763 8
764 8
765 8
766 6
767 6
768 6
769 2
770 5
771 6
772 2
773 8
774 6
775 5
776 7
777 7
778 1
779 2
780 4
781 10
782 9
783 5
784 1
785 6
786 2
787 1
788 8
789 4
790 10
791 9
792 5
793 8
794 9
795 4
796 6
797 1
798 9
799 1
800 3
