1
1000  
1 275
2 220
3 239
4 119
5 315
6 310
7 373
8 332
9 227
10 273
11 392
12 202
13 294
14 344
15 352
16 204
17 385
18 274
19 171
20 118
21 199
22 284
23 284
24 387
25 244
26 159
27 194
28 177
29 185
30 286
31 175
32 270
33 217
34 123
35 244
36 166
37 325
38 186
39 245
40 362
41 112
42 147
43 384
44 326
45 206
46 179
47 317
48 300
49 184
50 349
51 199
52 311
53 178
54 375
55 239
56 131
57 301
58 365
59 349
60 283
61 174
62 246
63 267
64 187
65 127
66 336
67 389
68 139
69 134
70 161
71 146
72 262
73 243
74 364
75 373
76 333
77 149
78 282
79 224
80 239
81 195
82 367
83 232
84 326
85 256
86 389
87 120
88 386
89 394
90 116
91 341
92 128
93 394
94 163
95 255
96 124
97 107
98 106
99 262
100 320
