1
1000  
1 620
2 539
3 368
4 289
5 537
6 428
7 756
8 448
9 554
10 601
11 386
12 623
13 664
14 670
15 462
16 459
17 213
18 379
19 729
20 768
21 268
22 758
23 384
24 750
25 553
26 327
27 590
28 218
29 630
30 651
31 403
32 408
33 208
34 378
35 578
36 776
37 656
38 679
39 722
40 285
41 291
42 334
43 349
44 231
45 587
46 664
47 709
48 612
49 413
50 494
51 452
52 522
53 664
54 472
55 342
56 202
57 440
58 269
59 417
60 415
61 470
62 535
63 298
64 302
65 433
66 230
67 659
68 723
69 561
70 646
71 325
72 707
73 297
74 709
75 255
76 751
77 675
78 452
79 579
80 454
81 647
82 399
83 677
84 490
85 696
86 774
87 753
88 364
89 306
90 673
91 604
92 322
93 350
94 617
95 599
96 435
97 471
98 292
99 364
100 714
101 377
102 424
103 595
104 569
105 566
106 747
107 421
108 765
109 540
110 677
111 795
112 716
113 604
114 698
115 574
116 570
117 558
118 515
119 627
120 552
121 629
122 791
123 540
124 500
125 356
126 631
127 235
128 312
129 219
130 454
131 433
132 740
133 561
134 358
135 420
136 315
137 436
138 511
139 726
140 567
141 455
142 724
143 363
144 250
145 677
146 700
147 752
148 212
149 734
150 273
151 511
152 740
153 626
154 678
155 678
156 659
157 294
158 527
159 504
160 728
161 778
162 451
163 303
164 237
165 614
166 243
167 245
168 774
169 486
170 536
171 792
172 287
173 301
174 716
175 777
176 292
177 369
178 734
179 799
180 722
181 368
182 409
183 619
184 753
185 333
186 289
187 713
188 663
189 748
190 383
191 703
192 280
193 409
194 421
195 782
196 314
197 361
198 497
199 438
200 232
