1
10  
1 2
2 9
3 9
4 7
5 1
6 2
7 9
8 6
9 3
10 4
11 9
12 2
13 2
14 7
15 1
16 3
17 1
18 6
19 3
20 5
21 5
22 3
23 5
24 2
25 9
26 1
27 1
28 7
29 1
30 10
31 3
32 5
33 7
34 7
35 5
36 2
37 8
38 10
39 7
40 6
41 7
42 6
43 7
44 1
45 6
46 6
47 7
48 1
49 5
50 5
51 10
52 4
53 7
54 1
55 7
56 7
57 6
58 2
59 2
60 5
61 2
62 1
63 10
64 10
65 5
66 1
67 2
68 3
69 9
70 3
71 4
72 9
73 8
74 2
75 8
76 3
77 6
78 7
79 3
80 10
81 3
82 2
83 7
84 7
85 8
86 9
87 7
88 7
89 10
90 9
91 6
92 1
93 3
94 9
95 5
96 10
97 9
98 3
99 8
100 2
101 3
102 8
103 7
104 2
105 8
106 8
107 8
108 8
109 6
110 9
111 9
112 3
113 10
114 10
115 1
116 10
117 2
118 8
119 6
120 6
121 4
122 2
123 1
124 8
125 1
126 10
127 2
128 8
129 9
130 10
131 3
132 7
133 1
134 2
135 9
136 3
137 9
138 9
139 3
140 8
141 3
142 3
143 5
144 2
145 1
146 6
147 2
148 4
149 8
150 1
151 6
152 10
153 3
154 9
155 10
156 10
157 7
158 8
159 9
160 7
161 2
162 5
163 9
164 6
165 10
166 8
167 5
168 9
169 10
170 9
171 10
172 4
173 5
174 4
175 1
176 3
177 1
178 6
179 2
180 7
181 10
182 3
183 4
184 1
185 4
186 4
187 4
188 6
189 1
190 4
191 10
192 6
193 4
194 9
195 9
196 8
197 9
198 8
199 3
200 7
201 10
202 5
203 3
204 10
205 1
206 3
207 4
208 9
209 1
210 10
211 9
212 9
213 8
214 10
215 3
216 8
217 9
218 9
219 2
220 9
221 6
222 9
223 8
224 3
225 9
226 8
227 5
228 2
229 7
230 5
231 3
232 8
233 6
234 7
235 8
236 2
237 10
238 8
239 9
240 3
241 2
242 10
243 2
244 6
245 6
246 1
247 9
248 2
249 8
250 2
251 1
252 2
253 6
254 1
255 8
256 9
257 6
258 8
259 9
260 10
261 7
262 3
263 10
264 5
265 10
266 3
267 1
268 3
269 8
270 9
271 8
272 4
273 4
274 4
275 10
276 1
277 3
278 5
279 10
280 6
281 3
282 3
283 1
284 4
285 4
286 4
287 5
288 6
289 8
290 6
291 3
292 10
293 4
294 1
295 4
296 3
297 2
298 2
299 3
300 3
301 3
302 7
303 1
304 6
305 6
306 4
307 2
308 6
309 5
310 4
311 6
312 2
313 7
314 8
315 1
316 5
317 2
318 7
319 7
320 6
321 7
322 9
323 1
324 5
325 4
326 9
327 4
328 6
329 2
330 7
331 5
332 10
333 1
334 6
335 7
336 6
337 2
338 1
339 4
340 7
341 9
342 6
343 1
344 2
345 6
346 3
347 5
348 8
349 10
350 1
351 6
352 4
353 6
354 8
355 10
356 8
357 5
358 3
359 1
360 3
361 10
362 1
363 8
364 9
365 9
366 5
367 9
368 10
369 5
370 8
371 9
372 2
373 6
374 3
375 9
376 5
377 7
378 2
379 4
380 7
381 10
382 1
383 5
384 1
385 10
386 4
387 3
388 7
389 7
390 9
391 3
392 5
393 8
394 5
395 2
396 7
397 3
398 5
399 7
400 7
401 5
402 9
403 8
404 6
405 10
406 2
407 3
408 9
409 2
410 8
411 6
412 1
413 6
414 5
415 6
416 4
417 5
418 4
419 6
420 6
421 8
422 1
423 2
424 6
425 3
426 6
427 8
428 7
429 7
430 4
431 4
432 9
433 3
434 10
435 6
436 6
437 1
438 1
439 2
440 9
441 10
442 3
443 8
444 7
445 9
446 1
447 7
448 6
449 5
450 7
451 2
452 10
453 3
454 5
455 8
456 3
457 10
458 7
459 1
460 8
461 1
462 9
463 10
464 1
465 9
466 9
467 4
468 5
469 2
470 9
471 1
472 9
473 6
474 5
475 7
476 7
477 9
478 4
479 4
480 8
481 5
482 9
483 8
484 1
485 3
486 2
487 1
488 5
489 4
490 7
491 7
492 3
493 6
494 4
495 2
496 5
497 6
498 4
499 2
500 3
501 8
502 2
503 9
504 2
505 8
506 6
507 2
508 5
509 4
510 5
511 1
512 10
513 9
514 1
515 3
516 6
517 3
518 3
519 2
520 3
521 1
522 1
523 7
524 6
525 5
526 5
527 10
528 6
529 9
530 5
531 5
532 9
533 7
534 5
535 8
536 1
537 1
538 7
539 8
540 5
541 10
542 7
543 10
544 10
545 4
546 4
547 5
548 8
549 4
550 2
551 2
552 10
553 3
554 2
555 2
556 1
557 10
558 3
559 2
560 7
561 5
562 2
563 1
564 2
565 5
566 5
567 3
568 10
569 4
570 10
571 9
572 3
573 2
574 6
575 4
576 6
577 5
578 8
579 4
580 5
581 10
582 8
583 6
584 5
585 9
586 10
587 9
588 5
589 4
590 5
591 4
592 8
593 5
594 10
595 2
596 7
597 4
598 9
599 5
600 6
601 2
602 5
603 6
604 9
605 6
606 1
607 5
608 10
609 7
610 3
611 2
612 3
613 4
614 1
615 9
616 5
617 9
618 10
619 4
620 2
621 10
622 3
623 6
624 1
625 3
626 9
627 8
628 10
629 5
630 9
631 6
632 2
633 1
634 3
635 2
636 3
637 4
638 5
639 9
640 6
641 2
642 2
643 2
644 9
645 7
646 6
647 5
648 7
649 7
650 10
651 8
652 4
653 4
654 9
655 5
656 1
657 10
658 9
659 1
660 9
661 8
662 3
663 10
664 6
665 5
666 4
667 6
668 10
669 4
670 7
671 3
672 5
673 9
674 5
675 2
676 2
677 3
678 3
679 3
680 6
681 6
682 8
683 5
684 10
685 10
686 7
687 4
688 2
689 4
690 8
691 5
692 2
693 3
694 10
695 4
696 9
697 6
698 1
699 7
700 6
701 8
702 3
703 5
704 9
705 2
706 5
707 2
708 9
709 1
710 10
711 7
712 7
713 7
714 7
715 9
716 5
717 5
718 1
719 1
720 1
721 7
722 1
723 10
724 8
725 10
726 8
727 1
728 4
729 3
730 4
731 1
732 10
733 7
734 1
735 3
736 9
737 1
738 6
739 1
740 6
741 4
742 7
743 1
744 8
745 2
746 1
747 3
748 1
749 2
750 3
751 9
752 5
753 6
754 5
755 2
756 9
757 8
758 4
759 3
760 9
761 6
762 10
763 1
764 8
765 1
766 2
767 9
768 8
769 6
770 4
771 8
772 4
773 9
774 3
775 8
776 2
777 2
778 2
779 3
780 5
781 5
782 2
783 6
784 3
785 5
786 9
787 2
788 8
789 10
790 2
791 5
792 5
793 1
794 8
795 7
796 5
797 5
798 1
799 9
800 5
