1
1000  
1 183
2 88
3 124
4 195
5 58
6 197
7 147
8 118
9 126
10 161
11 65
12 134
13 147
14 84
15 181
16 122
17 182
18 145
19 63
20 57
21 112
22 80
23 195
24 68
25 110
26 114
27 159
28 63
29 199
30 119
31 154
32 87
33 115
34 94
35 150
36 98
37 81
38 54
39 94
40 123
41 148
42 93
43 169
44 161
45 172
46 137
47 81
48 69
49 174
50 164
51 65
52 88
53 147
54 124
55 116
56 154
57 121
58 167
59 140
60 52
61 121
62 134
63 136
64 148
65 120
66 66
67 83
68 169
69 50
70 135
71 118
72 79
73 89
74 156
75 52
76 189
77 165
78 91
79 151
80 111
81 103
82 54
83 128
84 191
85 185
86 62
87 127
88 123
89 115
90 146
91 90
92 151
93 129
94 59
95 195
96 72
97 199
98 132
99 151
100 180
101 158
102 166
103 156
104 64
105 114
106 172
107 195
108 186
109 112
110 77
111 120
112 70
113 183
114 72
115 126
116 169
117 139
118 181
119 182
120 178
121 91
122 71
123 119
124 165
125 145
126 113
127 152
128 135
129 153
130 90
131 172
132 167
133 135
134 51
135 189
136 192
137 159
138 121
139 61
140 54
141 172
142 174
143 184
144 130
145 86
146 71
147 150
148 191
149 151
150 135
151 89
152 141
153 96
154 55
155 165
156 77
157 184
158 112
159 164
160 99
161 183
162 145
163 119
164 139
165 116
166 149
167 132
168 159
169 128
170 188
171 76
172 111
173 152
174 80
175 146
176 189
177 193
178 177
179 103
180 57
181 175
182 142
183 63
184 125
185 141
186 155
187 130
188 159
189 153
190 178
191 193
192 180
193 159
194 118
195 188
196 145
197 99
198 70
199 154
200 83
201 120
202 154
203 190
204 198
205 117
206 96
207 110
208 64
209 133
210 66
211 72
212 154
213 109
214 114
215 78
216 164
217 182
218 55
219 71
220 178
221 117
222 165
223 142
224 190
225 52
226 200
227 110
228 132
229 145
230 138
231 170
232 52
233 181
234 139
235 119
236 111
237 51
238 171
239 156
240 90
241 138
242 115
243 88
244 74
245 89
246 59
247 176
248 121
249 89
250 149
251 91
252 182
253 169
254 129
255 115
256 160
257 188
258 117
259 198
260 60
261 89
262 167
263 52
264 56
265 121
266 161
267 145
268 119
269 116
270 145
271 187
272 128
273 94
274 186
275 184
276 93
277 132
278 88
279 120
280 88
281 74
282 146
283 183
284 55
285 94
286 129
287 89
288 100
289 189
290 127
291 106
292 114
293 135
294 190
295 117
296 140
297 59
298 129
299 199
300 183
301 124
302 56
303 97
304 179
305 158
306 58
307 110
308 83
309 184
310 83
311 72
312 173
313 192
314 187
315 141
316 92
317 81
318 68
319 193
320 51
321 179
322 119
323 90
324 171
325 175
326 83
327 110
328 89
329 173
330 58
331 133
332 94
333 78
334 153
335 171
336 92
337 53
338 122
339 183
340 183
341 177
342 135
343 111
344 129
345 83
346 133
347 182
348 101
349 123
350 80
351 160
352 65
353 148
354 128
355 96
356 122
357 176
358 104
359 162
360 83
361 154
362 79
363 176
364 131
365 200
366 109
367 159
368 85
369 154
370 171
371 184
372 189
373 88
374 179
375 57
376 67
377 134
378 139
379 96
380 171
381 159
382 167
383 90
384 113
385 85
386 62
387 192
388 58
389 92
390 128
391 58
392 92
393 68
394 192
395 62
396 117
397 199
398 158
399 129
400 93
