1
1000  
1 565
2 969
3 333
4 423
5 855
6 927
7 644
8 748
9 970
10 708
11 986
12 874
13 709
14 706
15 837
16 646
17 603
18 184
19 155
20 404
21 306
22 610
23 468
24 360
25 333
26 95
27 123
28 775
29 328
30 1
31 725
32 123
33 316
34 404
35 409
36 513
37 266
38 192
39 588
40 426
41 44
42 846
43 628
44 922
45 330
46 284
47 916
48 667
49 773
50 263
51 962
52 626
53 500
54 352
55 934
56 137
57 885
58 211
59 11
60 970
61 350
62 32
63 386
64 472
65 479
66 973
67 935
68 764
69 92
70 375
71 820
72 35
73 599
74 26
75 301
76 781
77 500
78 965
79 697
80 504
81 578
82 305
83 257
84 904
85 945
86 505
87 688
88 230
89 783
90 719
91 889
92 831
93 765
94 668
95 407
96 492
97 191
98 419
99 598
100 756
