1
40  
1 29
2 15
3 6
4 11
5 11
6 16
7 11
8 22
9 23
10 23
11 16
12 23
13 29
14 29
15 18
16 19
17 7
18 34
19 8
20 11
21 31
22 30
23 2
24 19
25 5
26 33
27 7
28 26
29 29
30 10
31 35
32 3
33 33
34 1
35 18
36 9
37 33
38 31
39 24
40 4
41 7
42 2
43 10
44 17
45 35
46 35
47 17
48 24
49 6
50 6
51 31
52 35
53 7
54 4
55 12
56 35
57 31
58 7
59 15
60 29
61 2
62 18
63 25
64 9
65 6
66 26
67 9
68 5
69 13
70 10
71 24
72 13
73 13
74 30
75 1
76 28
77 7
78 5
79 15
80 2
81 4
82 28
83 20
84 13
85 23
86 11
87 6
88 30
89 29
90 12
91 16
92 20
93 24
94 27
95 17
96 29
97 7
98 24
99 33
100 4
