1
100  
1 10
2 45
3 27
4 20
5 19
6 12
7 27
8 27
9 14
10 5
11 38
12 1
13 14
14 45
15 9
16 25
17 11
18 13
19 2
20 31
21 42
22 47
23 1
24 16
25 34
26 36
27 10
28 47
29 19
30 32
31 25
32 21
33 46
34 40
35 43
36 5
37 50
38 34
39 35
40 29
41 35
42 29
43 41
44 48
45 6
46 33
47 41
48 17
49 18
50 38
51 15
52 41
53 50
54 50
55 23
56 8
57 45
58 3
59 4
60 20
61 27
62 36
63 19
64 35
65 30
66 16
67 17
68 39
69 11
70 18
71 37
72 35
73 18
74 27
75 26
76 48
77 30
78 23
79 12
80 13
81 45
82 6
83 1
84 1
85 23
86 12
87 2
88 5
89 1
90 5
91 39
92 8
93 18
94 15
95 32
96 22
97 10
98 47
99 34
100 17
101 19
102 27
103 43
104 32
105 4
106 25
107 9
108 5
109 11
110 38
111 4
112 25
113 44
114 34
115 39
116 14
117 27
118 12
119 46
120 19
121 12
122 28
123 26
124 9
125 30
126 16
127 22
128 40
129 47
130 32
131 29
132 22
133 39
134 3
135 24
136 26
137 13
138 42
139 7
140 33
141 11
142 11
143 32
144 22
145 36
146 25
147 27
148 39
149 35
150 1
151 25
152 1
153 43
154 6
155 12
156 6
157 21
158 46
159 37
160 43
161 40
162 4
163 42
164 18
165 41
166 11
167 42
168 10
169 48
170 17
171 5
172 33
173 18
174 12
175 42
176 13
177 49
178 34
179 17
180 43
181 27
182 48
183 21
184 17
185 45
186 5
187 1
188 43
189 39
190 14
191 9
192 10
193 1
194 45
195 27
196 46
197 3
198 46
199 32
200 45
