1
10  
1 8
2 10
3 2
4 7
5 10
6 5
7 5
8 1
9 6
10 4
11 5
12 1
13 8
14 9
15 1
16 6
17 9
18 3
19 1
20 10
21 5
22 4
23 9
24 3
25 9
26 10
27 5
28 6
29 8
30 3
31 7
32 5
33 5
34 1
35 9
36 10
37 7
38 10
39 9
40 7
41 5
42 8
43 7
44 8
45 1
46 10
47 5
48 9
49 2
50 4
51 9
52 7
53 4
54 8
55 10
56 1
57 8
58 10
59 3
60 7
61 6
62 10
63 10
64 4
65 4
66 2
67 3
68 6
69 8
70 9
71 7
72 4
73 5
74 10
75 2
76 3
77 6
78 5
79 1
80 9
81 6
82 10
83 4
84 7
85 7
86 6
87 7
88 7
89 3
90 2
91 9
92 10
93 8
94 3
95 6
96 5
97 8
98 8
99 6
100 9
