1
1000  
1 68
2 158
3 111
4 151
5 164
6 182
7 126
8 88
9 65
10 93
11 162
12 184
13 171
14 157
15 111
16 94
17 55
18 62
19 125
20 58
21 122
22 170
23 61
24 54
25 198
26 185
27 125
28 54
29 98
30 101
31 154
32 57
33 101
34 85
35 200
36 187
37 126
38 153
39 165
40 69
41 169
42 105
43 196
44 133
45 81
46 99
47 135
48 182
49 173
50 116
51 177
52 121
53 84
54 93
55 163
56 98
57 83
58 186
59 176
60 176
61 113
62 84
63 130
64 93
65 191
66 94
67 67
68 89
69 65
70 62
71 176
72 105
73 124
74 161
75 156
76 100
77 51
78 136
79 57
80 136
81 75
82 165
83 75
84 157
85 124
86 89
87 106
88 60
89 162
90 84
91 62
92 105
93 97
94 94
95 156
96 184
97 143
98 163
99 143
100 133
101 150
102 130
103 182
104 59
105 65
106 57
107 161
108 140
109 108
110 190
111 165
112 51
113 105
114 101
115 162
116 116
117 136
118 88
119 174
120 167
121 168
122 89
123 106
124 193
125 125
126 71
127 175
128 105
129 197
130 154
131 50
132 171
133 80
134 141
135 154
136 176
137 195
138 132
139 194
140 125
141 166
142 193
143 62
144 97
145 75
146 54
147 78
148 96
149 123
150 112
151 107
152 153
153 66
154 186
155 152
156 186
157 95
158 141
159 175
160 133
161 97
162 51
163 60
164 170
165 149
166 157
167 141
168 102
169 68
170 58
171 160
172 180
173 90
174 61
175 62
176 72
177 122
178 94
179 65
180 71
181 66
182 100
183 187
184 140
185 129
186 130
187 146
188 99
189 102
190 87
191 193
192 52
193 194
194 194
195 178
196 176
197 186
198 98
199 98
200 98
201 66
202 139
203 79
204 127
205 199
206 104
207 96
208 131
209 84
210 110
211 129
212 176
213 67
214 200
215 64
216 102
217 187
218 130
219 54
220 118
221 144
222 152
223 200
224 96
225 121
226 187
227 176
228 81
229 58
230 70
231 121
232 94
233 99
234 199
235 87
236 183
237 165
238 109
239 142
240 149
241 142
242 194
243 191
244 134
245 89
246 106
247 61
248 78
249 78
250 53
251 106
252 60
253 151
254 111
255 160
256 191
257 178
258 115
259 101
260 131
261 110
262 133
263 50
264 85
265 120
266 78
267 67
268 174
269 115
270 196
271 77
272 178
273 125
274 74
275 102
276 195
277 174
278 106
279 105
280 108
281 57
282 76
283 100
284 155
285 51
286 197
287 75
288 74
289 117
290 193
291 86
292 128
293 61
294 93
295 184
296 60
297 131
298 193
299 81
300 165
301 152
302 143
303 183
304 59
305 56
306 64
307 142
308 76
309 165
310 154
311 139
312 110
313 122
314 191
315 144
316 104
317 193
318 59
319 184
320 126
321 184
322 65
323 170
324 56
325 200
326 106
327 188
328 77
329 136
330 73
331 182
332 71
333 57
334 126
335 127
336 94
337 100
338 91
339 67
340 60
341 152
342 102
343 56
344 120
345 103
346 173
347 106
348 108
349 73
350 185
351 139
352 155
353 191
354 176
355 97
356 115
357 63
358 62
359 67
360 154
361 61
362 126
363 68
364 122
365 161
366 103
367 140
368 136
369 87
370 172
371 86
372 61
373 52
374 79
375 85
376 134
377 56
378 101
379 126
380 82
381 90
382 62
383 168
384 129
385 78
386 132
387 178
388 115
389 184
390 165
391 180
392 63
393 68
394 176
395 98
396 86
397 152
398 87
399 73
400 183
401 109
402 86
403 148
404 74
405 74
406 51
407 104
408 200
409 80
410 69
411 180
412 70
413 107
414 69
415 189
416 124
417 173
418 184
419 164
420 107
421 91
422 50
423 83
424 93
425 142
426 192
427 71
428 132
429 145
430 57
431 81
432 141
433 197
434 77
435 115
436 138
437 81
438 142
439 50
440 86
441 189
442 158
443 169
444 96
445 176
446 145
447 63
448 70
449 83
450 134
451 105
452 82
453 152
454 158
455 100
456 108
457 64
458 93
459 74
460 61
461 166
462 104
463 80
464 109
465 133
466 190
467 58
468 175
469 72
470 132
471 148
472 169
473 124
474 192
475 193
476 197
477 192
478 130
479 187
480 158
481 110
482 84
483 176
484 107
485 164
486 54
487 114
488 137
489 102
490 73
491 169
492 194
493 114
494 70
495 126
496 84
497 183
498 133
499 50
500 115
501 117
502 139
503 117
504 190
505 78
506 95
507 78
508 161
509 162
510 175
511 130
512 89
513 65
514 152
515 186
516 181
517 79
518 181
519 85
520 165
521 173
522 190
523 95
524 111
525 155
526 55
527 55
528 52
529 195
530 83
531 168
532 184
533 111
534 185
535 106
536 196
537 146
538 63
539 110
540 163
541 122
542 122
543 128
544 191
545 59
546 165
547 176
548 96
549 79
550 150
551 168
552 149
553 152
554 187
555 186
556 161
557 54
558 65
559 114
560 51
561 52
562 117
563 88
564 79
565 141
566 148
567 109
568 116
569 148
570 133
571 124
572 138
573 127
574 128
575 113
576 121
577 183
578 155
579 197
580 139
581 187
582 174
583 63
584 78
585 173
586 120
587 72
588 57
589 65
590 54
591 100
592 145
593 115
594 94
595 81
596 135
597 62
598 178
599 89
600 55
601 130
602 93
603 189
604 142
605 76
606 73
607 112
608 179
609 96
610 158
611 181
612 53
613 146
614 175
615 192
616 186
617 104
618 175
619 142
620 198
621 54
622 108
623 57
624 195
625 81
626 55
627 152
628 65
629 136
630 144
631 76
632 173
633 103
634 141
635 136
636 159
637 127
638 86
639 167
640 99
641 200
642 71
643 188
644 191
645 177
646 185
647 158
648 184
649 149
650 62
651 84
652 200
653 109
654 199
655 175
656 169
657 98
658 197
659 103
660 165
661 148
662 140
663 127
664 130
665 178
666 161
667 112
668 154
669 96
670 123
671 97
672 132
673 166
674 74
675 172
676 135
677 84
678 114
679 54
680 150
681 176
682 126
683 54
684 114
685 149
686 64
687 119
688 87
689 158
690 92
691 148
692 191
693 120
694 54
695 184
696 156
697 69
698 133
699 80
700 172
701 84
702 138
703 179
704 91
705 88
706 107
707 194
708 61
709 168
710 91
711 91
712 66
713 71
714 56
715 121
716 187
717 187
718 162
719 150
720 85
721 191
722 122
723 170
724 178
725 69
726 174
727 101
728 171
729 78
730 119
731 183
732 122
733 160
734 83
735 196
736 85
737 166
738 144
739 53
740 127
741 124
742 85
743 161
744 170
745 128
746 110
747 81
748 120
749 55
750 89
751 93
752 188
753 98
754 109
755 171
756 50
757 158
758 50
759 50
760 74
761 153
762 163
763 102
764 135
765 65
766 195
767 109
768 71
769 108
770 67
771 66
772 118
773 138
774 135
775 147
776 168
777 82
778 112
779 108
780 181
781 131
782 164
783 153
784 163
785 129
786 65
787 177
788 123
789 87
790 197
791 200
792 150
793 62
794 179
795 192
796 107
797 195
798 175
799 177
800 167
801 187
802 194
803 124
804 109
805 52
806 152
807 81
808 82
809 89
810 99
811 103
812 93
813 166
814 75
815 171
816 173
817 129
818 177
819 65
820 121
821 130
822 198
823 102
824 188
825 152
826 94
827 134
828 121
829 62
830 154
831 195
832 70
833 52
834 145
835 194
836 72
837 132
838 131
839 83
840 112
841 121
842 165
843 165
844 189
845 82
846 108
847 125
848 51
849 64
850 107
851 86
852 113
853 149
854 134
855 132
856 99
857 103
858 98
859 50
860 192
861 50
862 193
863 85
864 191
865 161
866 142
867 190
868 100
869 124
870 160
871 137
872 115
873 95
874 54
875 193
876 147
877 177
878 110
879 79
880 190
881 141
882 118
883 190
884 170
885 52
886 135
887 62
888 190
889 160
890 98
891 59
892 184
893 106
894 153
895 189
896 109
897 97
898 56
899 51
900 191
901 150
902 112
903 60
904 97
905 54
906 179
907 155
908 90
909 169
910 51
911 175
912 73
913 181
914 142
915 83
916 182
917 58
918 175
919 73
920 179
921 138
922 101
923 167
924 150
925 186
926 173
927 164
928 161
929 66
930 167
931 145
932 57
933 60
934 196
935 100
936 168
937 196
938 118
939 112
940 182
941 169
942 63
943 99
944 151
945 66
946 139
947 110
948 61
949 134
950 186
951 141
952 92
953 80
954 175
955 126
956 87
957 193
958 59
959 132
960 94
961 102
962 82
963 160
964 178
965 110
966 175
967 164
968 129
969 185
970 117
971 166
972 152
973 172
974 77
975 107
976 168
977 150
978 117
979 174
980 140
981 130
982 57
983 114
984 142
985 113
986 173
987 51
988 52
989 59
990 90
991 151
992 119
993 52
994 183
995 185
996 114
997 123
998 175
999 103
1000 103
