1
40  
1 27
2 11
3 32
4 33
5 35
6 2
7 16
8 23
9 11
10 23
11 34
12 15
13 19
14 29
15 1
16 13
17 30
18 34
19 8
20 14
21 3
22 10
23 16
24 35
25 6
26 9
27 28
28 10
29 18
30 31
31 18
32 3
33 4
34 24
35 10
36 31
37 35
38 6
39 10
40 34
41 10
42 20
43 29
44 3
45 7
46 2
47 30
48 34
49 22
50 27
51 9
52 15
53 7
54 2
55 7
56 25
57 24
58 11
59 6
60 22
61 25
62 25
63 31
64 2
65 14
66 20
67 21
68 1
69 1
70 30
71 4
72 34
73 15
74 9
75 33
76 25
77 31
78 5
79 1
80 9
81 13
82 34
83 18
84 28
85 22
86 6
87 24
88 28
89 33
90 26
91 24
92 34
93 30
94 34
95 9
96 13
97 25
98 10
99 32
100 15
101 17
102 14
103 33
104 14
105 10
106 3
107 12
108 26
109 12
110 7
111 24
112 30
113 26
114 28
115 6
116 8
117 23
118 17
119 18
120 26
121 15
122 34
123 7
124 18
125 3
126 27
127 11
128 11
129 14
130 6
131 24
132 22
133 17
134 25
135 12
136 6
137 31
138 18
139 7
140 19
141 19
142 13
143 6
144 21
145 31
146 17
147 12
148 7
149 17
150 32
151 26
152 28
153 29
154 7
155 24
156 6
157 32
158 8
159 34
160 33
161 31
162 7
163 30
164 7
165 26
166 25
167 10
168 12
169 34
170 17
171 30
172 22
173 15
174 35
175 29
176 31
177 18
178 3
179 25
180 4
181 30
182 19
183 9
184 26
185 32
186 27
187 7
188 30
189 29
190 13
191 2
192 30
193 28
194 35
195 22
196 6
197 4
198 2
199 4
200 23
