1
1000  
1 256
2 332
3 129
4 196
5 151
6 273
7 354
8 305
9 155
10 128
11 389
12 129
13 288
14 197
15 351
16 327
17 278
18 198
19 198
20 315
21 306
22 100
23 290
24 360
25 273
26 178
27 334
28 288
29 183
30 130
31 238
32 164
33 353
34 183
35 348
36 269
37 400
38 268
39 300
40 232
41 360
42 254
43 179
44 174
45 235
46 107
47 383
48 211
49 364
50 192
51 389
52 243
53 197
54 200
55 252
56 379
57 224
58 133
59 382
60 219
61 215
62 231
63 155
64 397
65 352
66 397
67 280
68 375
69 395
70 144
71 191
72 348
73 271
74 307
75 217
76 252
77 226
78 292
79 163
80 252
81 326
82 299
83 273
84 353
85 351
86 233
87 275
88 228
89 188
90 373
91 192
92 179
93 309
94 341
95 336
96 132
97 353
98 338
99 253
100 330
