1
1000  
1 298
2 557
3 442
4 507
5 344
6 659
7 473
8 589
9 453
10 343
11 203
12 308
13 413
14 302
15 678
16 640
17 261
18 391
19 615
20 317
21 654
22 342
23 701
24 529
25 572
26 785
27 603
28 487
29 580
30 417
31 532
32 286
33 575
34 262
35 687
36 330
37 358
38 735
39 593
40 599
41 596
42 387
43 661
44 749
45 296
46 559
47 485
48 476
49 727
50 732
51 445
52 225
53 738
54 397
55 697
56 459
57 422
58 538
59 629
60 587
61 287
62 695
63 416
64 234
65 228
66 251
67 517
68 617
69 713
70 535
71 632
72 565
73 203
74 590
75 472
76 759
77 323
78 455
79 552
80 290
81 672
82 260
83 546
84 310
85 392
86 441
87 662
88 546
89 514
90 553
91 344
92 751
93 618
94 268
95 765
96 595
97 703
98 451
99 329
100 300
101 559
102 335
103 774
104 417
105 223
106 427
107 708
108 790
109 510
110 425
111 403
112 327
113 350
114 321
115 200
116 314
117 728
118 717
119 235
120 387
121 642
122 322
123 616
124 603
125 382
126 562
127 479
128 645
129 472
130 379
131 370
132 678
133 223
134 612
135 262
136 474
137 326
138 563
139 346
140 383
141 383
142 567
143 541
144 304
145 497
146 730
147 757
148 347
149 286
150 627
151 384
152 674
153 639
154 525
155 760
156 306
157 680
158 299
159 766
160 608
161 213
162 556
163 433
164 743
165 328
166 250
167 642
168 275
169 489
170 493
171 733
172 724
173 467
174 395
175 576
176 629
177 776
178 713
179 495
180 489
181 741
182 503
183 441
184 539
185 468
186 740
187 349
188 445
189 435
190 320
191 451
192 251
193 263
194 249
195 430
196 415
197 551
198 412
199 312
200 694
201 568
202 675
203 460
204 798
205 303
206 599
207 408
208 445
209 211
210 642
211 505
212 661
213 549
214 245
215 325
216 704
217 788
218 414
219 347
220 760
221 595
222 790
223 586
224 220
225 496
226 457
227 279
228 480
229 300
230 232
231 780
232 701
233 462
234 215
235 534
236 313
237 636
238 249
239 666
240 738
241 525
242 531
243 691
244 562
245 471
246 451
247 691
248 217
249 395
250 719
251 625
252 329
253 616
254 534
255 252
256 492
257 681
258 782
259 590
260 605
261 285
262 210
263 599
264 695
265 417
266 582
267 405
268 244
269 392
270 519
271 317
272 302
273 796
274 425
275 287
276 392
277 742
278 689
279 480
280 390
281 373
282 450
283 548
284 349
285 388
286 775
287 411
288 585
289 201
290 748
291 476
292 693
293 225
294 644
295 370
296 617
297 281
298 295
299 335
300 744
301 262
302 389
303 592
304 339
305 429
306 531
307 223
308 279
309 360
310 613
311 201
312 500
313 722
314 561
315 794
316 356
317 342
318 449
319 793
320 201
321 595
322 306
323 761
324 516
325 218
326 303
327 789
328 554
329 396
330 588
331 214
332 589
333 391
334 576
335 707
336 413
337 611
338 218
339 594
340 572
341 570
342 604
343 310
344 406
345 366
346 595
347 250
348 723
349 472
350 564
351 446
352 481
353 455
354 575
355 273
356 484
357 549
358 630
359 753
360 661
361 485
362 789
363 248
364 371
365 451
366 460
367 608
368 399
369 749
370 540
371 230
372 461
373 505
374 466
375 548
376 479
377 472
378 313
379 696
380 356
381 667
382 473
383 764
384 569
385 739
386 426
387 716
388 294
389 579
390 347
391 269
392 386
393 743
394 229
395 745
396 438
397 529
398 449
399 541
400 368
