1
40  
1 31
2 26
3 9
4 9
5 25
6 16
7 6
8 33
9 1
10 13
11 9
12 25
13 3
14 19
15 3
16 21
17 1
18 4
19 27
20 12
21 25
22 17
23 15
24 9
25 21
26 32
27 17
28 35
29 18
30 13
31 16
32 24
33 32
34 35
35 35
36 26
37 7
38 10
39 2
40 25
41 4
42 26
43 23
44 20
45 11
46 4
47 25
48 34
49 22
50 22
51 4
52 27
53 25
54 2
55 14
56 11
57 20
58 10
59 6
60 14
61 8
62 34
63 16
64 24
65 33
66 14
67 34
68 17
69 25
70 33
71 10
72 25
73 4
74 35
75 1
76 21
77 25
78 10
79 17
80 31
81 9
82 7
83 4
84 17
85 10
86 17
87 5
88 3
89 2
90 5
91 19
92 4
93 17
94 1
95 17
96 17
97 12
98 35
99 28
100 29
101 31
102 25
103 9
104 34
105 16
106 15
107 8
108 34
109 21
110 23
111 20
112 34
113 22
114 15
115 9
116 34
117 25
118 2
119 19
120 10
121 9
122 19
123 8
124 29
125 5
126 33
127 26
128 26
129 17
130 11
131 2
132 13
133 35
134 25
135 28
136 19
137 35
138 25
139 8
140 13
141 11
142 30
143 26
144 1
145 8
146 29
147 34
148 24
149 26
150 11
151 9
152 31
153 17
154 6
155 8
156 19
157 9
158 23
159 35
160 20
161 25
162 30
163 20
164 27
165 2
166 9
167 29
168 15
169 22
170 19
171 6
172 31
173 18
174 3
175 25
176 18
177 3
178 15
179 24
180 3
181 17
182 25
183 10
184 2
185 31
186 10
187 14
188 28
189 30
190 5
191 2
192 14
193 5
194 31
195 6
196 33
197 18
198 20
199 18
200 4
201 35
202 11
203 24
204 16
205 8
206 3
207 10
208 25
209 14
210 9
211 10
212 32
213 22
214 27
215 29
216 35
217 31
218 3
219 27
220 19
221 17
222 25
223 16
224 2
225 27
226 8
227 16
228 21
229 19
230 20
231 27
232 13
233 34
234 10
235 24
236 25
237 32
238 35
239 25
240 15
241 21
242 30
243 19
244 11
245 12
246 15
247 26
248 16
249 7
250 15
251 6
252 34
253 9
254 27
255 11
256 13
257 5
258 19
259 17
260 1
261 22
262 7
263 21
264 24
265 7
266 18
267 35
268 20
269 20
270 27
271 32
272 14
273 19
274 6
275 1
276 24
277 27
278 24
279 21
280 29
281 25
282 6
283 31
284 34
285 22
286 5
287 11
288 4
289 8
290 15
291 7
292 26
293 32
294 18
295 25
296 12
297 24
298 18
299 4
300 17
301 17
302 12
303 13
304 33
305 28
306 21
307 24
308 6
309 7
310 8
311 21
312 9
313 17
314 17
315 23
316 8
317 29
318 30
319 7
320 2
321 12
322 16
323 26
324 11
325 4
326 34
327 5
328 35
329 30
330 8
331 25
332 33
333 13
334 25
335 23
336 14
337 7
338 12
339 4
340 14
341 32
342 18
343 2
344 28
345 10
346 31
347 26
348 11
349 16
350 29
351 28
352 34
353 15
354 30
355 9
356 3
357 33
358 11
359 10
360 14
361 25
362 6
363 19
364 18
365 33
366 25
367 9
368 35
369 23
370 35
371 7
372 9
373 11
374 24
375 7
376 2
377 18
378 8
379 2
380 2
381 32
382 20
383 19
384 4
385 19
386 23
387 25
388 12
389 5
390 33
391 13
392 35
393 30
394 13
395 19
396 29
397 15
398 29
399 30
400 31
401 8
402 25
403 4
404 9
405 19
406 21
407 17
408 1
409 17
410 2
411 32
412 26
413 3
414 29
415 25
416 20
417 20
418 1
419 26
420 24
421 31
422 18
423 29
424 33
425 35
426 23
427 22
428 21
429 8
430 31
431 29
432 11
433 9
434 31
435 25
436 5
437 23
438 2
439 8
440 19
441 21
442 31
443 3
444 1
445 1
446 22
447 7
448 5
449 24
450 19
451 23
452 20
453 34
454 35
455 26
456 35
457 23
458 17
459 27
460 6
461 19
462 32
463 5
464 15
465 27
466 24
467 9
468 13
469 3
470 9
471 35
472 34
473 4
474 18
475 26
476 23
477 10
478 29
479 12
480 16
481 17
482 10
483 25
484 6
485 9
486 29
487 21
488 29
489 31
490 9
491 11
492 34
493 33
494 5
495 2
496 21
497 15
498 6
499 29
500 32
501 5
502 15
503 22
504 13
505 27
506 21
507 18
508 9
509 13
510 10
511 13
512 10
513 12
514 5
515 33
516 26
517 23
518 16
519 26
520 1
521 28
522 21
523 22
524 10
525 17
526 27
527 16
528 9
529 27
530 4
531 11
532 24
533 35
534 26
535 24
536 18
537 12
538 33
539 21
540 6
541 24
542 1
543 20
544 19
545 32
546 27
547 3
548 19
549 27
550 27
551 5
552 16
553 33
554 26
555 8
556 25
557 5
558 28
559 3
560 33
561 20
562 5
563 2
564 28
565 7
566 34
567 5
568 21
569 24
570 26
571 5
572 35
573 31
574 19
575 32
576 5
577 16
578 24
579 24
580 13
581 31
582 5
583 2
584 2
585 8
586 33
587 24
588 26
589 32
590 34
591 2
592 9
593 27
594 35
595 32
596 25
597 5
598 28
599 32
600 6
601 10
602 35
603 23
604 11
605 35
606 3
607 23
608 21
609 25
610 4
611 3
612 11
613 5
614 8
615 21
616 10
617 17
618 19
619 29
620 10
621 12
622 7
623 5
624 21
625 19
626 25
627 21
628 30
629 24
630 24
631 6
632 9
633 9
634 8
635 25
636 29
637 15
638 3
639 31
640 3
641 6
642 13
643 22
644 6
645 1
646 14
647 21
648 8
649 18
650 33
651 28
652 6
653 24
654 34
655 14
656 17
657 17
658 15
659 35
660 26
661 24
662 23
663 12
664 4
665 23
666 10
667 26
668 2
669 7
670 33
671 24
672 5
673 21
674 11
675 26
676 15
677 19
678 24
679 10
680 20
681 4
682 7
683 9
684 35
685 16
686 19
687 9
688 26
689 28
690 4
691 19
692 32
693 7
694 4
695 14
696 1
697 27
698 3
699 19
700 21
701 19
702 21
703 24
704 29
705 1
706 6
707 2
708 6
709 13
710 5
711 30
712 14
713 6
714 28
715 1
716 26
717 1
718 16
719 30
720 11
721 21
722 4
723 14
724 25
725 20
726 20
727 4
728 26
729 33
730 13
731 9
732 13
733 16
734 10
735 27
736 5
737 33
738 1
739 8
740 34
741 11
742 25
743 19
744 23
745 35
746 30
747 10
748 4
749 6
750 30
751 1
752 34
753 29
754 23
755 26
756 3
757 10
758 29
759 16
760 15
761 31
762 2
763 17
764 4
765 34
766 28
767 5
768 30
769 4
770 12
771 29
772 14
773 18
774 19
775 33
776 7
777 13
778 21
779 15
780 15
781 21
782 31
783 22
784 19
785 10
786 13
787 32
788 11
789 22
790 17
791 28
792 4
793 34
794 21
795 8
796 27
797 14
798 27
799 32
800 28
801 21
802 17
803 12
804 13
805 16
806 30
807 5
808 30
809 23
810 5
811 33
812 10
813 8
814 14
815 5
816 5
817 18
818 6
819 19
820 15
821 3
822 16
823 20
824 23
825 6
826 24
827 6
828 17
829 4
830 21
831 27
832 1
833 34
834 35
835 10
836 20
837 19
838 21
839 9
840 7
841 33
842 17
843 22
844 12
845 21
846 29
847 28
848 32
849 34
850 28
851 2
852 23
853 9
854 18
855 13
856 18
857 26
858 8
859 23
860 9
861 21
862 30
863 19
864 17
865 13
866 21
867 13
868 33
869 7
870 4
871 14
872 10
873 32
874 20
875 9
876 30
877 4
878 5
879 9
880 28
881 21
882 23
883 9
884 21
885 4
886 28
887 32
888 18
889 18
890 29
891 24
892 13
893 7
894 11
895 29
896 29
897 22
898 27
899 8
900 35
901 24
902 30
903 7
904 1
905 1
906 4
907 12
908 1
909 32
910 22
911 31
912 17
913 24
914 25
915 34
916 22
917 16
918 14
919 25
920 26
921 8
922 7
923 21
924 1
925 32
926 13
927 27
928 5
929 21
930 26
931 5
932 21
933 31
934 12
935 29
936 16
937 26
938 21
939 7
940 32
941 13
942 20
943 9
944 11
945 26
946 12
947 20
948 20
949 4
950 4
951 7
952 1
953 24
954 20
955 5
956 13
957 22
958 5
959 30
960 11
961 23
962 17
963 6
964 22
965 4
966 23
967 20
968 5
969 9
970 28
971 19
972 22
973 26
974 4
975 9
976 24
977 18
978 7
979 14
980 1
981 29
982 10
983 3
984 11
985 27
986 9
987 9
988 10
989 32
990 17
991 10
992 2
993 10
994 16
995 28
996 30
997 2
998 28
999 5
1000 23
