1
1000  
1 199
2 108
3 50
4 190
5 156
6 63
7 186
8 170
9 120
10 59
11 55
12 145
13 138
14 102
15 133
16 158
17 97
18 75
19 122
20 109
21 83
22 59
23 200
24 66
25 121
26 101
27 170
28 194
29 77
30 131
31 103
32 172
33 65
34 97
35 102
36 143
37 152
38 197
39 103
40 152
41 86
42 116
43 93
44 80
45 188
46 66
47 55
48 182
49 88
50 106
51 102
52 200
53 54
54 89
55 190
56 120
57 54
58 182
59 124
60 63
61 123
62 111
63 107
64 105
65 191
66 119
67 169
68 127
69 98
70 89
71 129
72 90
73 141
74 58
75 108
76 196
77 98
78 192
79 166
80 53
81 80
82 106
83 69
84 150
85 59
86 163
87 148
88 66
89 108
90 188
91 128
92 113
93 156
94 88
95 106
96 92
97 88
98 87
99 186
100 99
101 78
102 131
103 83
104 200
105 199
106 113
107 112
108 185
109 161
110 126
111 65
112 76
113 142
114 50
115 80
116 141
117 162
118 79
119 108
120 99
121 141
122 153
123 175
124 66
125 141
126 190
127 93
128 116
129 129
130 168
131 76
132 168
133 136
134 112
135 58
136 156
137 80
138 55
139 88
140 185
141 117
142 94
143 65
144 150
145 110
146 94
147 175
148 103
149 75
150 152
151 90
152 127
153 108
154 137
155 135
156 191
157 69
158 139
159 181
160 81
161 127
162 139
163 158
164 141
165 127
166 87
167 198
168 168
169 74
170 119
171 172
172 119
173 90
174 182
175 118
176 94
177 175
178 185
179 136
180 110
181 55
182 89
183 176
184 127
185 53
186 190
187 63
188 103
189 173
190 67
191 75
192 102
193 134
194 127
195 89
196 58
197 80
198 68
199 183
200 100
