1
1000  
1 72
2 65
3 50
4 52
5 87
6 54
7 25
8 38
9 66
10 27
11 84
12 62
13 90
14 87
15 84
16 36
17 68
18 67
19 34
20 40
21 84
22 88
23 68
24 96
25 90
26 82
27 40
28 61
29 84
30 84
31 93
32 46
33 92
34 45
35 38
36 48
37 86
38 37
39 89
40 53
41 37
42 74
43 64
44 64
45 42
46 38
47 91
48 96
49 57
50 55
51 97
52 84
53 68
54 88
55 53
56 85
57 29
58 70
59 49
60 58
61 89
62 56
63 36
64 66
65 58
66 100
67 31
68 35
69 91
70 29
71 37
72 25
73 36
74 84
75 75
76 27
77 64
78 97
79 60
80 82
81 73
82 60
83 49
84 45
85 52
86 83
87 73
88 95
89 50
90 88
91 40
92 42
93 43
94 59
95 76
96 75
97 53
98 45
99 56
100 89
101 93
102 97
103 44
104 65
105 50
106 97
107 26
108 44
109 46
110 97
111 47
112 83
113 91
114 30
115 85
116 67
117 69
118 66
119 96
120 90
121 61
122 93
123 89
124 82
125 55
126 79
127 55
128 44
129 26
130 59
131 63
132 47
133 68
134 68
135 25
136 100
137 25
138 55
139 65
140 61
141 80
142 94
143 25
144 62
145 99
146 41
147 93
148 93
149 72
150 77
151 42
152 91
153 61
154 80
155 76
156 58
157 63
158 74
159 51
160 98
161 88
162 59
163 90
164 31
165 81
166 44
167 69
168 77
169 66
170 92
171 26
172 60
173 43
174 73
175 84
176 59
177 66
178 87
179 43
180 98
181 80
182 93
183 54
184 35
185 83
186 61
187 59
188 42
189 72
190 96
191 85
192 29
193 88
194 91
195 58
196 60
197 62
198 85
199 47
200 26
201 43
202 38
203 64
204 60
205 58
206 29
207 66
208 61
209 77
210 38
211 26
212 36
213 59
214 43
215 91
216 100
217 72
218 40
219 50
220 92
221 63
222 44
223 91
224 100
225 90
226 40
227 37
228 37
229 39
230 43
231 57
232 71
233 33
234 74
235 73
236 48
237 33
238 62
239 71
240 51
241 70
242 63
243 79
244 100
245 36
246 70
247 53
248 83
249 40
250 94
251 69
252 40
253 44
254 89
255 90
256 41
257 59
258 58
259 67
260 62
261 83
262 72
263 27
264 52
265 42
266 87
267 83
268 65
269 48
270 99
271 41
272 83
273 79
274 63
275 62
276 84
277 48
278 27
279 69
280 39
281 86
282 91
283 85
284 96
285 89
286 35
287 38
288 41
289 58
290 43
291 74
292 54
293 87
294 60
295 29
296 26
297 39
298 31
299 32
300 49
301 43
302 96
303 51
304 50
305 100
306 43
307 56
308 59
309 69
310 64
311 33
312 39
313 39
314 82
315 91
316 30
317 83
318 83
319 35
320 62
321 33
322 73
323 65
324 41
325 97
326 50
327 32
328 53
329 64
330 79
331 44
332 59
333 41
334 33
335 59
336 50
337 67
338 31
339 50
340 81
341 43
342 57
343 79
344 80
345 49
346 77
347 54
348 40
349 30
350 45
351 92
352 71
353 57
354 53
355 88
356 87
357 28
358 96
359 67
360 32
361 34
362 45
363 40
364 36
365 82
366 77
367 25
368 37
369 60
370 99
371 57
372 30
373 27
374 67
375 59
376 49
377 72
378 35
379 74
380 45
381 82
382 78
383 27
384 48
385 35
386 54
387 46
388 90
389 42
390 37
391 29
392 69
393 36
394 77
395 52
396 72
397 46
398 98
399 87
400 77
401 34
402 57
403 48
404 81
405 100
406 100
407 69
408 70
409 81
410 59
411 83
412 42
413 75
414 97
415 85
416 79
417 91
418 91
419 79
420 96
421 40
422 99
423 92
424 49
425 76
426 25
427 92
428 77
429 64
430 74
431 61
432 48
433 79
434 98
435 62
436 25
437 69
438 36
439 75
440 35
441 51
442 51
443 92
444 37
445 27
446 38
447 79
448 46
449 62
450 91
451 30
452 45
453 79
454 71
455 26
456 63
457 43
458 79
459 46
460 35
461 25
462 29
463 99
464 95
465 62
466 25
467 56
468 42
469 66
470 93
471 38
472 39
473 80
474 35
475 73
476 97
477 44
478 39
479 86
480 80
481 46
482 26
483 87
484 70
485 86
486 61
487 38
488 93
489 99
490 49
491 99
492 59
493 68
494 55
495 57
496 64
497 72
498 82
499 87
500 90
501 28
502 27
503 26
504 65
505 51
506 85
507 65
508 65
509 83
510 79
511 96
512 98
513 62
514 50
515 73
516 79
517 70
518 80
519 56
520 93
521 66
522 71
523 57
524 64
525 79
526 95
527 85
528 72
529 61
530 38
531 69
532 60
533 41
534 36
535 94
536 54
537 89
538 45
539 59
540 56
541 42
542 55
543 76
544 30
545 50
546 94
547 38
548 66
549 86
550 88
551 34
552 75
553 58
554 60
555 50
556 27
557 66
558 77
559 65
560 97
561 83
562 33
563 43
564 29
565 61
566 56
567 88
568 85
569 65
570 74
571 78
572 56
573 45
574 30
575 66
576 92
577 85
578 87
579 52
580 30
581 93
582 27
583 88
584 94
585 29
586 63
587 40
588 64
589 37
590 90
591 87
592 62
593 26
594 48
595 85
596 87
597 61
598 69
599 43
600 31
601 60
602 92
603 50
604 57
605 43
606 51
607 91
608 58
609 40
610 25
611 77
612 37
613 78
614 68
615 88
616 62
617 94
618 39
619 34
620 59
621 58
622 70
623 59
624 86
625 26
626 49
627 52
628 41
629 93
630 77
631 74
632 52
633 33
634 56
635 58
636 96
637 54
638 39
639 57
640 48
641 99
642 27
643 45
644 29
645 70
646 46
647 40
648 90
649 46
650 64
651 57
652 80
653 26
654 33
655 94
656 40
657 38
658 64
659 34
660 57
661 34
662 39
663 25
664 82
665 31
666 99
667 61
668 65
669 94
670 76
671 97
672 82
673 91
674 98
675 68
676 75
677 79
678 83
679 47
680 87
681 25
682 61
683 89
684 99
685 38
686 95
687 75
688 41
689 46
690 92
691 82
692 97
693 84
694 66
695 84
696 99
697 68
698 94
699 72
700 29
701 28
702 55
703 38
704 38
705 40
706 81
707 79
708 77
709 75
710 60
711 76
712 83
713 49
714 93
715 27
716 41
717 74
718 41
719 51
720 82
721 84
722 93
723 90
724 76
725 95
726 43
727 70
728 30
729 100
730 40
731 73
732 78
733 83
734 59
735 86
736 42
737 51
738 27
739 57
740 58
741 52
742 37
743 88
744 53
745 36
746 88
747 99
748 53
749 58
750 62
751 95
752 73
753 55
754 43
755 39
756 98
757 41
758 51
759 25
760 67
761 53
762 54
763 78
764 44
765 62
766 51
767 59
768 54
769 82
770 63
771 41
772 50
773 76
774 100
775 70
776 34
777 40
778 68
779 52
780 44
781 79
782 30
783 40
784 48
785 85
786 42
787 52
788 100
789 71
790 41
791 55
792 44
793 33
794 61
795 48
796 38
797 58
798 77
799 45
800 93
801 86
802 37
803 73
804 98
805 33
806 45
807 34
808 85
809 41
810 38
811 63
812 55
813 70
814 66
815 35
816 97
817 39
818 68
819 47
820 63
821 99
822 79
823 97
824 46
825 47
826 28
827 36
828 73
829 55
830 92
831 92
832 87
833 41
834 45
835 70
836 93
837 75
838 70
839 75
840 25
841 37
842 46
843 63
844 73
845 56
846 39
847 56
848 71
849 27
850 70
851 46
852 48
853 42
854 58
855 38
856 98
857 37
858 41
859 92
860 25
861 48
862 39
863 56
864 92
865 88
866 26
867 55
868 52
869 52
870 69
871 27
872 26
873 69
874 89
875 62
876 57
877 93
878 69
879 95
880 30
881 94
882 80
883 80
884 64
885 99
886 99
887 98
888 98
889 49
890 64
891 42
892 94
893 60
894 88
895 61
896 35
897 67
898 55
899 38
900 25
901 79
902 95
903 79
904 80
905 36
906 35
907 51
908 76
909 48
910 74
911 45
912 96
913 40
914 35
915 85
916 51
917 75
918 54
919 33
920 96
921 53
922 86
923 79
924 85
925 75
926 75
927 88
928 32
929 67
930 26
931 76
932 41
933 82
934 28
935 50
936 61
937 81
938 34
939 68
940 27
941 88
942 44
943 78
944 66
945 38
946 96
947 27
948 94
949 88
950 46
951 33
952 33
953 98
954 43
955 69
956 60
957 41
958 26
959 25
960 99
961 86
962 67
963 96
964 33
965 53
966 53
967 54
968 78
969 93
970 80
971 56
972 43
973 58
974 77
975 32
976 58
977 75
978 53
979 59
980 73
981 30
982 39
983 40
984 97
985 87
986 41
987 68
988 47
989 76
990 55
991 54
992 26
993 77
994 27
995 67
996 73
997 86
998 93
999 42
1000 73
