1
1000  
1 120
2 197
3 173
4 110
5 177
6 113
7 87
8 169
9 188
10 197
11 136
12 113
13 64
14 200
15 131
16 104
17 139
18 87
19 128
20 135
21 125
22 102
23 120
24 120
25 122
26 102
27 94
28 60
29 109
30 122
31 53
32 134
33 115
34 103
35 185
36 92
37 188
38 136
39 60
40 57
41 107
42 53
43 104
44 91
45 189
46 64
47 200
48 95
49 137
50 61
51 82
52 77
53 167
54 98
55 106
56 90
57 186
58 166
59 176
60 148
61 90
62 153
63 93
64 198
65 141
66 164
67 175
68 168
69 166
70 140
71 186
72 70
73 185
74 52
75 81
76 116
77 101
78 110
79 113
80 66
81 94
82 118
83 166
84 166
85 81
86 161
87 111
88 52
89 118
90 123
91 112
92 192
93 152
94 177
95 131
96 60
97 184
98 163
99 152
100 96
101 150
102 90
103 161
104 116
105 154
106 63
107 96
108 62
109 149
110 118
111 193
112 60
113 125
114 60
115 57
116 110
117 67
118 59
119 181
120 97
121 115
122 128
123 110
124 90
125 166
126 148
127 132
128 187
129 129
130 131
131 188
132 75
133 194
134 100
135 73
136 159
137 159
138 85
139 86
140 105
141 50
142 94
143 173
144 90
145 62
146 62
147 138
148 119
149 149
150 159
151 159
152 87
153 141
154 138
155 143
156 82
157 111
158 124
159 90
160 129
161 189
162 79
163 77
164 167
165 121
166 99
167 113
168 191
169 193
170 139
171 94
172 50
173 171
174 131
175 189
176 171
177 79
178 103
179 128
180 144
181 130
182 69
183 176
184 70
185 133
186 66
187 128
188 52
189 98
190 56
191 188
192 154
193 195
194 88
195 96
196 150
197 79
198 172
199 126
200 194
201 71
202 69
203 102
204 126
205 120
206 114
207 192
208 139
209 198
210 185
211 178
212 119
213 195
214 87
215 89
216 135
217 137
218 144
219 138
220 53
221 116
222 52
223 123
224 163
225 200
226 191
227 174
228 82
229 110
230 83
231 156
232 157
233 132
234 182
235 66
236 53
237 140
238 68
239 101
240 86
241 107
242 107
243 102
244 120
245 107
246 109
247 75
248 87
249 83
250 66
251 69
252 196
253 163
254 73
255 62
256 172
257 67
258 152
259 90
260 113
261 178
262 114
263 121
264 81
265 144
266 95
267 155
268 88
269 82
270 197
271 170
272 59
273 76
274 160
275 110
276 74
277 94
278 105
279 174
280 128
281 95
282 105
283 171
284 183
285 126
286 91
287 122
288 175
289 127
290 192
291 161
292 185
293 80
294 127
295 104
296 65
297 65
298 114
299 194
300 169
301 122
302 188
303 197
304 142
305 82
306 92
307 103
308 99
309 196
310 140
311 72
312 186
313 66
314 126
315 55
316 149
317 165
318 146
319 171
320 174
321 125
322 170
323 157
324 67
325 186
326 136
327 161
328 172
329 131
330 117
331 123
332 151
333 147
334 196
335 142
336 52
337 157
338 58
339 70
340 113
341 84
342 155
343 178
344 128
345 164
346 134
347 136
348 138
349 144
350 198
351 56
352 168
353 165
354 77
355 133
356 108
357 200
358 80
359 138
360 122
361 127
362 161
363 72
364 96
365 184
366 70
367 66
368 113
369 96
370 115
371 184
372 163
373 172
374 145
375 61
376 157
377 95
378 137
379 52
380 123
381 108
382 140
383 94
384 146
385 151
386 186
387 170
388 71
389 169
390 177
391 75
392 81
393 99
394 146
395 113
396 154
397 161
398 97
399 59
400 51
401 138
402 106
403 143
404 144
405 173
406 124
407 136
408 81
409 57
410 109
411 114
412 124
413 57
414 81
415 187
416 116
417 103
418 109
419 175
420 139
421 190
422 99
423 147
424 108
425 160
426 81
427 151
428 136
429 197
430 143
431 95
432 174
433 144
434 100
435 183
436 195
437 129
438 93
439 135
440 119
441 63
442 94
443 184
444 142
445 137
446 110
447 172
448 104
449 65
450 131
451 184
452 169
453 164
454 112
455 101
456 105
457 147
458 85
459 161
460 58
461 68
462 74
463 72
464 173
465 130
466 108
467 165
468 131
469 124
470 120
471 117
472 114
473 81
474 177
475 176
476 150
477 55
478 137
479 61
480 65
481 53
482 142
483 129
484 53
485 182
486 86
487 179
488 149
489 98
490 160
491 89
492 125
493 142
494 182
495 56
496 103
497 103
498 60
499 57
500 90
501 103
502 145
503 57
504 120
505 105
506 75
507 65
508 77
509 200
510 197
511 175
512 112
513 70
514 114
515 186
516 133
517 91
518 80
519 124
520 181
521 193
522 103
523 162
524 160
525 146
526 61
527 89
528 74
529 92
530 164
531 199
532 104
533 97
534 176
535 120
536 148
537 154
538 87
539 191
540 136
541 188
542 108
543 97
544 129
545 159
546 177
547 105
548 106
549 95
550 124
551 129
552 137
553 143
554 57
555 184
556 92
557 86
558 180
559 171
560 149
561 126
562 154
563 183
564 107
565 128
566 86
567 123
568 179
569 58
570 133
571 77
572 180
573 184
574 174
575 92
576 149
577 157
578 108
579 108
580 93
581 73
582 170
583 182
584 135
585 132
586 111
587 173
588 140
589 92
590 164
591 115
592 106
593 184
594 171
595 144
596 81
597 182
598 61
599 175
600 159
601 72
602 136
603 140
604 82
605 86
606 173
607 71
608 93
609 133
610 184
611 112
612 98
613 123
614 171
615 113
616 184
617 193
618 146
619 100
620 72
621 86
622 196
623 195
624 82
625 166
626 66
627 82
628 112
629 134
630 74
631 63
632 137
633 87
634 84
635 123
636 148
637 199
638 82
639 83
640 187
641 137
642 174
643 170
644 152
645 118
646 97
647 167
648 68
649 56
650 94
651 179
652 150
653 88
654 60
655 134
656 121
657 170
658 137
659 182
660 72
661 178
662 177
663 68
664 190
665 161
666 169
667 66
668 150
669 103
670 108
671 147
672 73
673 74
674 163
675 74
676 54
677 97
678 157
679 123
680 121
681 132
682 89
683 127
684 160
685 133
686 119
687 105
688 166
689 188
690 196
691 74
692 113
693 167
694 116
695 80
696 134
697 198
698 109
699 96
700 86
701 106
702 133
703 90
704 197
705 130
706 150
707 179
708 92
709 85
710 104
711 123
712 103
713 190
714 114
715 68
716 124
717 156
718 61
719 162
720 79
721 125
722 110
723 52
724 95
725 157
726 65
727 161
728 120
729 75
730 144
731 56
732 184
733 64
734 196
735 187
736 107
737 127
738 108
739 91
740 122
741 96
742 85
743 171
744 200
745 98
746 75
747 67
748 198
749 116
750 156
751 68
752 83
753 155
754 57
755 137
756 175
757 155
758 195
759 123
760 104
761 182
762 64
763 56
764 173
765 52
766 90
767 98
768 84
769 94
770 84
771 200
772 173
773 100
774 76
775 189
776 157
777 151
778 163
779 184
780 185
781 178
782 117
783 53
784 125
785 91
786 94
787 138
788 69
789 171
790 187
791 59
792 191
793 175
794 62
795 135
796 99
797 191
798 72
799 80
800 91
801 77
802 200
803 200
804 193
805 59
806 98
807 135
808 130
809 146
810 198
811 130
812 114
813 55
814 183
815 82
816 131
817 92
818 134
819 123
820 162
821 158
822 55
823 152
824 110
825 176
826 165
827 68
828 50
829 169
830 147
831 119
832 153
833 142
834 104
835 151
836 178
837 177
838 70
839 98
840 190
841 52
842 128
843 146
844 131
845 66
846 146
847 122
848 153
849 57
850 142
851 153
852 185
853 80
854 51
855 114
856 128
857 104
858 101
859 132
860 96
861 83
862 121
863 111
864 72
865 91
866 78
867 104
868 125
869 148
870 86
871 105
872 114
873 198
874 195
875 125
876 72
877 50
878 82
879 87
880 153
881 128
882 79
883 82
884 80
885 135
886 170
887 105
888 168
889 139
890 145
891 78
892 195
893 102
894 189
895 55
896 97
897 96
898 185
899 183
900 70
901 133
902 182
903 188
904 144
905 168
906 81
907 181
908 58
909 162
910 193
911 193
912 177
913 191
914 122
915 148
916 135
917 63
918 168
919 88
920 161
921 169
922 153
923 111
924 175
925 64
926 52
927 197
928 200
929 187
930 158
931 61
932 65
933 73
934 197
935 117
936 125
937 66
938 174
939 67
940 51
941 173
942 58
943 57
944 76
945 157
946 69
947 167
948 149
949 167
950 108
951 173
952 95
953 102
954 175
955 119
956 127
957 117
958 149
959 100
960 147
961 136
962 121
963 52
964 66
965 160
966 111
967 161
968 123
969 92
970 128
971 69
972 112
973 72
974 110
975 60
976 155
977 124
978 98
979 195
980 113
981 170
982 107
983 192
984 150
985 132
986 153
987 105
988 150
989 149
990 51
991 152
992 195
993 88
994 153
995 168
996 60
997 127
998 155
999 111
1000 142
