1
1000  
1 142
2 61
3 198
4 75
5 98
6 104
7 168
8 110
9 124
10 132
11 110
12 118
13 103
14 98
15 175
16 145
17 125
18 144
19 192
20 137
21 118
22 173
23 64
24 115
25 66
26 138
27 118
28 93
29 105
30 139
31 179
32 68
33 127
34 119
35 182
36 192
37 187
38 67
39 92
40 68
41 120
42 86
43 117
44 184
45 91
46 168
47 168
48 64
49 136
50 134
51 81
52 62
53 195
54 188
55 146
56 180
57 145
58 74
59 187
60 174
61 188
62 140
63 91
64 62
65 147
66 81
67 180
68 72
69 118
70 72
71 86
72 99
73 88
74 138
75 62
76 84
77 141
78 87
79 77
80 127
81 169
82 87
83 64
84 115
85 139
86 115
87 172
88 141
89 173
90 188
91 192
92 174
93 79
94 174
95 105
96 84
97 143
98 147
99 156
100 151
