1
1000  
1 85
2 63
3 78
4 25
5 78
6 96
7 54
8 59
9 39
10 54
11 91
12 49
13 30
14 49
15 25
16 39
17 38
18 57
19 46
20 50
21 60
22 64
23 77
24 64
25 88
26 71
27 50
28 81
29 76
30 59
31 33
32 95
33 78
34 54
35 79
36 43
37 71
38 64
39 45
40 35
41 61
42 49
43 29
44 38
45 58
46 33
47 83
48 71
49 97
50 48
51 57
52 60
53 75
54 58
55 98
56 68
57 43
58 46
59 26
60 87
61 44
62 52
63 86
64 43
65 69
66 30
67 72
68 61
69 79
70 47
71 90
72 71
73 73
74 41
75 41
76 94
77 91
78 59
79 83
80 54
81 81
82 56
83 46
84 44
85 90
86 25
87 95
88 40
89 90
90 91
91 60
92 34
93 86
94 33
95 78
96 30
97 88
98 79
99 28
100 57
