1
1000  
1 425
2 591
3 780
4 698
5 413
6 443
7 654
8 358
9 487
10 567
11 574
12 513
13 243
14 518
15 538
16 369
17 486
18 642
19 352
20 398
21 436
22 786
23 473
24 208
25 431
26 798
27 415
28 453
29 557
30 285
31 217
32 772
33 208
34 498
35 445
36 775
37 338
38 560
39 617
40 617
41 527
42 665
43 404
44 277
45 421
46 263
47 761
48 738
49 375
50 270
51 755
52 324
53 298
54 745
55 242
56 512
57 774
58 482
59 633
60 700
61 287
62 411
63 745
64 416
65 362
66 469
67 312
68 572
69 464
70 666
71 470
72 776
73 324
74 727
75 588
76 573
77 697
78 319
79 488
80 763
81 624
82 529
83 684
84 469
85 538
86 661
87 505
88 799
89 335
90 334
91 730
92 367
93 235
94 275
95 487
96 599
97 577
98 677
99 492
100 441
101 423
102 245
103 556
104 782
105 203
106 397
107 780
108 554
109 527
110 799
111 436
112 580
113 594
114 711
115 571
116 777
117 216
118 341
119 427
120 436
121 499
122 545
123 261
124 693
125 386
126 745
127 266
128 472
129 361
130 358
131 672
132 495
133 442
134 322
135 716
136 405
137 712
138 473
139 713
140 220
141 391
142 273
143 438
144 366
145 621
146 754
147 711
148 421
149 765
150 484
151 483
152 494
153 798
154 329
155 457
156 246
157 600
158 650
159 390
160 240
161 495
162 570
163 552
164 475
165 657
166 772
167 638
168 430
169 769
170 245
171 258
172 221
173 782
174 262
175 298
176 297
177 654
178 448
179 624
180 464
181 401
182 271
183 508
184 499
185 649
186 330
187 290
188 798
189 317
190 419
191 623
192 601
193 320
194 340
195 222
196 323
197 427
198 353
199 377
200 254
201 634
202 702
203 299
204 511
205 377
206 259
207 604
208 560
209 489
210 529
211 232
212 449
213 584
214 306
215 599
216 339
217 234
218 278
219 767
220 660
221 636
222 380
223 452
224 688
225 348
226 264
227 287
228 797
229 706
230 402
231 417
232 400
233 316
234 308
235 764
236 478
237 724
238 533
239 455
240 594
241 408
242 724
243 341
244 580
245 404
246 202
247 728
248 367
249 343
250 669
251 749
252 207
253 297
254 367
255 592
256 306
257 602
258 503
259 750
260 718
261 306
262 640
263 794
264 751
265 611
266 610
267 220
268 739
269 729
270 388
271 617
272 255
273 477
274 612
275 536
276 480
277 475
278 447
279 275
280 379
281 343
282 794
283 422
284 555
285 264
286 471
287 741
288 733
289 276
290 743
291 478
292 533
293 773
294 218
295 382
296 553
297 529
298 694
299 393
300 414
301 628
302 616
303 432
304 291
305 426
306 270
307 593
308 410
309 602
310 741
311 649
312 232
313 795
314 384
315 494
316 230
317 372
318 417
319 456
320 551
321 368
322 408
323 573
324 524
325 657
326 587
327 576
328 700
329 547
330 422
331 798
332 331
333 563
334 299
335 480
336 763
337 774
338 357
339 491
340 752
341 750
342 458
343 447
344 385
345 717
346 232
347 644
348 546
349 669
350 465
351 773
352 692
353 384
354 283
355 332
356 514
357 679
358 226
359 332
360 589
361 514
362 599
363 685
364 497
365 768
366 311
367 548
368 486
369 636
370 752
371 512
372 252
373 245
374 746
375 510
376 629
377 516
378 614
379 349
380 220
381 662
382 758
383 394
384 792
385 353
386 399
387 750
388 519
389 319
390 695
391 432
392 438
393 456
394 588
395 296
396 557
397 800
398 447
399 673
400 350
401 614
402 463
403 719
404 634
405 486
406 436
407 382
408 291
409 436
410 754
411 732
412 587
413 635
414 390
415 640
416 468
417 585
418 472
419 791
420 722
421 299
422 305
423 626
424 548
425 595
426 528
427 762
428 740
429 707
430 388
431 340
432 391
433 325
434 453
435 432
436 615
437 734
438 783
439 683
440 201
441 569
442 471
443 373
444 791
445 213
446 316
447 347
448 239
449 298
450 208
451 412
452 416
453 608
454 613
455 630
456 274
457 568
458 332
459 529
460 547
461 468
462 739
463 671
464 731
465 496
466 614
467 642
468 222
469 201
470 689
471 321
472 567
473 663
474 465
475 307
476 786
477 609
478 539
479 222
480 617
481 473
482 639
483 233
484 489
485 363
486 778
487 297
488 515
489 610
490 783
491 665
492 544
493 753
494 590
495 220
496 367
497 327
498 311
499 450
500 537
501 361
502 684
503 449
504 230
505 338
506 761
507 696
508 316
509 478
510 277
511 598
512 764
513 714
514 267
515 319
516 639
517 749
518 732
519 293
520 740
521 209
522 365
523 449
524 353
525 338
526 603
527 473
528 669
529 513
530 281
531 606
532 563
533 402
534 472
535 275
536 796
537 537
538 581
539 471
540 756
541 488
542 762
543 654
544 534
545 307
546 497
547 461
548 657
549 212
550 766
551 320
552 206
553 390
554 444
555 368
556 600
557 402
558 411
559 665
560 620
561 430
562 263
563 262
564 242
565 496
566 736
567 351
568 249
569 272
570 266
571 792
572 576
573 539
574 582
575 794
576 785
577 546
578 732
579 746
580 437
581 443
582 281
583 690
584 789
585 448
586 773
587 234
588 794
589 270
590 410
591 545
592 477
593 233
594 631
595 628
596 425
597 695
598 244
599 338
600 368
601 521
602 255
603 563
604 392
605 313
606 463
607 632
608 742
609 618
610 633
611 481
612 255
613 741
614 524
615 739
616 733
617 396
618 751
619 202
620 511
621 254
622 582
623 650
624 731
625 660
626 337
627 594
628 545
629 750
630 536
631 748
632 204
633 379
634 253
635 715
636 293
637 743
638 425
639 357
640 226
641 657
642 370
643 447
644 462
645 425
646 311
647 783
648 415
649 482
650 345
651 387
652 206
653 775
654 390
655 221
656 578
657 204
658 671
659 273
660 588
661 309
662 725
663 597
664 263
665 265
666 321
667 659
668 734
669 350
670 361
671 683
672 532
673 762
674 529
675 526
676 481
677 390
678 534
679 308
680 355
681 322
682 375
683 710
684 540
685 274
686 412
687 567
688 273
689 543
690 322
691 233
692 750
693 514
694 798
695 511
696 380
697 427
698 666
699 627
700 738
701 799
702 475
703 337
704 334
705 445
706 241
707 313
708 241
709 757
710 204
711 570
712 255
713 761
714 549
715 244
716 783
717 638
718 665
719 643
720 708
721 674
722 495
723 799
724 294
725 254
726 707
727 503
728 249
729 698
730 220
731 678
732 487
733 711
734 590
735 381
736 553
737 324
738 265
739 440
740 745
741 753
742 624
743 355
744 593
745 598
746 645
747 481
748 316
749 553
750 634
751 544
752 696
753 656
754 472
755 587
756 765
757 515
758 359
759 436
760 739
761 570
762 382
763 456
764 574
765 451
766 279
767 440
768 383
769 644
770 537
771 263
772 318
773 246
774 243
775 419
776 302
777 211
778 379
779 728
780 499
781 236
782 475
783 747
784 413
785 548
786 331
787 319
788 239
789 522
790 495
791 490
792 654
793 354
794 311
795 359
796 484
797 749
798 502
799 624
800 392
801 708
802 628
803 665
804 621
805 555
806 234
807 495
808 230
809 655
810 563
811 649
812 444
813 343
814 491
815 244
816 346
817 274
818 343
819 718
820 504
821 374
822 499
823 484
824 643
825 748
826 546
827 509
828 205
829 295
830 368
831 788
832 684
833 263
834 462
835 541
836 354
837 759
838 203
839 528
840 245
841 752
842 645
843 760
844 582
845 355
846 449
847 493
848 436
849 574
850 316
851 652
852 336
853 693
854 526
855 336
856 485
857 323
858 737
859 263
860 589
861 451
862 584
863 452
864 279
865 691
866 630
867 232
868 734
869 459
870 414
871 469
872 598
873 773
874 547
875 342
876 351
877 380
878 469
879 528
880 487
881 350
882 394
883 794
884 431
885 594
886 401
887 515
888 667
889 632
890 398
891 705
892 523
893 571
894 685
895 546
896 723
897 495
898 270
899 679
900 220
901 473
902 473
903 399
904 648
905 288
906 500
907 665
908 336
909 790
910 373
911 263
912 214
913 483
914 470
915 748
916 301
917 286
918 436
919 516
920 722
921 728
922 530
923 386
924 442
925 529
926 794
927 689
928 371
929 228
930 661
931 253
932 357
933 373
934 366
935 722
936 579
937 538
938 223
939 723
940 313
941 625
942 238
943 302
944 215
945 578
946 260
947 576
948 651
949 571
950 718
951 259
952 485
953 327
954 280
955 237
956 407
957 795
958 589
959 720
960 687
961 330
962 678
963 531
964 472
965 650
966 572
967 538
968 210
969 744
970 348
971 227
972 571
973 553
974 746
975 242
976 512
977 391
978 561
979 270
980 280
981 799
982 479
983 327
984 499
985 327
986 207
987 240
988 740
989 436
990 791
991 516
992 461
993 641
994 495
995 677
996 315
997 606
998 691
999 600
1000 752
