1
1000  
1 28
2 68
3 98
4 48
5 31
6 58
7 91
8 55
9 37
10 53
11 46
12 42
13 99
14 45
15 85
16 90
17 93
18 51
19 62
20 87
21 38
22 44
23 81
24 78
25 90
26 52
27 72
28 95
29 88
30 95
31 36
32 27
33 33
34 95
35 38
36 54
37 76
38 53
39 26
40 46
41 96
42 47
43 88
44 83
45 44
46 45
47 60
48 41
49 83
50 54
51 87
52 47
53 62
54 68
55 73
56 71
57 95
58 43
59 44
60 42
61 37
62 84
63 84
64 30
65 71
66 77
67 34
68 32
69 31
70 90
71 65
72 70
73 26
74 40
75 61
76 72
77 74
78 69
79 54
80 49
81 64
82 88
83 47
84 36
85 28
86 97
87 69
88 85
89 65
90 86
91 80
92 83
93 64
94 62
95 25
96 82
97 25
98 60
99 65
100 80
101 80
102 37
103 49
104 60
105 99
106 39
107 46
108 85
109 89
110 63
111 44
112 92
113 45
114 27
115 96
116 46
117 60
118 36
119 42
120 48
121 44
122 73
123 52
124 76
125 68
126 99
127 48
128 85
129 68
130 50
131 85
132 72
133 58
134 50
135 38
136 49
137 32
138 53
139 62
140 89
141 42
142 25
143 26
144 28
145 35
146 50
147 96
148 46
149 66
150 30
151 41
152 35
153 100
154 28
155 69
156 75
157 80
158 49
159 63
160 56
161 80
162 75
163 100
164 41
165 79
166 59
167 97
168 49
169 70
170 65
171 62
172 86
173 59
174 37
175 88
176 63
177 30
178 78
179 79
180 90
181 30
182 71
183 69
184 61
185 58
186 61
187 64
188 54
189 70
190 40
191 45
192 71
193 29
194 93
195 63
196 52
197 53
198 60
199 50
200 66
201 60
202 51
203 82
204 71
205 78
206 92
207 57
208 44
209 27
210 26
211 76
212 26
213 87
214 82
215 37
216 89
217 36
218 30
219 59
220 77
221 63
222 74
223 85
224 33
225 96
226 33
227 76
228 32
229 30
230 38
231 99
232 97
233 25
234 98
235 39
236 47
237 71
238 50
239 58
240 41
241 28
242 77
243 94
244 88
245 28
246 51
247 43
248 85
249 85
250 82
251 94
252 60
253 62
254 71
255 90
256 76
257 60
258 60
259 68
260 32
261 62
262 42
263 42
264 59
265 46
266 29
267 53
268 95
269 32
270 31
271 72
272 99
273 40
274 87
275 75
276 52
277 37
278 89
279 97
280 55
281 32
282 60
283 76
284 32
285 90
286 100
287 79
288 87
289 74
290 38
291 37
292 83
293 28
294 85
295 92
296 93
297 78
298 41
299 100
300 39
301 69
302 57
303 46
304 45
305 63
306 64
307 37
308 83
309 84
310 59
311 93
312 77
313 36
314 98
315 57
316 40
317 97
318 68
319 76
320 72
321 60
322 90
323 61
324 27
325 45
326 41
327 76
328 86
329 43
330 86
331 50
332 56
333 42
334 37
335 83
336 51
337 61
338 46
339 84
340 87
341 54
342 42
343 34
344 50
345 73
346 31
347 62
348 27
349 37
350 29
351 31
352 69
353 25
354 30
355 66
356 84
357 49
358 100
359 34
360 72
361 97
362 32
363 77
364 87
365 58
366 29
367 69
368 94
369 97
370 41
371 55
372 73
373 91
374 74
375 90
376 25
377 79
378 87
379 57
380 85
381 71
382 55
383 87
384 57
385 89
386 41
387 97
388 97
389 78
390 83
391 37
392 69
393 32
394 44
395 91
396 93
397 45
398 40
399 43
400 97
