1
1000  
1 558
2 517
3 262
4 330
5 762
6 730
7 579
8 246
9 731
10 647
11 683
12 702
13 352
14 215
15 225
16 499
17 365
18 736
19 310
20 224
21 648
22 412
23 319
24 320
25 551
26 244
27 222
28 693
29 642
30 352
31 324
32 638
33 555
34 585
35 610
36 650
37 556
38 799
39 447
40 527
41 800
42 557
43 215
44 471
45 487
46 640
47 211
48 523
49 550
50 410
51 681
52 371
53 235
54 647
55 500
56 734
57 400
58 488
59 648
60 434
61 685
62 570
63 255
64 778
65 270
66 463
67 316
68 783
69 719
70 315
71 524
72 790
73 324
74 796
75 456
76 273
77 651
78 668
79 352
80 455
81 224
82 463
83 437
84 604
85 509
86 380
87 250
88 495
89 579
90 759
91 426
92 773
93 708
94 756
95 386
96 320
97 625
98 234
99 623
100 556
101 330
102 735
103 485
104 780
105 373
106 677
107 305
108 626
109 788
110 690
111 632
112 688
113 473
114 681
115 755
116 591
117 230
118 350
119 710
120 573
121 396
122 483
123 754
124 489
125 212
126 532
127 504
128 644
129 633
130 696
131 522
132 224
133 347
134 784
135 443
136 270
137 686
138 738
139 570
140 251
141 486
142 772
143 337
144 570
145 496
146 751
147 608
148 408
149 573
150 577
151 400
152 329
153 247
154 345
155 660
156 288
157 610
158 749
159 437
160 225
161 252
162 537
163 583
164 789
165 564
166 800
167 240
168 430
169 743
170 685
171 760
172 483
173 527
174 420
175 539
176 208
177 519
178 219
179 535
180 499
181 767
182 670
183 296
184 666
185 671
186 649
187 679
188 235
189 445
190 383
191 742
192 729
193 683
194 441
195 450
196 264
197 675
198 280
199 450
200 463
201 440
202 227
203 374
204 527
205 528
206 453
207 715
208 537
209 359
210 500
211 483
212 385
213 331
214 547
215 259
216 357
217 427
218 612
219 221
220 719
221 370
222 413
223 495
224 304
225 445
226 671
227 725
228 643
229 641
230 324
231 339
232 680
233 578
234 575
235 205
236 240
237 615
238 487
239 309
240 396
241 332
242 499
243 358
244 494
245 658
246 212
247 450
248 268
249 738
250 373
251 604
252 554
253 668
254 351
255 446
256 683
257 221
258 478
259 738
260 363
261 595
262 686
263 284
264 570
265 280
266 268
267 641
268 611
269 268
270 409
271 756
272 468
273 559
274 520
275 708
276 420
277 526
278 284
279 739
280 574
281 664
282 650
283 768
284 349
285 786
286 732
287 530
288 724
289 584
290 594
291 327
292 773
293 291
294 477
295 793
296 460
297 516
298 662
299 271
300 209
301 552
302 204
303 335
304 553
305 710
306 370
307 210
308 781
309 493
310 559
311 476
312 263
313 487
314 222
315 323
316 604
317 699
318 683
319 471
320 200
321 363
322 795
323 396
324 797
325 294
326 271
327 629
328 379
329 363
330 237
331 227
332 516
333 651
334 392
335 223
336 545
337 553
338 666
339 588
340 721
341 388
342 243
343 522
344 234
345 689
346 772
347 343
348 264
349 594
350 598
351 417
352 455
353 387
354 793
355 559
356 787
357 204
358 711
359 727
360 293
361 653
362 613
363 554
364 285
365 301
366 540
367 794
368 762
369 730
370 292
371 626
372 743
373 718
374 282
375 541
376 421
377 453
378 755
379 646
380 510
381 583
382 545
383 660
384 467
385 275
386 636
387 491
388 553
389 440
390 625
391 710
392 269
393 727
394 300
395 266
396 495
397 324
398 457
399 253
400 443
401 465
402 759
403 293
404 728
405 350
406 619
407 561
408 562
409 425
410 213
411 652
412 463
413 356
414 749
415 256
416 578
417 529
418 439
419 558
420 372
421 464
422 560
423 543
424 647
425 576
426 245
427 691
428 239
429 474
430 694
431 285
432 798
433 286
434 381
435 582
436 445
437 414
438 427
439 758
440 589
441 379
442 663
443 521
444 701
445 285
446 221
447 527
448 370
449 214
450 436
451 441
452 627
453 601
454 231
455 596
456 681
457 664
458 276
459 532
460 472
461 737
462 452
463 275
464 228
465 312
466 443
467 400
468 290
469 319
470 242
471 350
472 314
473 738
474 518
475 609
476 549
477 361
478 580
479 480
480 712
481 774
482 246
483 490
484 785
485 581
486 768
487 739
488 340
489 579
490 201
491 704
492 438
493 297
494 541
495 277
496 555
497 499
498 331
499 589
500 688
501 516
502 800
503 488
504 427
505 255
506 763
507 225
508 302
509 205
510 513
511 383
512 373
513 413
514 586
515 787
516 312
517 263
518 682
519 690
520 634
521 511
522 344
523 737
524 548
525 783
526 783
527 685
528 586
529 787
530 537
531 677
532 779
533 386
534 402
535 482
536 219
537 572
538 765
539 464
540 593
541 328
542 303
543 303
544 577
545 312
546 730
547 376
548 358
549 742
550 205
551 535
552 520
553 643
554 672
555 568
556 650
557 216
558 683
559 395
560 449
561 637
562 341
563 715
564 340
565 397
566 345
567 205
568 336
569 533
570 515
571 383
572 248
573 517
574 790
575 773
576 638
577 501
578 470
579 749
580 221
581 680
582 336
583 769
584 209
585 281
586 720
587 520
588 347
589 369
590 418
591 309
592 721
593 282
594 483
595 683
596 761
597 483
598 286
599 326
600 550
601 308
602 352
603 641
604 608
605 214
606 435
607 698
608 613
609 599
610 690
611 455
612 225
613 580
614 231
615 753
616 259
617 414
618 267
619 284
620 398
621 388
622 426
623 350
624 679
625 418
626 310
627 356
628 209
629 770
630 225
631 308
632 592
633 292
634 397
635 673
636 208
637 658
638 742
639 442
640 445
641 793
642 681
643 708
644 679
645 247
646 518
647 646
648 686
649 434
650 398
651 213
652 512
653 565
654 680
655 549
656 378
657 601
658 578
659 529
660 674
661 688
662 534
663 626
664 415
665 453
666 302
667 635
668 687
669 452
670 599
671 783
672 731
673 659
674 598
675 284
676 235
677 376
678 372
679 362
680 304
681 246
682 553
683 586
684 465
685 354
686 543
687 303
688 362
689 203
690 621
691 683
692 716
693 795
694 311
695 230
696 561
697 232
698 358
699 677
700 728
701 684
702 657
703 536
704 250
705 678
706 481
707 427
708 205
709 378
710 780
711 702
712 691
713 711
714 487
715 632
716 586
717 695
718 518
719 465
720 624
721 780
722 482
723 266
724 325
725 792
726 329
727 630
728 292
729 699
730 246
731 470
732 674
733 228
734 788
735 266
736 454
737 611
738 326
739 231
740 680
741 703
742 239
743 397
744 658
745 307
746 598
747 322
748 795
749 496
750 213
751 589
752 364
753 672
754 583
755 606
756 381
757 748
758 588
759 562
760 582
761 260
762 576
763 543
764 376
765 470
766 583
767 303
768 578
769 313
770 767
771 758
772 252
773 217
774 684
775 388
776 684
777 205
778 517
779 640
780 373
781 520
782 302
783 349
784 457
785 253
786 573
787 618
788 500
789 739
790 386
791 488
792 287
793 481
794 281
795 329
796 286
797 476
798 382
799 760
800 231
801 709
802 456
803 647
804 368
805 448
806 675
807 346
808 519
809 232
810 735
811 559
812 529
813 378
814 325
815 251
816 616
817 516
818 371
819 333
820 478
821 226
822 366
823 409
824 576
825 359
826 348
827 549
828 327
829 566
830 649
831 211
832 234
833 748
834 524
835 320
836 594
837 339
838 354
839 679
840 704
841 340
842 760
843 539
844 595
845 572
846 429
847 461
848 759
849 704
850 539
851 564
852 374
853 267
854 726
855 216
856 526
857 240
858 271
859 534
860 698
861 286
862 605
863 393
864 333
865 509
866 210
867 655
868 505
869 522
870 723
871 597
872 283
873 247
874 239
875 376
876 790
877 752
878 447
879 456
880 777
881 241
882 696
883 456
884 461
885 417
886 530
887 462
888 757
889 575
890 216
891 462
892 462
893 491
894 299
895 760
896 479
897 418
898 210
899 389
900 573
901 366
902 475
903 616
904 541
905 652
906 479
907 311
908 738
909 580
910 210
911 687
912 362
913 406
914 427
915 767
916 277
917 732
918 222
919 705
920 393
921 332
922 752
923 659
924 468
925 310
926 598
927 665
928 800
929 694
930 674
931 394
932 530
933 628
934 509
935 287
936 511
937 342
938 498
939 471
940 463
941 201
942 772
943 634
944 496
945 486
946 492
947 548
948 697
949 663
950 308
951 324
952 302
953 496
954 467
955 627
956 216
957 527
958 398
959 500
960 453
961 685
962 284
963 515
964 635
965 733
966 345
967 691
968 335
969 723
970 370
971 787
972 470
973 333
974 457
975 694
976 479
977 734
978 356
979 544
980 307
981 518
982 581
983 636
984 390
985 305
986 648
987 567
988 672
989 501
990 330
991 572
992 385
993 381
994 331
995 723
996 639
997 557
998 547
999 727
1000 478
