1
1000  
1 790
2 572
3 449
4 437
5 222
6 203
7 791
8 429
9 504
10 514
11 371
12 576
13 654
14 706
15 424
16 264
17 519
18 751
19 629
20 565
21 500
22 477
23 600
24 681
25 408
26 693
27 510
28 266
29 654
30 582
31 448
32 683
33 465
34 250
35 399
36 580
37 703
38 219
39 524
40 787
41 451
42 713
43 769
44 299
45 214
46 248
47 632
48 214
49 414
50 557
51 651
52 643
53 575
54 296
55 628
56 609
57 714
58 483
59 478
60 586
61 350
62 233
63 278
64 774
65 314
66 781
67 771
68 295
69 438
70 656
71 537
72 668
73 381
74 407
75 240
76 726
77 662
78 325
79 491
80 323
81 441
82 219
83 254
84 701
85 798
86 770
87 284
88 529
89 633
90 572
91 334
92 742
93 451
94 655
95 409
96 243
97 551
98 475
99 391
100 438
101 288
102 502
103 388
104 273
105 684
106 779
107 212
108 445
109 435
110 432
111 238
112 375
113 674
114 259
115 714
116 266
117 274
118 429
119 612
120 411
121 298
122 447
123 269
124 503
125 593
126 283
127 630
128 638
129 731
130 623
131 741
132 679
133 590
134 744
135 688
136 609
137 739
138 633
139 524
140 733
141 774
142 679
143 784
144 635
145 430
146 734
147 622
148 202
149 756
150 565
151 220
152 552
153 520
154 711
155 546
156 553
157 293
158 779
159 607
160 393
161 754
162 509
163 296
164 225
165 732
166 217
167 280
168 368
169 464
170 678
171 332
172 379
173 372
174 517
175 754
176 400
177 522
178 280
179 796
180 376
181 461
182 391
183 544
184 632
185 754
186 385
187 440
188 588
189 414
190 678
191 412
192 368
193 466
194 633
195 642
196 564
197 400
198 713
199 206
200 392
201 487
202 337
203 297
204 397
205 382
206 382
207 778
208 473
209 768
210 558
211 698
212 497
213 610
214 775
215 235
216 679
217 675
218 438
219 239
220 514
221 503
222 798
223 741
224 416
225 365
226 600
227 486
228 559
229 565
230 273
231 578
232 589
233 253
234 650
235 377
236 585
237 620
238 327
239 222
240 732
241 291
242 372
243 303
244 476
245 488
246 338
247 518
248 740
249 255
250 704
251 396
252 499
253 663
254 242
255 685
256 731
257 446
258 544
259 703
260 622
261 213
262 745
263 766
264 762
265 347
266 751
267 361
268 575
269 505
270 479
271 764
272 293
273 624
274 554
275 723
276 452
277 768
278 336
279 286
280 689
281 679
282 598
283 702
284 482
285 225
286 744
287 404
288 717
289 761
290 424
291 566
292 276
293 264
294 704
295 332
296 434
297 212
298 274
299 585
300 539
301 708
302 261
303 604
304 502
305 625
306 673
307 505
308 340
309 781
310 389
311 346
312 675
313 516
314 656
315 788
316 463
317 224
318 545
319 278
320 566
321 294
322 598
323 526
324 344
325 357
326 618
327 519
328 509
329 246
330 580
331 503
332 783
333 392
334 667
335 459
336 272
337 338
338 740
339 375
340 678
341 497
342 516
343 380
344 520
345 782
346 329
347 223
348 320
349 534
350 356
351 361
352 367
353 503
354 263
355 367
356 753
357 276
358 348
359 202
360 519
361 220
362 499
363 773
364 553
365 283
366 351
367 433
368 273
369 664
370 245
371 778
372 562
373 503
374 733
375 463
376 373
377 549
378 554
379 286
380 699
381 227
382 512
383 330
384 550
385 685
386 580
387 520
388 699
389 602
390 775
391 699
392 795
393 202
394 497
395 679
396 771
397 296
398 630
399 410
400 619
