1
1000  
1 92
2 46
3 40
4 73
5 38
6 66
7 29
8 66
9 48
10 84
11 88
12 96
13 35
14 92
15 41
16 39
17 45
18 72
19 78
20 100
21 51
22 61
23 68
24 25
25 35
26 67
27 99
28 90
29 32
30 83
31 27
32 38
33 32
34 33
35 72
36 100
37 25
38 61
39 78
40 95
41 50
42 52
43 31
44 77
45 86
46 71
47 98
48 58
49 62
50 48
51 47
52 76
53 46
54 63
55 45
56 29
57 39
58 28
59 64
60 84
61 77
62 99
63 72
64 99
65 43
66 41
67 74
68 28
69 32
70 55
71 61
72 42
73 55
74 26
75 71
76 92
77 84
78 50
79 91
80 44
81 54
82 42
83 84
84 49
85 84
86 44
87 78
88 71
89 62
90 99
91 34
92 78
93 31
94 71
95 68
96 52
97 42
98 84
99 76
100 33
