1
100  
1 49
2 30
3 35
4 18
5 42
6 5
7 22
8 1
9 41
10 33
11 30
12 17
13 39
14 45
15 11
16 39
17 10
18 23
19 21
20 23
21 21
22 38
23 33
24 47
25 40
26 24
27 41
28 12
29 25
30 46
31 37
32 44
33 49
34 20
35 18
36 17
37 17
38 28
39 37
40 6
41 29
42 24
43 7
44 26
45 5
46 13
47 10
48 5
49 3
50 46
51 46
52 38
53 26
54 31
55 14
56 19
57 21
58 41
59 46
60 24
61 12
62 24
63 33
64 5
65 16
66 23
67 50
68 24
69 11
70 12
71 9
72 1
73 23
74 10
75 50
76 19
77 39
78 43
79 4
80 7
81 44
82 30
83 21
84 48
85 12
86 42
87 11
88 34
89 9
90 28
91 31
92 40
93 3
94 24
95 41
96 26
97 12
98 19
99 25
100 30
101 7
102 48
103 46
104 41
105 32
106 18
107 34
108 7
109 8
110 21
111 8
112 43
113 17
114 24
115 1
116 23
117 36
118 13
119 6
120 42
121 44
122 36
123 8
124 36
125 22
126 38
127 12
128 19
129 43
130 50
131 1
132 36
133 1
134 21
135 25
136 17
137 43
138 46
139 11
140 32
141 40
142 17
143 28
144 12
145 26
146 48
147 48
148 4
149 8
150 33
151 35
152 11
153 42
154 33
155 32
156 21
157 42
158 39
159 9
160 46
161 23
162 8
163 9
164 25
165 15
166 40
167 42
168 38
169 30
170 34
171 50
172 25
173 14
174 4
175 46
176 9
177 48
178 27
179 30
180 33
181 18
182 25
183 5
184 34
185 33
186 3
187 48
188 25
189 37
190 2
191 48
192 31
193 13
194 8
195 18
196 30
197 45
198 31
199 22
200 27
201 25
202 32
203 20
204 32
205 32
206 48
207 18
208 18
209 15
210 25
211 35
212 45
213 2
214 5
215 36
216 14
217 8
218 39
219 17
220 25
221 41
222 12
223 29
224 5
225 45
226 11
227 9
228 39
229 47
230 37
231 37
232 46
233 24
234 31
235 21
236 34
237 17
238 41
239 22
240 35
241 39
242 11
243 11
244 23
245 26
246 31
247 1
248 23
249 12
250 14
251 26
252 22
253 16
254 25
255 8
256 24
257 1
258 37
259 9
260 2
261 14
262 1
263 18
264 27
265 38
266 25
267 46
268 22
269 38
270 7
271 8
272 26
273 15
274 11
275 26
276 34
277 21
278 31
279 26
280 18
281 7
282 15
283 32
284 37
285 49
286 8
287 27
288 39
289 32
290 49
291 5
292 24
293 8
294 34
295 37
296 31
297 19
298 2
299 7
300 4
301 3
302 30
303 50
304 11
305 10
306 28
307 33
308 20
309 1
310 21
311 30
312 6
313 1
314 18
315 4
316 37
317 17
318 4
319 3
320 33
321 6
322 27
323 13
324 12
325 22
326 17
327 13
328 46
329 10
330 48
331 12
332 40
333 44
334 1
335 45
336 37
337 14
338 4
339 18
340 27
341 38
342 43
343 2
344 18
345 36
346 1
347 23
348 29
349 1
350 2
351 18
352 14
353 11
354 27
355 41
356 33
357 33
358 45
359 29
360 14
361 43
362 22
363 3
364 34
365 5
366 11
367 38
368 11
369 13
370 6
371 8
372 20
373 11
374 11
375 50
376 20
377 1
378 40
379 21
380 39
381 36
382 49
383 39
384 32
385 23
386 36
387 17
388 43
389 5
390 14
391 33
392 9
393 17
394 17
395 19
396 19
397 12
398 23
399 15
400 10
401 19
402 41
403 40
404 48
405 17
406 36
407 37
408 10
409 9
410 27
411 29
412 23
413 11
414 27
415 50
416 24
417 28
418 11
419 11
420 5
421 29
422 10
423 26
424 44
425 28
426 42
427 5
428 46
429 38
430 23
431 12
432 22
433 38
434 34
435 16
436 12
437 18
438 36
439 23
440 38
441 11
442 21
443 26
444 12
445 44
446 10
447 46
448 46
449 40
450 20
451 18
452 31
453 18
454 32
455 40
456 2
457 12
458 46
459 31
460 19
461 31
462 1
463 21
464 16
465 23
466 5
467 43
468 19
469 34
470 30
471 33
472 2
473 15
474 4
475 25
476 34
477 30
478 44
479 26
480 34
481 47
482 38
483 29
484 49
485 45
486 38
487 23
488 1
489 44
490 32
491 19
492 15
493 29
494 15
495 7
496 21
497 31
498 44
499 1
500 27
501 22
502 6
503 26
504 15
505 11
506 4
507 21
508 18
509 47
510 48
511 12
512 26
513 19
514 50
515 42
516 5
517 27
518 17
519 33
520 9
521 43
522 15
523 39
524 23
525 1
526 23
527 1
528 17
529 2
530 37
531 12
532 50
533 45
534 18
535 25
536 32
537 33
538 23
539 37
540 28
541 42
542 49
543 4
544 33
545 47
546 50
547 1
548 32
549 45
550 36
551 40
552 38
553 3
554 17
555 30
556 40
557 15
558 11
559 49
560 33
561 7
562 1
563 44
564 41
565 43
566 19
567 41
568 18
569 44
570 44
571 40
572 48
573 24
574 7
575 19
576 26
577 50
578 17
579 26
580 42
581 8
582 20
583 30
584 24
585 42
586 32
587 12
588 31
589 4
590 21
591 1
592 37
593 35
594 5
595 42
596 23
597 14
598 48
599 35
600 49
601 41
602 31
603 32
604 32
605 20
606 4
607 9
608 38
609 29
610 19
611 27
612 25
613 13
614 48
615 47
616 42
617 18
618 26
619 20
620 36
621 21
622 11
623 36
624 26
625 14
626 36
627 26
628 29
629 35
630 11
631 26
632 30
633 39
634 16
635 24
636 44
637 15
638 7
639 34
640 12
641 39
642 31
643 28
644 41
645 46
646 23
647 34
648 10
649 34
650 20
651 27
652 17
653 5
654 29
655 5
656 33
657 40
658 40
659 27
660 28
661 34
662 50
663 12
664 40
665 36
666 28
667 50
668 45
669 12
670 19
671 30
672 38
673 25
674 31
675 50
676 22
677 6
678 8
679 21
680 34
681 12
682 18
683 15
684 48
685 37
686 42
687 26
688 21
689 34
690 2
691 29
692 21
693 35
694 45
695 23
696 29
697 10
698 9
699 31
700 2
701 29
702 39
703 38
704 13
705 1
706 13
707 39
708 11
709 33
710 17
711 12
712 20
713 28
714 7
715 5
716 17
717 4
718 14
719 11
720 28
721 15
722 13
723 9
724 14
725 8
726 10
727 30
728 17
729 12
730 2
731 49
732 38
733 34
734 1
735 35
736 46
737 12
738 48
739 2
740 21
741 32
742 38
743 50
744 23
745 6
746 44
747 1
748 49
749 47
750 49
751 40
752 41
753 48
754 31
755 45
756 12
757 35
758 26
759 43
760 28
761 42
762 47
763 41
764 6
765 41
766 44
767 30
768 15
769 5
770 15
771 21
772 43
773 37
774 7
775 49
776 33
777 13
778 39
779 40
780 15
781 4
782 40
783 43
784 29
785 44
786 8
787 11
788 33
789 18
790 40
791 41
792 3
793 44
794 39
795 10
796 31
797 13
798 1
799 1
800 20
