1
1000  
1 498
2 627
3 729
4 768
5 576
6 736
7 258
8 715
9 305
10 447
11 438
12 728
13 498
14 390
15 229
16 657
17 703
18 622
19 480
20 452
21 330
22 624
23 297
24 594
25 765
26 266
27 790
28 280
29 700
30 769
31 602
32 496
33 530
34 230
35 738
36 336
37 220
38 424
39 765
40 222
41 291
42 715
43 493
44 485
45 547
46 379
47 287
48 569
49 504
50 258
51 725
52 368
53 405
54 753
55 644
56 504
57 383
58 313
59 348
60 780
61 652
62 468
63 758
64 509
65 538
66 604
67 665
68 713
69 678
70 287
71 509
72 568
73 797
74 254
75 525
76 451
77 505
78 797
79 667
80 656
81 353
82 294
83 781
84 536
85 386
86 235
87 208
88 306
89 252
90 566
91 239
92 200
93 583
94 668
95 331
96 483
97 390
98 732
99 498
100 500
101 632
102 267
103 509
104 507
105 281
106 373
107 512
108 272
109 488
110 264
111 453
112 628
113 276
114 440
115 279
116 501
117 544
118 550
119 253
120 242
121 728
122 634
123 708
124 388
125 286
126 699
127 294
128 209
129 490
130 550
131 436
132 574
133 232
134 513
135 744
136 541
137 327
138 385
139 526
140 377
141 277
142 354
143 239
144 234
145 311
146 728
147 659
148 585
149 429
150 326
151 566
152 731
153 348
154 716
155 489
156 698
157 372
158 314
159 389
160 313
161 772
162 294
163 276
164 338
165 392
166 383
167 462
168 651
169 416
170 560
171 306
172 204
173 238
174 608
175 794
176 297
177 405
178 725
179 265
180 403
181 278
182 305
183 498
184 685
185 403
186 363
187 364
188 694
189 377
190 546
191 652
192 497
193 271
194 345
195 337
196 675
197 794
198 602
199 278
200 362
201 282
202 695
203 228
204 247
205 585
206 331
207 592
208 701
209 262
210 611
211 279
212 258
213 663
214 410
215 753
216 607
217 208
218 416
219 485
220 300
221 500
222 324
223 319
224 778
225 444
226 220
227 200
228 705
229 705
230 464
231 440
232 779
233 231
234 558
235 757
236 540
237 353
238 754
239 458
240 523
241 531
242 435
243 353
244 612
245 449
246 281
247 688
248 326
249 604
250 392
251 536
252 315
253 241
254 728
255 351
256 783
257 219
258 620
259 361
260 249
261 538
262 470
263 302
264 322
265 376
266 710
267 365
268 513
269 749
270 375
271 216
272 428
273 285
274 737
275 564
276 482
277 688
278 444
279 785
280 505
281 629
282 717
283 792
284 540
285 496
286 577
287 655
288 539
289 436
290 530
291 461
292 657
293 741
294 593
295 525
296 453
297 247
298 355
299 568
300 619
301 210
302 365
303 229
304 670
305 205
306 226
307 555
308 351
309 271
310 486
311 708
312 344
313 626
314 796
315 471
316 550
317 249
318 287
319 549
320 647
321 232
322 777
323 368
324 212
325 321
326 282
327 428
328 323
329 340
330 618
331 448
332 512
333 468
334 210
335 373
336 722
337 376
338 533
339 571
340 737
341 552
342 358
343 290
344 395
345 434
346 769
347 580
348 243
349 562
350 434
351 715
352 388
353 363
354 752
355 790
356 750
357 371
358 482
359 330
360 302
361 378
362 706
363 263
364 351
365 550
366 588
367 393
368 745
369 753
370 624
371 763
372 438
373 510
374 245
375 368
376 769
377 588
378 532
379 744
380 478
381 234
382 676
383 227
384 309
385 768
386 259
387 259
388 726
389 599
390 654
391 222
392 435
393 371
394 455
395 276
396 690
397 453
398 633
399 358
400 634
