1
100  
1 8
2 45
3 4
4 9
5 7
6 1
7 36
8 9
9 43
10 6
11 44
12 28
13 23
14 40
15 19
16 4
17 48
18 32
19 48
20 48
21 43
22 50
23 27
24 33
25 2
26 23
27 50
28 12
29 28
30 41
31 11
32 37
33 2
34 12
35 49
36 6
37 31
38 13
39 16
40 27
41 12
42 15
43 19
44 45
45 2
46 18
47 43
48 6
49 41
50 10
51 18
52 37
53 4
54 45
55 26
56 8
57 21
58 16
59 22
60 47
61 20
62 13
63 30
64 38
65 13
66 12
67 50
68 39
69 16
70 16
71 29
72 10
73 35
74 6
75 5
76 33
77 33
78 30
79 40
80 6
81 37
82 42
83 10
84 23
85 46
86 7
87 16
88 30
89 3
90 16
91 34
92 49
93 44
94 37
95 40
96 31
97 49
98 1
99 25
100 45
101 41
102 7
103 3
104 24
105 43
106 45
107 14
108 26
109 16
110 46
111 24
112 35
113 41
114 41
115 17
116 18
117 29
118 30
119 18
120 19
121 22
122 28
123 27
124 49
125 50
126 33
127 42
128 18
129 38
130 33
131 1
132 30
133 47
134 50
135 15
136 19
137 43
138 46
139 2
140 16
141 7
142 5
143 15
144 29
145 22
146 47
147 28
148 49
149 48
150 6
151 17
152 20
153 5
154 20
155 46
156 47
157 33
158 20
159 23
160 3
161 6
162 38
163 30
164 20
165 19
166 19
167 30
168 38
169 40
170 26
171 8
172 37
173 41
174 48
175 1
176 4
177 43
178 47
179 12
180 5
181 6
182 46
183 39
184 23
185 26
186 22
187 4
188 28
189 26
190 3
191 13
192 5
193 7
194 45
195 22
196 19
197 37
198 49
199 40
200 3
