1
1000  
1 422
2 518
3 642
4 576
5 694
6 323
7 669
8 384
9 277
10 421
11 272
12 476
13 298
14 423
15 429
16 214
17 560
18 715
19 527
20 227
21 476
22 387
23 340
24 737
25 781
26 748
27 337
28 279
29 574
30 412
31 378
32 224
33 601
34 415
35 693
36 547
37 292
38 368
39 434
40 325
41 310
42 394
43 683
44 648
45 562
46 268
47 660
48 606
49 203
50 287
51 716
52 611
53 273
54 742
55 224
56 398
57 495
58 487
59 687
60 514
61 688
62 327
63 669
64 640
65 374
66 461
67 411
68 268
69 541
70 773
71 313
72 400
73 640
74 618
75 307
76 305
77 776
78 789
79 457
80 378
81 592
82 433
83 483
84 423
85 308
86 207
87 614
88 800
89 304
90 475
91 762
92 200
93 339
94 414
95 695
96 436
97 262
98 693
99 630
100 540
101 495
102 607
103 527
104 231
105 393
106 514
107 371
108 383
109 604
110 212
111 266
112 677
113 661
114 440
115 639
116 202
117 476
118 680
119 468
120 238
121 459
122 365
123 671
124 333
125 734
126 385
127 239
128 641
129 435
130 728
131 519
132 221
133 546
134 516
135 467
136 364
137 732
138 576
139 309
140 432
141 661
142 535
143 598
144 640
145 511
146 373
147 494
148 251
149 351
150 537
151 533
152 609
153 376
154 536
155 657
156 501
157 420
158 585
159 725
160 548
161 573
162 540
163 743
164 799
165 599
166 619
167 365
168 668
169 400
170 241
171 266
172 438
173 782
174 606
175 313
176 565
177 560
178 481
179 210
180 368
181 472
182 521
183 407
184 377
185 783
186 208
187 709
188 750
189 720
190 514
191 407
192 546
193 624
194 359
195 524
196 638
197 623
198 409
199 257
200 433
201 318
202 397
203 575
204 343
205 726
206 563
207 631
208 633
209 362
210 203
211 398
212 762
213 495
214 720
215 751
216 709
217 274
218 757
219 700
220 231
221 413
222 386
223 774
224 309
225 281
226 228
227 727
228 316
229 251
230 763
231 419
232 680
233 767
234 669
235 716
236 800
237 286
238 542
239 382
240 438
241 345
242 276
243 444
244 590
245 532
246 724
247 418
248 580
249 733
250 677
251 718
252 585
253 259
254 216
255 248
256 641
257 422
258 213
259 401
260 332
261 604
262 218
263 519
264 776
265 648
266 553
267 591
268 778
269 599
270 449
271 671
272 696
273 520
274 556
275 677
276 422
277 609
278 742
279 346
280 446
281 326
282 713
283 243
284 629
285 508
286 700
287 491
288 797
289 457
290 522
291 537
292 588
293 686
294 491
295 317
296 357
297 453
298 402
299 703
300 362
301 206
302 497
303 575
304 220
305 527
306 344
307 635
308 254
309 456
310 490
311 290
312 269
313 787
314 341
315 471
316 221
317 741
318 227
319 541
320 715
321 543
322 544
323 586
324 609
325 525
326 317
327 385
328 291
329 453
330 655
331 664
332 641
333 248
334 496
335 352
336 582
337 391
338 676
339 543
340 652
341 561
342 623
343 566
344 536
345 683
346 438
347 733
348 340
349 502
350 411
351 463
352 278
353 397
354 232
355 508
356 303
357 417
358 408
359 485
360 543
361 575
362 468
363 363
364 677
365 663
366 595
367 570
368 647
369 698
370 633
371 719
372 439
373 463
374 396
375 647
376 455
377 382
378 536
379 430
380 211
381 448
382 254
383 538
384 404
385 575
386 551
387 436
388 582
389 211
390 248
391 555
392 255
393 714
394 357
395 590
396 712
397 266
398 416
399 226
400 410
401 383
402 372
403 394
404 632
405 290
406 238
407 789
408 727
409 439
410 252
411 216
412 441
413 553
414 429
415 706
416 276
417 320
418 681
419 760
420 468
421 320
422 721
423 594
424 496
425 257
426 544
427 726
428 485
429 759
430 481
431 246
432 242
433 773
434 210
435 648
436 727
437 618
438 695
439 700
440 703
441 393
442 263
443 406
444 487
445 399
446 440
447 463
448 724
449 332
450 381
451 604
452 641
453 488
454 568
455 581
456 723
457 595
458 396
459 753
460 523
461 306
462 352
463 516
464 684
465 388
466 774
467 356
468 539
469 361
470 236
471 247
472 796
473 620
474 301
475 221
476 302
477 669
478 384
479 331
480 489
481 566
482 276
483 792
484 757
485 579
486 477
487 405
488 734
489 435
490 476
491 357
492 773
493 252
494 338
495 462
496 584
497 442
498 421
499 512
500 792
501 785
502 457
503 546
504 560
505 327
506 302
507 440
508 221
509 416
510 269
511 243
512 491
513 778
514 693
515 611
516 702
517 656
518 470
519 295
520 400
521 626
522 693
523 278
524 251
525 407
526 577
527 649
528 600
529 297
530 537
531 363
532 467
533 470
534 274
535 536
536 228
537 440
538 214
539 739
540 466
541 557
542 395
543 368
544 244
545 799
546 509
547 399
548 764
549 297
550 769
551 799
552 482
553 510
554 611
555 316
556 489
557 640
558 537
559 780
560 307
561 580
562 283
563 545
564 742
565 396
566 380
567 355
568 568
569 743
570 452
571 789
572 450
573 258
574 596
575 503
576 568
577 420
578 363
579 638
580 640
581 690
582 348
583 476
584 546
585 422
586 611
587 746
588 382
589 761
590 701
591 595
592 524
593 687
594 594
595 791
596 531
597 280
598 607
599 359
600 549
601 341
602 724
603 305
604 513
605 450
606 292
607 507
608 471
609 392
610 247
611 518
612 600
613 774
614 721
615 377
616 724
617 780
618 771
619 683
620 742
621 556
622 660
623 342
624 611
625 253
626 349
627 713
628 584
629 289
630 459
631 661
632 679
633 422
634 675
635 309
636 606
637 555
638 536
639 559
640 467
641 718
642 528
643 539
644 530
645 515
646 700
647 456
648 768
649 790
650 374
651 413
652 652
653 209
654 319
655 591
656 245
657 492
658 666
659 549
660 269
661 379
662 547
663 623
664 597
665 754
666 679
667 488
668 678
669 259
670 543
671 623
672 288
673 588
674 341
675 290
676 503
677 776
678 734
679 737
680 497
681 668
682 323
683 575
684 299
685 361
686 501
687 391
688 464
689 547
690 416
691 448
692 271
693 297
694 251
695 548
696 348
697 426
698 364
699 203
700 271
701 792
702 394
703 718
704 266
705 636
706 395
707 727
708 635
709 685
710 327
711 308
712 230
713 608
714 662
715 565
716 305
717 640
718 712
719 389
720 336
721 425
722 659
723 778
724 678
725 468
726 352
727 624
728 620
729 608
730 751
731 294
732 321
733 399
734 314
735 477
736 722
737 459
738 594
739 411
740 220
741 316
742 643
743 780
744 644
745 605
746 602
747 297
748 623
749 211
750 254
751 709
752 493
753 273
754 405
755 227
756 670
757 318
758 332
759 435
760 524
761 573
762 377
763 374
764 756
765 703
766 469
767 657
768 251
769 596
770 313
771 670
772 655
773 365
774 700
775 276
776 285
777 238
778 634
779 758
780 372
781 318
782 589
783 516
784 752
785 799
786 515
787 348
788 503
789 348
790 245
791 305
792 251
793 441
794 652
795 445
796 337
797 549
798 208
799 220
800 538
