1
40  
1 25
2 33
3 33
4 2
5 23
6 17
7 30
8 22
9 34
10 28
11 5
12 26
13 7
14 34
15 22
16 11
17 16
18 7
19 32
20 17
21 20
22 31
23 22
24 17
25 13
26 3
27 34
28 17
29 4
30 29
31 30
32 11
33 34
34 15
35 13
36 33
37 6
38 1
39 2
40 28
41 34
42 5
43 9
44 8
45 8
46 33
47 11
48 21
49 1
50 28
51 12
52 35
53 28
54 28
55 14
56 31
57 5
58 32
59 21
60 23
61 31
62 25
63 16
64 12
65 1
66 21
67 24
68 11
69 6
70 8
71 7
72 33
73 30
74 13
75 11
76 12
77 15
78 8
79 13
80 12
81 9
82 22
83 13
84 11
85 34
86 25
87 13
88 3
89 20
90 6
91 25
92 20
93 20
94 13
95 5
96 27
97 26
98 26
99 2
100 1
101 17
102 17
103 26
104 14
105 19
106 19
107 19
108 7
109 20
110 24
111 24
112 11
113 31
114 24
115 6
116 6
117 21
118 25
119 33
120 4
121 16
122 4
123 2
124 8
125 14
126 14
127 3
128 24
129 22
130 28
131 13
132 30
133 2
134 35
135 34
136 28
137 30
138 6
139 6
140 17
141 33
142 2
143 20
144 23
145 13
146 6
147 10
148 33
149 30
150 14
151 22
152 27
153 10
154 28
155 5
156 24
157 21
158 28
159 10
160 4
161 30
162 8
163 32
164 23
165 19
166 20
167 6
168 28
169 25
170 12
171 7
172 1
173 1
174 34
175 22
176 28
177 11
178 18
179 31
180 16
181 27
182 17
183 4
184 8
185 24
186 4
187 29
188 5
189 22
190 3
191 31
192 24
193 31
194 18
195 22
196 6
197 10
198 6
199 6
200 18
201 20
202 35
203 34
204 31
205 28
206 27
207 5
208 22
209 20
210 17
211 25
212 2
213 27
214 25
215 30
216 9
217 11
218 3
219 7
220 6
221 21
222 22
223 28
224 21
225 17
226 13
227 10
228 4
229 2
230 21
231 23
232 31
233 17
234 19
235 7
236 24
237 30
238 10
239 26
240 2
241 31
242 32
243 28
244 13
245 27
246 22
247 11
248 3
249 18
250 13
251 12
252 16
253 35
254 26
255 25
256 20
257 4
258 11
259 30
260 28
261 35
262 29
263 15
264 19
265 22
266 32
267 20
268 13
269 15
270 3
271 34
272 25
273 12
274 7
275 32
276 35
277 19
278 21
279 32
280 28
281 9
282 31
283 7
284 30
285 5
286 12
287 7
288 16
289 24
290 22
291 29
292 22
293 20
294 19
295 31
296 29
297 26
298 34
299 25
300 5
301 13
302 20
303 27
304 22
305 13
306 13
307 15
308 18
309 5
310 8
311 9
312 35
313 13
314 25
315 6
316 13
317 19
318 9
319 30
320 15
321 14
322 28
323 35
324 34
325 4
326 11
327 2
328 13
329 9
330 9
331 12
332 26
333 10
334 35
335 10
336 25
337 7
338 14
339 29
340 3
341 28
342 25
343 27
344 14
345 21
346 15
347 1
348 34
349 10
350 22
351 4
352 20
353 23
354 30
355 18
356 12
357 2
358 20
359 22
360 35
361 33
362 4
363 9
364 9
365 27
366 26
367 7
368 2
369 9
370 11
371 18
372 3
373 1
374 29
375 18
376 14
377 8
378 29
379 17
380 13
381 16
382 28
383 24
384 16
385 31
386 34
387 20
388 21
389 19
390 24
391 23
392 8
393 8
394 14
395 27
396 15
397 16
398 30
399 21
400 5
