1
10  
1 5
2 1
3 4
4 10
5 3
6 3
7 7
8 2
9 6
10 10
11 5
12 2
13 4
14 9
15 4
16 6
17 7
18 10
19 1
20 4
21 9
22 9
23 3
24 2
25 8
26 9
27 5
28 6
29 2
30 2
31 5
32 6
33 7
34 10
35 9
36 8
37 7
38 6
39 5
40 4
41 9
42 6
43 7
44 10
45 2
46 7
47 8
48 1
49 1
50 5
51 5
52 8
53 7
54 10
55 7
56 8
57 7
58 3
59 9
60 5
61 4
62 4
63 8
64 9
65 4
66 6
67 7
68 9
69 2
70 5
71 8
72 5
73 10
74 2
75 2
76 6
77 6
78 8
79 1
80 10
81 5
82 8
83 2
84 9
85 4
86 2
87 9
88 8
89 3
90 10
91 1
92 1
93 2
94 3
95 1
96 4
97 2
98 2
99 2
100 3
101 8
102 8
103 3
104 3
105 5
106 4
107 6
108 10
109 10
110 7
111 8
112 2
113 7
114 3
115 1
116 2
117 4
118 10
119 10
120 5
121 10
122 8
123 1
124 1
125 5
126 9
127 9
128 7
129 5
130 9
131 10
132 4
133 1
134 5
135 5
136 1
137 1
138 8
139 6
140 3
141 8
142 9
143 2
144 1
145 5
146 5
147 1
148 2
149 10
150 2
151 9
152 6
153 4
154 6
155 1
156 3
157 4
158 5
159 4
160 6
161 8
162 5
163 2
164 8
165 10
166 1
167 3
168 1
169 4
170 10
171 8
172 5
173 6
174 1
175 5
176 8
177 6
178 7
179 4
180 6
181 7
182 8
183 8
184 10
185 8
186 2
187 2
188 2
189 2
190 1
191 7
192 8
193 6
194 2
195 6
196 5
197 7
198 6
199 1
200 9
201 7
202 2
203 10
204 4
205 10
206 1
207 9
208 6
209 2
210 5
211 1
212 7
213 6
214 10
215 5
216 3
217 9
218 9
219 5
220 3
221 7
222 2
223 10
224 6
225 3
226 3
227 7
228 3
229 9
230 1
231 8
232 9
233 3
234 5
235 7
236 10
237 9
238 9
239 7
240 7
241 10
242 2
243 10
244 5
245 9
246 8
247 1
248 1
249 6
250 10
251 3
252 5
253 8
254 4
255 4
256 7
257 2
258 10
259 4
260 7
261 4
262 5
263 1
264 3
265 8
266 1
267 2
268 4
269 1
270 9
271 7
272 2
273 1
274 8
275 6
276 5
277 7
278 9
279 5
280 10
281 10
282 2
283 6
284 6
285 2
286 9
287 9
288 1
289 10
290 3
291 8
292 7
293 1
294 7
295 7
296 6
297 10
298 5
299 1
300 8
301 8
302 4
303 2
304 1
305 3
306 3
307 3
308 1
309 7
310 2
311 8
312 10
313 7
314 7
315 2
316 5
317 1
318 8
319 3
320 2
321 10
322 10
323 3
324 10
325 3
326 6
327 4
328 6
329 10
330 6
331 6
332 2
333 9
334 3
335 2
336 5
337 7
338 1
339 7
340 10
341 8
342 8
343 5
344 10
345 8
346 1
347 9
348 9
349 6
350 2
351 7
352 2
353 8
354 9
355 3
356 6
357 7
358 8
359 10
360 1
361 4
362 2
363 7
364 3
365 4
366 3
367 6
368 10
369 8
370 1
371 7
372 2
373 10
374 9
375 7
376 3
377 6
378 3
379 8
380 9
381 8
382 3
383 6
384 1
385 8
386 6
387 1
388 9
389 5
390 5
391 8
392 2
393 7
394 2
395 9
396 4
397 3
398 5
399 4
400 4
