1
1000  
1 212
2 139
3 333
4 133
5 371
6 327
7 370
8 378
9 281
10 217
11 400
12 242
13 154
14 153
15 133
16 218
17 250
18 333
19 208
20 177
21 264
22 106
23 360
24 220
25 291
26 123
27 172
28 281
29 250
30 387
31 225
32 309
33 347
34 215
35 323
36 311
37 289
38 293
39 144
40 328
41 287
42 117
43 311
44 227
45 329
46 306
47 137
48 303
49 252
50 295
51 336
52 306
53 181
54 277
55 162
56 332
57 163
58 156
59 292
60 165
61 291
62 359
63 164
64 156
65 400
66 302
67 242
68 315
69 250
70 163
71 164
72 304
73 151
74 297
75 110
76 141
77 345
78 270
79 123
80 300
81 180
82 385
83 221
84 194
85 365
86 380
87 185
88 198
89 316
90 392
91 391
92 287
93 342
94 374
95 397
96 237
97 367
98 216
99 153
100 371
101 268
102 156
103 161
104 200
105 400
106 334
107 210
108 306
109 326
110 292
111 215
112 367
113 146
114 258
115 188
116 180
117 110
118 191
119 274
120 152
121 372
122 246
123 215
124 269
125 363
126 166
127 145
128 312
129 152
130 144
131 104
132 122
133 224
134 232
135 370
136 283
137 258
138 281
139 183
140 194
141 146
142 303
143 210
144 332
145 275
146 361
147 313
148 168
149 265
150 321
151 305
152 280
153 236
154 357
155 253
156 392
157 211
158 198
159 158
160 343
161 186
162 175
163 179
164 316
165 214
166 116
167 130
168 262
169 229
170 300
171 130
172 214
173 117
174 307
175 369
176 160
177 212
178 141
179 209
180 103
181 318
182 130
183 286
184 279
185 199
186 133
187 349
188 183
189 377
190 122
191 179
192 211
193 331
194 135
195 100
196 386
197 268
198 129
199 286
200 251
201 300
202 303
203 270
204 243
205 392
206 249
207 356
208 314
209 289
210 333
211 255
212 154
213 170
214 306
215 155
216 357
217 291
218 197
219 214
220 373
221 163
222 231
223 358
224 243
225 201
226 267
227 195
228 281
229 362
230 304
231 104
232 223
233 155
234 258
235 144
236 334
237 189
238 144
239 331
240 307
241 176
242 271
243 339
244 223
245 377
246 217
247 336
248 116
249 118
250 121
251 385
252 141
253 280
254 230
255 161
256 195
257 131
258 201
259 257
260 368
261 198
262 346
263 138
264 281
265 205
266 333
267 308
268 287
269 168
270 291
271 105
272 218
273 380
274 298
275 198
276 273
277 116
278 234
279 276
280 155
281 168
282 287
283 161
284 340
285 281
286 225
287 170
288 297
289 205
290 129
291 109
292 101
293 381
294 382
295 160
296 362
297 399
298 259
299 277
300 228
301 252
302 225
303 179
304 382
305 198
306 101
307 304
308 308
309 122
310 224
311 347
312 328
313 114
314 153
315 156
316 285
317 232
318 178
319 329
320 362
321 247
322 308
323 242
324 373
325 267
326 100
327 184
328 392
329 200
330 362
331 250
332 156
333 291
334 213
335 287
336 367
337 187
338 154
339 121
340 390
341 339
342 286
343 339
344 184
345 183
346 346
347 118
348 330
349 259
350 187
351 214
352 319
353 240
354 236
355 288
356 173
357 301
358 245
359 155
360 115
361 260
362 233
363 220
364 106
365 386
366 234
367 166
368 149
369 230
370 335
371 250
372 155
373 333
374 108
375 197
376 389
377 238
378 396
379 149
380 129
381 170
382 111
383 329
384 130
385 350
386 220
387 310
388 246
389 300
390 166
391 279
392 285
393 190
394 316
395 281
396 202
397 189
398 147
399 209
400 312
401 361
402 324
403 343
404 395
405 338
406 388
407 184
408 138
409 325
410 377
411 282
412 234
413 157
414 236
415 207
416 341
417 384
418 141
419 180
420 232
421 316
422 380
423 130
424 265
425 197
426 319
427 104
428 160
429 387
430 202
431 364
432 154
433 288
434 377
435 211
436 392
437 186
438 245
439 156
440 302
441 375
442 159
443 322
444 121
445 374
446 374
447 273
448 225
449 147
450 189
451 186
452 160
453 133
454 127
455 215
456 257
457 244
458 225
459 271
460 130
461 307
462 374
463 315
464 159
465 312
466 130
467 343
468 137
469 338
470 356
471 396
472 399
473 367
474 252
475 343
476 373
477 398
478 194
479 142
480 374
481 132
482 383
483 203
484 400
485 207
486 312
487 158
488 373
489 178
490 390
491 384
492 343
493 196
494 151
495 393
496 361
497 373
498 149
499 359
500 320
501 157
502 188
503 123
504 260
505 128
506 355
507 241
508 354
509 306
510 388
511 176
512 128
513 304
514 237
515 218
516 278
517 103
518 356
519 228
520 291
521 133
522 361
523 276
524 114
525 324
526 160
527 185
528 256
529 279
530 219
531 364
532 358
533 393
534 174
535 176
536 108
537 143
538 256
539 390
540 335
541 339
542 230
543 353
544 220
545 216
546 336
547 272
548 264
549 375
550 191
551 196
552 304
553 367
554 297
555 190
556 138
557 154
558 250
559 328
560 251
561 304
562 178
563 376
564 178
565 368
566 201
567 108
568 250
569 220
570 170
571 373
572 275
573 187
574 338
575 288
576 272
577 385
578 344
579 257
580 242
581 209
582 194
583 122
584 300
585 292
586 127
587 155
588 173
589 274
590 355
591 297
592 187
593 342
594 366
595 343
596 212
597 200
598 157
599 331
600 386
601 346
602 216
603 196
604 269
605 186
606 385
607 131
608 275
609 152
610 138
611 127
612 133
613 109
614 107
615 135
616 260
617 120
618 274
619 372
620 125
621 398
622 349
623 110
624 170
625 381
626 346
627 371
628 250
629 145
630 106
631 274
632 339
633 280
634 229
635 130
636 144
637 117
638 272
639 312
640 181
641 369
642 396
643 380
644 218
645 160
646 127
647 240
648 382
649 141
650 326
651 107
652 218
653 364
654 197
655 122
656 109
657 360
658 246
659 368
660 134
661 372
662 102
663 160
664 374
665 336
666 343
667 176
668 166
669 286
670 218
671 150
672 387
673 265
674 123
675 378
676 209
677 388
678 333
679 370
680 395
681 222
682 149
683 343
684 395
685 149
686 289
687 387
688 134
689 228
690 326
691 222
692 220
693 294
694 359
695 362
696 131
697 121
698 376
699 176
700 281
701 322
702 215
703 293
704 197
705 301
706 114
707 339
708 370
709 316
710 156
711 355
712 101
713 243
714 216
715 316
716 205
717 334
718 169
719 382
720 297
721 216
722 219
723 357
724 399
725 168
726 242
727 101
728 365
729 120
730 354
731 289
732 364
733 269
734 254
735 173
736 271
737 365
738 139
739 381
740 319
741 198
742 323
743 213
744 327
745 248
746 145
747 393
748 218
749 187
750 245
751 277
752 352
753 365
754 134
755 207
756 147
757 390
758 144
759 177
760 396
761 243
762 217
763 145
764 236
765 341
766 259
767 312
768 353
769 124
770 360
771 151
772 200
773 106
774 101
775 167
776 269
777 299
778 349
779 134
780 304
781 294
782 146
783 201
784 291
785 108
786 109
787 362
788 279
789 260
790 225
791 173
792 318
793 157
794 210
795 183
796 301
797 237
798 322
799 253
800 371
