1
1000  
1 261
2 686
3 972
4 975
5 572
6 635
7 478
8 574
9 649
10 53
11 69
12 222
13 314
14 524
15 989
16 190
17 789
18 51
19 398
20 975
21 568
22 252
23 137
24 905
25 110
26 855
27 385
28 283
29 902
30 467
31 261
32 401
33 336
34 846
35 387
36 378
37 858
38 161
39 868
40 922
41 466
42 49
43 262
44 303
45 123
46 238
47 673
48 547
49 800
50 123
51 190
52 302
53 738
54 747
55 386
56 320
57 556
58 998
59 944
60 774
61 167
62 151
63 174
64 532
65 174
66 618
67 656
68 579
69 437
70 601
71 657
72 317
73 964
74 179
75 362
76 281
77 919
78 166
79 324
80 295
81 555
82 749
83 127
84 859
85 779
86 339
87 780
88 10
89 633
90 405
91 341
92 425
93 456
94 445
95 943
96 183
97 796
98 336
99 350
100 939
101 137
102 912
103 375
104 585
105 827
106 832
107 866
108 545
109 428
110 869
111 82
112 909
113 114
114 409
115 31
116 503
117 36
118 225
119 653
120 58
121 498
122 532
123 924
124 410
125 809
126 590
127 957
128 923
129 571
130 584
131 344
132 373
133 324
134 430
135 365
136 197
137 409
138 257
139 901
140 286
141 732
142 8
143 796
144 620
145 472
146 26
147 617
148 758
149 874
150 453
151 858
152 915
153 139
154 78
155 397
156 209
157 102
158 25
159 814
160 63
161 186
162 932
163 108
164 642
165 117
166 936
167 8
168 384
169 698
170 740
171 734
172 605
173 83
174 885
175 972
176 272
177 479
178 984
179 553
180 971
181 123
182 8
183 930
184 661
185 523
186 554
187 490
188 645
189 31
190 240
191 35
192 682
193 953
194 493
195 196
196 788
197 904
198 361
199 425
200 697
201 672
202 21
203 401
204 988
205 909
206 786
207 301
208 280
209 960
210 938
211 894
212 690
213 266
214 34
215 971
216 739
217 397
218 283
219 751
220 379
221 516
222 578
223 219
224 743
225 58
226 617
227 292
228 5
229 917
230 589
231 856
232 145
233 989
234 179
235 466
236 156
237 28
238 421
239 520
240 525
241 148
242 149
243 751
244 858
245 637
246 799
247 237
248 900
249 891
250 21
251 907
252 510
253 816
254 348
255 257
256 5
257 528
258 590
259 42
260 786
261 887
262 955
263 947
264 425
265 231
266 688
267 510
268 905
269 24
270 23
271 631
272 367
273 995
274 977
275 119
276 80
277 318
278 196
279 53
280 164
281 112
282 624
283 329
284 738
285 224
286 196
287 326
288 301
289 808
290 721
291 241
292 60
293 115
294 799
295 380
296 226
297 5
298 622
299 476
300 801
301 608
302 134
303 382
304 713
305 986
306 458
307 220
308 715
309 400
310 549
311 660
312 792
313 522
314 513
315 877
316 865
317 935
318 7
319 169
320 569
321 978
322 287
323 222
324 740
325 32
326 487
327 858
328 635
329 894
330 583
331 901
332 103
333 200
334 973
335 708
336 353
337 830
338 863
339 896
340 184
341 112
342 23
343 380
344 473
345 374
346 692
347 540
348 622
349 212
350 279
351 571
352 817
353 382
354 492
355 733
356 390
357 735
358 903
359 233
360 991
361 571
362 624
363 864
364 581
365 498
366 955
367 315
368 470
369 331
370 812
371 619
372 521
373 699
374 500
375 693
376 601
377 57
378 849
379 76
380 759
381 556
382 872
383 83
384 984
385 91
386 528
387 944
388 331
389 913
390 829
391 376
392 783
393 803
394 642
395 618
396 151
397 356
398 555
399 985
400 213
