1
10  
1 10
2 8
3 3
4 10
5 7
6 5
7 3
8 3
9 2
10 1
11 3
12 9
13 8
14 9
15 10
16 2
17 1
18 4
19 7
20 8
21 5
22 4
23 7
24 3
25 3
26 5
27 7
28 3
29 6
30 2
31 5
32 3
33 6
34 8
35 3
36 10
37 1
38 9
39 4
40 7
41 9
42 7
43 8
44 5
45 5
46 7
47 9
48 5
49 7
50 4
51 5
52 3
53 5
54 9
55 2
56 9
57 9
58 5
59 1
60 7
61 2
62 5
63 10
64 5
65 3
66 3
67 10
68 10
69 2
70 7
71 9
72 4
73 10
74 10
75 4
76 10
77 10
78 1
79 10
80 4
81 4
82 8
83 1
84 2
85 4
86 6
87 9
88 10
89 2
90 9
91 7
92 3
93 2
94 8
95 6
96 6
97 3
98 4
99 9
100 3
