1
1000  
1 399
2 356
3 315
4 156
5 250
6 236
7 379
8 386
9 174
10 178
11 227
12 286
13 372
14 129
15 174
16 344
17 139
18 106
19 176
20 297
21 318
22 140
23 175
24 262
25 271
26 243
27 354
28 127
29 255
30 263
31 175
32 304
33 247
34 108
35 201
36 224
37 158
38 286
39 116
40 257
41 311
42 354
43 266
44 157
45 369
46 380
47 122
48 354
49 266
50 264
51 282
52 229
53 222
54 216
55 248
56 188
57 104
58 137
59 301
60 232
61 267
62 190
63 339
64 209
65 100
66 326
67 237
68 377
69 291
70 308
71 296
72 211
73 264
74 269
75 160
76 220
77 352
78 387
79 178
80 333
81 389
82 342
83 262
84 130
85 378
86 210
87 119
88 104
89 333
90 364
91 295
92 246
93 372
94 268
95 273
96 169
97 220
98 161
99 393
100 345
101 115
102 177
103 150
104 200
105 318
106 264
107 311
108 336
109 145
110 274
111 226
112 339
113 182
114 345
115 232
116 113
117 144
118 337
119 371
120 394
121 129
122 286
123 132
124 123
125 320
126 355
127 180
128 110
129 245
130 212
131 147
132 133
133 186
134 236
135 172
136 149
137 221
138 101
139 228
140 198
141 381
142 380
143 259
144 204
145 182
146 367
147 270
148 289
149 253
150 345
151 115
152 319
153 114
154 292
155 284
156 218
157 319
158 198
159 306
160 123
161 365
162 195
163 111
164 352
165 167
166 374
167 362
168 264
169 202
170 194
171 338
172 152
173 257
174 317
175 149
176 350
177 257
178 342
179 249
180 261
181 255
182 306
183 356
184 148
185 113
186 380
187 199
188 222
189 161
190 359
191 391
192 308
193 253
194 107
195 295
196 323
197 130
198 247
199 306
200 162
201 288
202 311
203 164
204 304
205 191
206 238
207 175
208 130
209 304
210 353
211 221
212 351
213 284
214 187
215 179
216 223
217 274
218 219
219 252
220 202
221 237
222 382
223 185
224 184
225 354
226 323
227 239
228 304
229 349
230 156
231 230
232 292
233 231
234 165
235 290
236 193
237 322
238 217
239 380
240 135
241 333
242 254
243 122
244 149
245 198
246 383
247 196
248 259
249 186
250 278
251 332
252 111
253 327
254 230
255 312
256 388
257 117
258 173
259 182
260 164
261 348
262 137
263 388
264 200
265 156
266 104
267 320
268 334
269 371
270 284
271 384
272 394
273 295
274 325
275 331
276 108
277 246
278 328
279 211
280 349
281 187
282 307
283 100
284 163
285 351
286 192
287 133
288 322
289 101
290 301
291 158
292 342
293 233
294 113
295 178
296 286
297 171
298 359
299 197
300 244
301 170
302 209
303 193
304 307
305 366
306 327
307 190
308 131
309 201
310 112
311 123
312 238
313 324
314 380
315 276
316 330
317 206
318 256
319 267
320 194
321 178
322 107
323 389
324 253
325 374
326 158
327 136
328 338
329 167
330 372
331 210
332 395
333 397
334 173
335 245
336 321
337 263
338 255
339 399
340 155
341 274
342 265
343 205
344 379
345 257
346 132
347 302
348 382
349 254
350 260
351 105
352 376
353 271
354 346
355 300
356 397
357 332
358 364
359 175
360 265
361 179
362 180
363 183
364 292
365 386
366 374
367 260
368 398
369 181
370 272
371 213
372 299
373 363
374 400
375 171
376 233
377 272
378 173
379 361
380 383
381 193
382 196
383 108
384 274
385 310
386 325
387 167
388 215
389 206
390 142
391 396
392 164
393 266
394 363
395 361
396 239
397 236
398 124
399 372
400 384
