1
1000  
1 138
2 142
3 174
4 78
5 81
6 125
7 196
8 124
9 181
10 86
11 105
12 84
13 200
14 148
15 102
16 115
17 94
18 66
19 128
20 96
21 110
22 61
23 192
24 110
25 121
26 119
27 194
28 199
29 143
30 102
31 91
32 127
33 103
34 80
35 142
36 60
37 83
38 153
39 175
40 119
41 80
42 54
43 152
44 196
45 64
46 67
47 154
48 100
49 53
50 157
51 192
52 128
53 176
54 200
55 99
56 109
57 140
58 176
59 168
60 182
61 166
62 96
63 118
64 120
65 91
66 188
67 95
68 180
69 75
70 108
71 126
72 128
73 139
74 123
75 139
76 55
77 125
78 117
79 136
80 88
81 76
82 91
83 115
84 95
85 183
86 113
87 89
88 83
89 167
90 198
91 85
92 143
93 71
94 62
95 53
96 110
97 66
98 120
99 116
100 89
101 114
102 51
103 55
104 159
105 191
106 182
107 103
108 73
109 176
110 103
111 190
112 61
113 65
114 196
115 178
116 129
117 137
118 189
119 100
120 172
121 155
122 127
123 113
124 159
125 100
126 92
127 145
128 54
129 178
130 119
131 185
132 81
133 120
134 125
135 56
136 95
137 61
138 87
139 72
140 198
141 182
142 173
143 133
144 135
145 93
146 180
147 106
148 161
149 93
150 149
151 109
152 66
153 99
154 153
155 184
156 129
157 100
158 177
159 130
160 113
161 163
162 153
163 126
164 169
165 141
166 196
167 54
168 170
169 55
170 200
171 162
172 196
173 166
174 169
175 112
176 51
177 139
178 101
179 154
180 177
181 186
182 189
183 163
184 119
185 51
186 94
187 128
188 115
189 192
190 113
191 113
192 85
193 143
194 163
195 126
196 179
197 121
198 58
199 160
200 87
201 102
202 192
203 163
204 197
205 52
206 57
207 124
208 168
209 166
210 108
211 126
212 163
213 129
214 50
215 119
216 176
217 124
218 156
219 95
220 200
221 198
222 178
223 114
224 193
225 57
226 123
227 65
228 98
229 114
230 199
231 105
232 55
233 130
234 132
235 86
236 128
237 180
238 87
239 179
240 138
241 194
242 184
243 166
244 129
245 147
246 177
247 104
248 149
249 96
250 172
251 158
252 110
253 64
254 167
255 114
256 101
257 194
258 74
259 153
260 104
261 172
262 134
263 112
264 116
265 178
266 168
267 178
268 105
269 83
270 151
271 198
272 160
273 98
274 78
275 148
276 173
277 137
278 138
279 174
280 134
281 143
282 161
283 127
284 185
285 174
286 151
287 182
288 132
289 162
290 153
291 183
292 151
293 194
294 84
295 52
296 114
297 184
298 103
299 162
300 138
301 106
302 151
303 176
304 87
305 172
306 77
307 72
308 101
309 161
310 142
311 149
312 80
313 162
314 171
315 88
316 150
317 67
318 59
319 153
320 79
321 113
322 167
323 169
324 93
325 101
326 157
327 87
328 82
329 191
330 78
331 136
332 58
333 75
334 126
335 178
336 179
337 152
338 84
339 73
340 72
341 118
342 159
343 64
344 144
345 199
346 51
347 69
348 67
349 184
350 98
351 52
352 101
353 78
354 186
355 115
356 196
357 145
358 176
359 100
360 120
361 84
362 141
363 149
364 164
365 165
366 181
367 89
368 69
369 197
370 69
371 62
372 198
373 131
374 79
375 96
376 131
377 68
378 69
379 67
380 196
381 144
382 156
383 51
384 93
385 83
386 176
387 152
388 96
389 114
390 190
391 74
392 140
393 131
394 69
395 92
396 82
397 172
398 200
399 125
400 137
401 181
402 63
403 55
404 116
405 169
406 111
407 184
408 83
409 69
410 59
411 79
412 159
413 159
414 195
415 152
416 72
417 50
418 123
419 146
420 142
421 161
422 171
423 90
424 158
425 185
426 194
427 178
428 105
429 85
430 70
431 61
432 200
433 132
434 172
435 114
436 68
437 175
438 145
439 77
440 138
441 151
442 53
443 80
444 86
445 97
446 98
447 109
448 57
449 199
450 94
451 60
452 129
453 114
454 187
455 61
456 95
457 136
458 61
459 156
460 167
461 163
462 115
463 82
464 196
465 104
466 135
467 52
468 73
469 112
470 124
471 148
472 152
473 150
474 166
475 135
476 113
477 136
478 185
479 175
480 109
481 176
482 73
483 177
484 193
485 127
486 163
487 165
488 81
489 126
490 83
491 146
492 51
493 70
494 106
495 87
496 109
497 199
498 182
499 145
500 108
501 123
502 110
503 101
504 107
505 53
506 110
507 62
508 94
509 147
510 51
511 81
512 100
513 180
514 155
515 130
516 199
517 68
518 197
519 133
520 91
521 117
522 149
523 161
524 196
525 68
526 188
527 130
528 159
529 193
530 76
531 60
532 194
533 190
534 128
535 191
536 86
537 196
538 102
539 57
540 85
541 133
542 107
543 129
544 99
545 111
546 60
547 90
548 82
549 118
550 69
551 151
552 100
553 103
554 61
555 67
556 110
557 111
558 61
559 78
560 196
561 125
562 171
563 158
564 65
565 177
566 135
567 84
568 72
569 195
570 80
571 170
572 97
573 128
574 154
575 111
576 106
577 128
578 79
579 159
580 68
581 178
582 146
583 136
584 156
585 150
586 136
587 55
588 116
589 139
590 104
591 95
592 116
593 82
594 169
595 54
596 190
597 156
598 95
599 116
600 122
601 59
602 65
603 131
604 51
605 163
606 130
607 58
608 146
609 113
610 135
611 197
612 189
613 138
614 159
615 109
616 71
617 164
618 89
619 96
620 121
621 178
622 175
623 167
624 158
625 65
626 177
627 193
628 90
629 163
630 189
631 194
632 124
633 194
634 90
635 57
636 138
637 102
638 143
639 56
640 160
641 83
642 187
643 162
644 117
645 163
646 136
647 191
648 173
649 69
650 156
651 68
652 117
653 126
654 177
655 136
656 131
657 60
658 98
659 173
660 165
661 68
662 115
663 141
664 58
665 76
666 125
667 199
668 135
669 190
670 138
671 196
672 104
673 186
674 73
675 171
676 155
677 50
678 114
679 116
680 183
681 63
682 131
683 57
684 110
685 75
686 152
687 148
688 81
689 150
690 187
691 63
692 180
693 149
694 56
695 79
696 134
697 157
698 119
699 195
700 124
701 98
702 185
703 162
704 92
705 70
706 58
707 115
708 110
709 55
710 105
711 140
712 122
713 198
714 147
715 63
716 171
717 88
718 102
719 191
720 50
721 104
722 186
723 168
724 95
725 74
726 56
727 116
728 182
729 70
730 178
731 141
732 121
733 117
734 136
735 96
736 192
737 152
738 135
739 118
740 160
741 123
742 72
743 155
744 182
745 112
746 108
747 122
748 120
749 83
750 111
751 70
752 59
753 191
754 181
755 54
756 156
757 186
758 173
759 194
760 112
761 186
762 84
763 179
764 167
765 169
766 184
767 152
768 143
769 83
770 197
771 64
772 116
773 136
774 72
775 198
776 69
777 93
778 128
779 116
780 117
781 101
782 126
783 150
784 129
785 56
786 191
787 117
788 135
789 100
790 125
791 138
792 175
793 88
794 66
795 167
796 130
797 125
798 130
799 168
800 114
