1
1000  
1 783
2 557
3 524
4 776
5 414
6 903
7 992
8 426
9 374
10 706
11 302
12 886
13 136
14 347
15 191
16 901
17 132
18 463
19 784
20 28
21 926
22 929
23 955
24 785
25 838
26 207
27 50
28 597
29 769
30 502
31 736
32 815
33 515
34 863
35 887
36 769
37 304
38 644
39 762
40 638
41 738
42 272
43 265
44 357
45 882
46 703
47 543
48 35
49 541
50 738
51 396
52 742
53 605
54 743
55 974
56 485
57 879
58 563
59 78
60 734
61 149
62 141
63 984
64 489
65 462
66 974
67 644
68 627
69 967
70 2
71 849
72 370
73 683
74 492
75 98
76 641
77 727
78 495
79 887
80 854
81 800
82 378
83 291
84 334
85 36
86 685
87 139
88 984
89 712
90 936
91 60
92 502
93 323
94 110
95 46
96 392
97 668
98 399
99 783
100 978
101 696
102 934
103 548
104 331
105 851
106 968
107 992
108 571
109 80
110 462
111 572
112 560
113 763
114 418
115 988
116 612
117 32
118 682
119 770
120 992
121 395
122 724
123 653
124 257
125 190
126 467
127 741
128 943
129 554
130 834
131 778
132 213
133 935
134 516
135 299
136 908
137 602
138 704
139 206
140 238
141 427
142 912
143 666
144 866
145 82
146 750
147 430
148 349
149 435
150 541
151 332
152 969
153 462
154 274
155 3
156 909
157 226
158 316
159 586
160 238
161 672
162 908
163 433
164 953
165 988
166 18
167 362
168 135
169 902
170 638
171 311
172 585
173 744
174 457
175 130
176 882
177 671
178 758
179 869
180 406
181 488
182 285
183 206
184 996
185 477
186 839
187 675
188 136
189 464
190 439
191 971
192 661
193 453
194 274
195 65
196 941
197 355
198 634
199 170
200 625
201 824
202 712
203 509
204 974
205 293
206 664
207 582
208 714
209 730
210 793
211 694
212 366
213 278
214 234
215 262
216 308
217 477
218 406
219 655
220 641
221 85
222 342
223 118
224 772
225 805
226 671
227 155
228 456
229 370
230 704
231 662
232 167
233 214
234 811
235 784
236 567
237 707
238 305
239 531
240 791
241 288
242 212
243 407
244 103
245 701
246 146
247 283
248 881
249 268
250 380
251 582
252 709
253 619
254 474
255 636
256 368
257 143
258 538
259 106
260 975
261 494
262 280
263 108
264 32
265 31
266 306
267 405
268 691
269 190
270 294
271 78
272 4
273 473
274 117
275 573
276 193
277 309
278 491
279 613
280 374
281 541
282 772
283 328
284 948
285 566
286 430
287 785
288 123
289 347
290 558
291 737
292 150
293 524
294 31
295 184
296 281
297 136
298 97
299 992
300 769
301 859
302 449
303 732
304 86
305 996
306 963
307 694
308 387
309 180
310 508
311 683
312 519
313 768
314 291
315 992
316 804
317 828
318 662
319 910
320 824
321 164
322 695
323 812
324 337
325 716
326 820
327 544
328 689
329 291
330 79
331 73
332 942
333 633
334 421
335 294
336 794
337 198
338 673
339 782
340 469
341 12
342 566
343 575
344 357
345 112
346 598
347 520
348 647
349 240
350 166
351 864
352 922
353 136
354 389
355 848
356 55
357 66
358 911
359 537
360 781
361 671
362 263
363 795
364 520
365 576
366 575
367 21
368 484
369 680
370 498
371 276
372 871
373 370
374 143
375 487
376 958
377 992
378 520
379 926
380 52
381 776
382 525
383 605
384 809
385 324
386 590
387 960
388 691
389 479
390 960
391 236
392 250
393 797
394 296
395 989
396 793
397 573
398 14
399 416
400 985
401 856
402 806
403 329
404 908
405 930
406 986
407 493
408 507
409 97
410 572
411 976
412 913
413 783
414 424
415 886
416 627
417 863
418 236
419 294
420 282
421 637
422 65
423 997
424 77
425 486
426 332
427 849
428 987
429 557
430 710
431 86
432 66
433 403
434 795
435 620
436 234
437 947
438 938
439 315
440 249
441 132
442 122
443 952
444 911
445 903
446 825
447 79
448 941
449 818
450 882
451 500
452 824
453 434
454 592
455 840
456 532
457 208
458 173
459 1
460 684
461 226
462 868
463 136
464 752
465 186
466 686
467 881
468 165
469 557
470 900
471 420
472 869
473 243
474 781
475 405
476 661
477 172
478 778
479 189
480 465
481 554
482 208
483 158
484 287
485 398
486 296
487 131
488 37
489 362
490 291
491 316
492 105
493 916
494 106
495 436
496 249
497 319
498 743
499 508
500 595
501 46
502 188
503 98
504 675
505 805
506 959
507 751
508 462
509 729
510 267
511 475
512 582
513 246
514 421
515 344
516 362
517 703
518 290
519 279
520 392
521 574
522 919
523 83
524 98
525 583
526 647
527 770
528 899
529 512
530 802
531 130
532 145
533 449
534 676
535 998
536 1
537 524
538 606
539 785
540 443
541 570
542 347
543 388
544 656
545 374
546 564
547 182
548 424
549 200
550 441
551 475
552 656
553 671
554 586
555 573
556 967
557 798
558 390
559 22
560 954
561 859
562 664
563 322
564 558
565 680
566 142
567 488
568 968
569 929
570 250
571 567
572 311
573 591
574 805
575 645
576 289
577 978
578 79
579 497
580 80
581 949
582 826
583 644
584 461
585 965
586 769
587 798
588 290
589 478
590 765
591 421
592 781
593 459
594 320
595 208
596 907
597 246
598 303
599 656
600 571
601 368
602 97
603 128
604 759
605 477
606 613
607 883
608 276
609 452
610 121
611 388
612 279
613 400
614 801
615 544
616 838
617 922
618 554
619 655
620 295
621 99
622 378
623 492
624 668
625 990
626 693
627 935
628 573
629 789
630 787
631 228
632 230
633 299
634 951
635 649
636 66
637 982
638 621
639 795
640 624
641 408
642 480
643 519
644 689
645 585
646 441
647 431
648 945
649 325
650 942
651 961
652 669
653 36
654 750
655 343
656 696
657 262
658 510
659 268
660 81
661 204
662 263
663 530
664 702
665 6
666 125
667 556
668 894
669 833
670 931
671 652
672 606
673 627
674 64
675 23
676 707
677 359
678 240
679 454
680 688
681 928
682 290
683 277
684 722
685 82
686 71
687 601
688 463
689 627
690 396
691 661
692 94
693 672
694 334
695 356
696 326
697 912
698 814
699 17
700 418
701 298
702 365
703 318
704 51
705 888
706 291
707 862
708 250
709 887
710 430
711 59
712 32
713 414
714 451
715 995
716 686
717 991
718 187
719 335
720 697
721 98
722 452
723 316
724 902
725 485
726 932
727 335
728 746
729 471
730 643
731 649
732 392
733 848
734 57
735 882
736 746
737 208
738 733
739 56
740 934
741 724
742 954
743 147
744 390
745 122
746 471
747 839
748 239
749 439
750 295
751 574
752 11
753 319
754 759
755 751
756 683
757 363
758 517
759 80
760 963
761 627
762 543
763 888
764 189
765 776
766 553
767 12
768 393
769 85
770 48
771 656
772 508
773 78
774 197
775 922
776 298
777 136
778 852
779 251
780 282
781 727
782 672
783 860
784 381
785 731
786 666
787 96
788 177
789 205
790 317
791 318
792 872
793 758
794 840
795 398
796 888
797 878
798 688
799 197
800 433
