1
1000  
1 616
2 206
3 606
4 243
5 260
6 772
7 739
8 599
9 268
10 419
11 507
12 446
13 444
14 610
15 292
16 414
17 445
18 355
19 290
20 211
21 353
22 310
23 429
24 403
25 595
26 646
27 599
28 688
29 714
30 776
31 575
32 616
33 694
34 777
35 408
36 487
37 608
38 340
39 476
40 403
41 512
42 541
43 316
44 315
45 626
46 467
47 765
48 591
49 438
50 788
51 583
52 730
53 472
54 799
55 720
56 305
57 530
58 391
59 738
60 623
61 672
62 689
63 354
64 698
65 236
66 628
67 421
68 561
69 606
70 252
71 569
72 747
73 487
74 403
75 688
76 454
77 440
78 338
79 463
80 414
81 266
82 228
83 668
84 588
85 323
86 705
87 357
88 457
89 591
90 357
91 267
92 313
93 521
94 375
95 584
96 386
97 203
98 441
99 628
100 215
