1
1000  
1 269
2 831
3 446
4 125
5 671
6 881
7 646
8 458
9 772
10 932
11 294
12 565
13 485
14 139
15 454
16 94
17 944
18 333
19 781
20 770
21 785
22 231
23 607
24 542
25 507
26 537
27 138
28 595
29 480
30 685
31 181
32 337
33 763
34 570
35 272
36 889
37 521
38 934
39 148
40 224
41 769
42 207
43 633
44 826
45 834
46 918
47 119
48 830
49 348
50 518
51 37
52 42
53 604
54 112
55 976
56 999
57 215
58 695
59 88
60 584
61 67
62 24
63 198
64 412
65 259
66 467
67 22
68 703
69 194
70 451
71 33
72 766
73 148
74 208
75 371
76 740
77 40
78 732
79 781
80 434
81 182
82 203
83 914
84 812
85 573
86 880
87 292
88 683
89 718
90 931
91 314
92 54
93 128
94 345
95 156
96 870
97 653
98 902
99 555
100 588
101 935
102 515
103 77
104 8
105 177
106 880
107 257
108 551
109 17
110 322
111 366
112 655
113 675
114 947
115 163
116 568
117 864
118 943
119 895
120 827
121 491
122 919
123 586
124 215
125 350
126 45
127 757
128 530
129 175
130 954
131 750
132 482
133 892
134 628
135 832
136 908
137 796
138 625
139 796
140 264
141 149
142 32
143 959
144 64
145 256
146 602
147 234
148 351
149 44
150 549
151 867
152 529
153 385
154 95
155 716
156 372
157 865
158 115
159 708
160 537
161 721
162 397
163 874
164 717
165 707
166 263
167 273
168 920
169 471
170 280
171 617
172 48
173 898
174 759
175 315
176 639
177 617
178 416
179 237
180 342
181 642
182 678
183 461
184 528
185 121
186 992
187 148
188 134
189 368
190 556
191 946
192 34
193 481
194 29
195 579
196 655
197 817
198 165
199 536
200 870
201 156
202 384
203 764
204 677
205 841
206 485
207 455
208 566
209 81
210 618
211 585
212 969
213 67
214 71
215 834
216 526
217 703
218 644
219 65
220 127
221 481
222 532
223 711
224 366
225 436
226 8
227 79
228 184
229 845
230 448
231 73
232 409
233 301
234 987
235 619
236 5
237 11
238 823
239 917
240 919
241 976
242 927
243 199
244 614
245 502
246 559
247 191
248 492
249 865
250 983
251 981
252 598
253 130
254 780
255 433
256 658
257 432
258 577
259 430
260 281
261 153
262 354
263 801
264 92
265 351
266 235
267 64
268 744
269 36
270 164
271 163
272 934
273 152
274 123
275 369
276 818
277 945
278 301
279 704
280 939
281 369
282 742
283 856
284 749
285 529
286 342
287 85
288 470
289 65
290 298
291 526
292 115
293 752
294 104
295 461
296 685
297 225
298 714
299 424
300 465
301 518
302 444
303 314
304 470
305 67
306 972
307 336
308 941
309 958
310 460
311 12
312 274
313 541
314 43
315 745
316 525
317 504
318 504
319 235
320 668
321 903
322 549
323 973
324 861
325 434
326 33
327 835
328 479
329 730
330 630
331 56
332 327
333 82
334 695
335 706
336 627
337 171
338 499
339 689
340 820
341 771
342 987
343 451
344 402
345 525
346 161
347 628
348 151
349 455
350 39
351 39
352 987
353 396
354 278
355 995
356 467
357 225
358 299
359 247
360 257
361 953
362 276
363 791
364 123
365 215
366 763
367 51
368 860
369 589
370 321
371 121
372 229
373 469
374 986
375 924
376 842
377 293
378 769
379 19
380 47
381 759
382 122
383 457
384 190
385 551
386 547
387 825
388 244
389 500
390 536
391 453
392 471
393 290
394 311
395 485
396 223
397 113
398 268
399 644
400 807
401 466
402 826
403 422
404 658
405 13
406 680
407 476
408 769
409 817
410 302
411 571
412 902
413 264
414 382
415 817
416 317
417 581
418 57
419 247
420 692
421 307
422 718
423 2
424 805
425 913
426 478
427 754
428 947
429 811
430 828
431 233
432 468
433 771
434 571
435 905
436 779
437 866
438 675
439 540
440 239
441 727
442 53
443 163
444 277
445 364
446 174
447 686
448 79
449 290
450 452
451 995
452 255
453 850
454 833
455 690
456 680
457 804
458 775
459 408
460 137
461 109
462 165
463 365
464 155
465 857
466 275
467 844
468 212
469 927
470 487
471 136
472 129
473 853
474 937
475 987
476 26
477 31
478 548
479 623
480 369
481 223
482 197
483 641
484 135
485 395
486 818
487 77
488 217
489 468
490 708
491 505
492 934
493 394
494 186
495 173
496 351
497 949
498 809
499 667
500 321
501 121
502 146
503 594
504 294
505 708
506 61
507 944
508 421
509 886
510 940
511 22
512 46
513 444
514 389
515 398
516 338
517 604
518 899
519 827
520 355
521 103
522 567
523 726
524 48
525 191
526 173
527 808
528 903
529 652
530 924
531 312
532 211
533 958
534 723
535 363
536 92
537 385
538 242
539 134
540 155
541 380
542 683
543 954
544 640
545 928
546 653
547 935
548 130
549 378
550 849
551 244
552 79
553 236
554 198
555 17
556 572
557 278
558 820
559 865
560 537
561 584
562 678
563 447
564 3
565 655
566 160
567 849
568 336
569 865
570 21
571 985
572 1000
573 327
574 134
575 726
576 527
577 258
578 740
579 209
580 288
581 182
582 739
583 743
584 471
585 94
586 174
587 701
588 271
589 768
590 620
591 297
592 442
593 855
594 444
595 153
596 608
597 709
598 901
599 356
600 851
601 285
602 489
603 512
604 366
605 145
606 406
607 488
608 773
609 502
610 297
611 881
612 947
613 381
614 35
615 102
616 738
617 442
618 23
619 464
620 454
621 481
622 321
623 663
624 186
625 853
626 896
627 934
628 123
629 827
630 22
631 847
632 225
633 760
634 127
635 44
636 462
637 310
638 570
639 702
640 259
641 784
642 806
643 948
644 977
645 372
646 905
647 928
648 373
649 391
650 279
651 50
652 943
653 375
654 204
655 313
656 348
657 363
658 855
659 570
660 82
661 163
662 280
663 111
664 606
665 49
666 796
667 874
668 885
669 609
670 83
671 362
672 324
673 15
674 529
675 977
676 149
677 596
678 598
679 821
680 827
681 229
682 16
683 162
684 546
685 999
686 813
687 279
688 492
689 533
690 796
691 657
692 824
693 429
694 179
695 368
696 238
697 768
698 537
699 981
700 460
701 352
702 321
703 577
704 89
705 269
706 818
707 80
708 18
709 301
710 753
711 2
712 97
713 245
714 612
715 615
716 699
717 47
718 398
719 512
720 598
721 100
722 783
723 290
724 648
725 849
726 112
727 976
728 825
729 269
730 464
731 855
732 209
733 560
734 194
735 180
736 395
737 967
738 134
739 52
740 735
741 998
742 944
743 145
744 491
745 230
746 24
747 449
748 727
749 789
750 768
751 997
752 407
753 854
754 317
755 704
756 637
757 343
758 605
759 602
760 288
761 322
762 249
763 316
764 319
765 426
766 845
767 777
768 102
769 63
770 357
771 920
772 928
773 618
774 965
775 368
776 3
777 723
778 897
779 250
780 53
781 494
782 722
783 897
784 155
785 210
786 315
787 680
788 651
789 796
790 106
791 657
792 31
793 356
794 259
795 760
796 43
797 801
798 351
799 944
800 912
