1
100  
1 22
2 36
3 16
4 32
5 38
6 47
7 46
8 29
9 20
10 25
11 13
12 43
13 6
14 8
15 44
16 14
17 20
18 25
19 24
20 48
21 42
22 25
23 4
24 6
25 6
26 8
27 47
28 45
29 15
30 50
31 32
32 49
33 33
34 6
35 39
36 20
37 34
38 4
39 16
40 38
41 47
42 14
43 11
44 13
45 24
46 45
47 28
48 10
49 34
50 41
51 25
52 36
53 29
54 34
55 6
56 42
57 36
58 10
59 29
60 6
61 23
62 26
63 18
64 13
65 30
66 18
67 37
68 32
69 14
70 8
71 13
72 1
73 36
74 34
75 14
76 3
77 49
78 4
79 10
80 7
81 4
82 40
83 34
84 6
85 41
86 24
87 50
88 6
89 19
90 47
91 2
92 30
93 1
94 31
95 18
96 48
97 8
98 21
99 31
100 10
101 14
102 2
103 6
104 47
105 28
106 37
107 17
108 8
109 13
110 10
111 30
112 41
113 34
114 44
115 30
116 47
117 28
118 1
119 14
120 44
121 1
122 21
123 5
124 24
125 32
126 38
127 27
128 8
129 16
130 2
131 30
132 32
133 20
134 21
135 15
136 40
137 47
138 15
139 28
140 15
141 37
142 28
143 25
144 50
145 29
146 31
147 32
148 20
149 19
150 20
151 11
152 45
153 50
154 29
155 21
156 18
157 3
158 17
159 6
160 26
161 39
162 9
163 41
164 15
165 40
166 44
167 5
168 49
169 43
170 43
171 32
172 48
173 5
174 17
175 29
176 35
177 6
178 35
179 31
180 13
181 17
182 46
183 26
184 29
185 41
186 15
187 5
188 48
189 9
190 14
191 16
192 19
193 5
194 7
195 2
196 15
197 27
198 9
199 17
200 50
201 43
202 25
203 44
204 17
205 8
206 41
207 13
208 26
209 41
210 9
211 38
212 25
213 22
214 49
215 9
216 22
217 50
218 30
219 31
220 48
221 28
222 47
223 14
224 17
225 6
226 44
227 47
228 9
229 2
230 35
231 29
232 26
233 2
234 24
235 4
236 14
237 26
238 25
239 12
240 40
241 44
242 44
243 8
244 4
245 42
246 11
247 10
248 13
249 9
250 10
251 20
252 33
253 12
254 26
255 41
256 24
257 22
258 19
259 5
260 25
261 30
262 1
263 38
264 8
265 24
266 13
267 45
268 9
269 23
270 39
271 2
272 38
273 7
274 4
275 27
276 34
277 39
278 43
279 25
280 44
281 43
282 10
283 11
284 1
285 17
286 16
287 27
288 40
289 25
290 27
291 12
292 16
293 11
294 34
295 36
296 48
297 50
298 13
299 36
300 19
301 47
302 50
303 4
304 34
305 23
306 20
307 16
308 39
309 24
310 1
311 36
312 3
313 24
314 17
315 18
316 24
317 20
318 1
319 30
320 38
321 48
322 3
323 29
324 47
325 4
326 5
327 23
328 1
329 19
330 15
331 48
332 9
333 11
334 46
335 39
336 30
337 24
338 28
339 25
340 29
341 10
342 32
343 3
344 9
345 48
346 2
347 48
348 27
349 38
350 8
351 17
352 31
353 16
354 18
355 17
356 50
357 48
358 42
359 34
360 21
361 13
362 3
363 35
364 40
365 33
366 36
367 7
368 10
369 6
370 49
371 34
372 44
373 44
374 37
375 49
376 2
377 2
378 3
379 39
380 43
381 24
382 9
383 35
384 18
385 19
386 25
387 9
388 8
389 16
390 21
391 50
392 47
393 10
394 36
395 21
396 7
397 36
398 4
399 37
400 32
401 33
402 23
403 31
404 39
405 28
406 45
407 33
408 40
409 31
410 19
411 26
412 7
413 25
414 20
415 50
416 22
417 38
418 7
419 35
420 3
421 8
422 49
423 38
424 9
425 9
426 1
427 50
428 5
429 9
430 42
431 42
432 42
433 23
434 39
435 22
436 35
437 39
438 38
439 5
440 44
441 43
442 48
443 16
444 22
445 26
446 49
447 42
448 50
449 1
450 7
451 19
452 4
453 11
454 13
455 30
456 36
457 11
458 46
459 7
460 11
461 29
462 6
463 23
464 29
465 6
466 20
467 37
468 24
469 2
470 27
471 23
472 40
473 24
474 7
475 21
476 34
477 50
478 45
479 7
480 28
481 8
482 30
483 3
484 15
485 14
486 4
487 41
488 48
489 17
490 2
491 26
492 41
493 35
494 37
495 31
496 9
497 45
498 4
499 15
500 29
501 26
502 11
503 37
504 47
505 24
506 33
507 7
508 48
509 4
510 38
511 15
512 40
513 25
514 35
515 32
516 48
517 43
518 20
519 30
520 40
521 25
522 6
523 46
524 33
525 29
526 20
527 31
528 11
529 35
530 17
531 12
532 33
533 22
534 34
535 12
536 30
537 45
538 3
539 42
540 7
541 38
542 43
543 36
544 31
545 34
546 22
547 39
548 21
549 33
550 29
551 35
552 25
553 42
554 47
555 9
556 19
557 48
558 25
559 14
560 20
561 19
562 45
563 23
564 21
565 16
566 9
567 36
568 27
569 38
570 30
571 45
572 9
573 49
574 16
575 12
576 9
577 49
578 45
579 39
580 25
581 22
582 7
583 11
584 31
585 46
586 14
587 10
588 23
589 2
590 41
591 1
592 12
593 19
594 36
595 40
596 3
597 7
598 29
599 35
600 6
601 42
602 14
603 35
604 41
605 22
606 39
607 28
608 10
609 34
610 27
611 10
612 17
613 47
614 27
615 14
616 32
617 42
618 21
619 10
620 37
621 9
622 1
623 48
624 15
625 6
626 10
627 9
628 23
629 19
630 8
631 7
632 1
633 2
634 14
635 12
636 36
637 28
638 34
639 13
640 40
641 11
642 50
643 24
644 3
645 15
646 38
647 45
648 14
649 21
650 30
651 41
652 11
653 24
654 10
655 30
656 26
657 3
658 37
659 22
660 23
661 45
662 12
663 29
664 43
665 39
666 12
667 3
668 50
669 10
670 4
671 24
672 4
673 32
674 6
675 26
676 47
677 36
678 18
679 28
680 14
681 31
682 3
683 28
684 30
685 48
686 50
687 27
688 43
689 25
690 36
691 50
692 17
693 19
694 42
695 33
696 42
697 38
698 44
699 35
700 50
701 11
702 35
703 27
704 47
705 28
706 38
707 18
708 46
709 49
710 13
711 45
712 19
713 34
714 33
715 30
716 32
717 3
718 7
719 32
720 40
721 19
722 42
723 14
724 30
725 13
726 36
727 24
728 37
729 7
730 50
731 47
732 38
733 3
734 38
735 33
736 6
737 30
738 40
739 5
740 48
741 19
742 49
743 41
744 41
745 30
746 28
747 5
748 20
749 45
750 38
751 22
752 1
753 18
754 7
755 14
756 44
757 9
758 16
759 20
760 35
761 19
762 8
763 30
764 44
765 6
766 35
767 20
768 4
769 15
770 43
771 42
772 17
773 27
774 43
775 49
776 46
777 37
778 6
779 39
780 25
781 42
782 8
783 6
784 41
785 46
786 14
787 24
788 30
789 47
790 39
791 22
792 9
793 38
794 18
795 5
796 8
797 43
798 41
799 33
800 24
