1
100  
1 32
2 37
3 9
4 3
5 8
6 31
7 32
8 2
9 20
10 26
11 28
12 12
13 45
14 3
15 10
16 13
17 21
18 5
19 31
20 21
21 27
22 47
23 29
24 44
25 40
26 27
27 48
28 4
29 19
30 29
31 13
32 16
33 44
34 28
35 19
36 24
37 28
38 9
39 39
40 30
41 17
42 46
43 1
44 40
45 48
46 28
47 22
48 7
49 11
50 27
51 5
52 17
53 40
54 31
55 25
56 31
57 46
58 49
59 24
60 14
61 35
62 37
63 24
64 33
65 40
66 17
67 13
68 16
69 6
70 30
71 5
72 48
73 28
74 46
75 8
76 22
77 25
78 38
79 30
80 14
81 29
82 14
83 12
84 12
85 18
86 3
87 3
88 31
89 1
90 21
91 32
92 45
93 5
94 22
95 43
96 14
97 48
98 47
99 41
100 21
101 25
102 12
103 45
104 2
105 35
106 43
107 33
108 9
109 19
110 15
111 19
112 14
113 5
114 26
115 22
116 25
117 32
118 43
119 1
120 32
121 11
122 4
123 46
124 20
125 40
126 24
127 14
128 15
129 46
130 29
131 44
132 25
133 3
134 9
135 14
136 2
137 30
138 50
139 28
140 1
141 26
142 49
143 26
144 23
145 36
146 23
147 41
148 47
149 45
150 48
151 34
152 39
153 1
154 32
155 42
156 22
157 17
158 23
159 8
160 42
161 17
162 47
163 35
164 41
165 29
166 39
167 25
168 45
169 44
170 37
171 35
172 50
173 19
174 48
175 31
176 9
177 41
178 19
179 27
180 45
181 16
182 24
183 19
184 10
185 37
186 11
187 43
188 24
189 6
190 15
191 39
192 6
193 20
194 48
195 12
196 12
197 4
198 25
199 39
200 7
