1
1000  
1 98
2 100
3 47
4 82
5 72
6 67
7 60
8 93
9 100
10 37
11 77
12 91
13 93
14 59
15 64
16 83
17 72
18 32
19 44
20 70
21 97
22 39
23 99
24 66
25 90
26 76
27 89
28 31
29 84
30 56
31 34
32 70
33 77
34 83
35 45
36 81
37 67
38 55
39 32
40 66
41 45
42 58
43 63
44 49
45 78
46 27
47 55
48 79
49 95
50 72
51 79
52 84
53 55
54 44
55 60
56 99
57 51
58 73
59 74
60 34
61 81
62 46
63 76
64 88
65 68
66 96
67 31
68 71
69 89
70 94
71 95
72 100
73 84
74 47
75 72
76 61
77 69
78 85
79 60
80 49
81 37
82 96
83 57
84 69
85 81
86 73
87 76
88 58
89 97
90 69
91 71
92 90
93 86
94 59
95 98
96 90
97 69
98 66
99 40
100 66
101 77
102 32
103 82
104 93
105 67
106 41
107 86
108 72
109 61
110 87
111 73
112 91
113 32
114 68
115 98
116 68
117 37
118 50
119 62
120 88
121 73
122 74
123 100
124 92
125 58
126 65
127 45
128 30
129 98
130 58
131 80
132 69
133 74
134 95
135 75
136 99
137 73
138 84
139 31
140 74
141 91
142 85
143 35
144 66
145 27
146 87
147 31
148 100
149 82
150 75
151 55
152 56
153 70
154 89
155 45
156 34
157 49
158 90
159 26
160 59
161 99
162 91
163 99
164 39
165 58
166 77
167 98
168 97
169 85
170 26
171 97
172 51
173 73
174 74
175 34
176 27
177 26
178 99
179 45
180 96
181 25
182 76
183 72
184 95
185 25
186 60
187 81
188 98
189 25
190 49
191 37
192 57
193 82
194 65
195 81
196 47
197 56
198 67
199 91
200 30
201 31
202 34
203 35
204 99
205 26
206 72
207 94
208 73
209 71
210 73
211 38
212 74
213 80
214 85
215 65
216 91
217 91
218 81
219 61
220 91
221 63
222 81
223 97
224 83
225 25
226 79
227 98
228 72
229 64
230 84
231 58
232 79
233 49
234 65
235 27
236 46
237 94
238 78
239 96
240 61
241 26
242 89
243 97
244 71
245 81
246 83
247 41
248 50
249 54
250 46
251 75
252 32
253 34
254 42
255 94
256 55
257 67
258 94
259 94
260 66
261 67
262 56
263 27
264 41
265 62
266 78
267 75
268 36
269 42
270 64
271 73
272 43
273 45
274 62
275 97
276 40
277 35
278 80
279 45
280 26
281 96
282 92
283 37
284 49
285 38
286 81
287 77
288 37
289 30
290 44
291 95
292 32
293 64
294 72
295 45
296 84
297 73
298 95
299 99
300 39
301 96
302 89
303 88
304 30
305 55
306 48
307 41
308 97
309 36
310 77
311 55
312 64
313 40
314 87
315 32
316 65
317 31
318 82
319 50
320 41
321 100
322 78
323 58
324 37
325 34
326 30
327 76
328 75
329 49
330 90
331 88
332 54
333 56
334 95
335 38
336 69
337 25
338 42
339 78
340 53
341 70
342 74
343 39
344 54
345 60
346 96
347 93
348 57
349 50
350 60
351 66
352 80
353 52
354 32
355 45
356 62
357 39
358 92
359 44
360 97
361 99
362 77
363 42
364 37
365 60
366 90
367 30
368 37
369 73
370 40
371 33
372 74
373 42
374 34
375 26
376 72
377 82
378 74
379 81
380 92
381 99
382 79
383 43
384 52
385 58
386 47
387 75
388 88
389 25
390 79
391 92
392 63
393 54
394 27
395 47
396 80
397 84
398 89
399 74
400 67
