1
10  
1 9
2 10
3 10
4 9
5 2
6 6
7 3
8 1
9 7
10 3
11 8
12 4
13 7
14 7
15 2
16 3
17 1
18 3
19 8
20 10
21 7
22 3
23 7
24 1
25 8
26 9
27 4
28 10
29 2
30 1
31 7
32 3
33 9
34 4
35 1
36 2
37 10
38 7
39 9
40 5
41 3
42 2
43 9
44 6
45 2
46 7
47 6
48 10
49 7
50 7
51 1
52 4
53 1
54 7
55 1
56 8
57 6
58 2
59 4
60 4
61 1
62 10
63 10
64 10
65 5
66 9
67 7
68 9
69 6
70 2
71 7
72 8
73 4
74 6
75 5
76 2
77 8
78 9
79 4
80 5
81 7
82 1
83 2
84 7
85 2
86 10
87 2
88 5
89 1
90 7
91 9
92 6
93 3
94 9
95 6
96 3
97 2
98 4
99 5
100 10
101 3
102 4
103 3
104 9
105 9
106 8
107 5
108 10
109 3
110 6
111 1
112 6
113 2
114 8
115 3
116 8
117 2
118 2
119 4
120 3
121 4
122 2
123 3
124 5
125 4
126 9
127 7
128 6
129 2
130 10
131 3
132 2
133 8
134 3
135 5
136 8
137 1
138 2
139 2
140 5
141 10
142 1
143 4
144 9
145 1
146 10
147 5
148 3
149 3
150 9
151 5
152 6
153 5
154 5
155 2
156 5
157 8
158 6
159 3
160 5
161 3
162 9
163 5
164 10
165 8
166 10
167 8
168 9
169 4
170 3
171 2
172 8
173 4
174 10
175 8
176 5
177 1
178 6
179 9
180 7
181 5
182 3
183 8
184 3
185 10
186 2
187 5
188 6
189 3
190 9
191 7
192 5
193 9
194 6
195 10
196 8
197 7
198 3
199 3
200 10
201 6
202 7
203 4
204 3
205 9
206 6
207 2
208 9
209 4
210 6
211 9
212 3
213 3
214 8
215 1
216 10
217 4
218 1
219 7
220 9
221 6
222 3
223 5
224 5
225 3
226 7
227 10
228 10
229 1
230 7
231 1
232 6
233 6
234 3
235 1
236 2
237 7
238 4
239 7
240 10
241 2
242 8
243 6
244 4
245 4
246 3
247 4
248 2
249 7
250 4
251 7
252 5
253 8
254 6
255 3
256 7
257 2
258 6
259 7
260 10
261 9
262 8
263 9
264 5
265 4
266 2
267 9
268 7
269 3
270 10
271 5
272 9
273 8
274 8
275 4
276 6
277 9
278 9
279 6
280 1
281 3
282 4
283 7
284 3
285 6
286 6
287 3
288 5
289 9
290 9
291 7
292 6
293 8
294 6
295 6
296 2
297 7
298 2
299 1
300 6
301 5
302 5
303 5
304 1
305 8
306 6
307 1
308 5
309 6
310 2
311 3
312 10
313 10
314 10
315 8
316 3
317 2
318 8
319 1
320 7
321 6
322 7
323 8
324 8
325 1
326 6
327 9
328 3
329 10
330 1
331 2
332 1
333 5
334 10
335 5
336 9
337 5
338 3
339 10
340 3
341 4
342 6
343 3
344 9
345 4
346 8
347 2
348 4
349 9
350 9
351 10
352 6
353 2
354 1
355 1
356 6
357 4
358 1
359 3
360 3
361 6
362 9
363 2
364 2
365 3
366 3
367 7
368 2
369 6
370 1
371 9
372 3
373 10
374 6
375 9
376 10
377 7
378 3
379 5
380 7
381 6
382 6
383 10
384 9
385 5
386 2
387 3
388 7
389 8
390 8
391 5
392 10
393 4
394 1
395 7
396 9
397 8
398 9
399 9
400 10
401 6
402 5
403 8
404 9
405 7
406 7
407 8
408 3
409 6
410 9
411 7
412 2
413 2
414 1
415 6
416 7
417 8
418 8
419 10
420 9
421 7
422 4
423 6
424 10
425 2
426 8
427 3
428 5
429 9
430 10
431 4
432 7
433 9
434 10
435 4
436 5
437 10
438 7
439 2
440 1
441 2
442 10
443 8
444 5
445 3
446 4
447 3
448 1
449 3
450 2
451 8
452 9
453 7
454 7
455 10
456 8
457 3
458 2
459 7
460 5
461 6
462 4
463 7
464 2
465 3
466 7
467 10
468 10
469 9
470 9
471 4
472 3
473 3
474 5
475 2
476 10
477 6
478 10
479 5
480 9
481 4
482 2
483 5
484 8
485 3
486 7
487 7
488 1
489 7
490 9
491 10
492 4
493 7
494 4
495 9
496 6
497 7
498 7
499 2
500 8
501 1
502 10
503 3
504 1
505 4
506 3
507 2
508 6
509 2
510 1
511 6
512 5
513 3
514 8
515 1
516 5
517 6
518 9
519 3
520 9
521 10
522 1
523 2
524 5
525 5
526 6
527 5
528 7
529 1
530 10
531 4
532 2
533 3
534 4
535 10
536 4
537 2
538 2
539 8
540 2
541 8
542 4
543 2
544 6
545 2
546 1
547 6
548 1
549 7
550 5
551 3
552 3
553 6
554 4
555 7
556 7
557 8
558 3
559 9
560 3
561 1
562 3
563 1
564 1
565 4
566 4
567 4
568 3
569 2
570 5
571 1
572 7
573 1
574 8
575 8
576 7
577 9
578 9
579 1
580 6
581 1
582 6
583 7
584 6
585 9
586 8
587 7
588 9
589 1
590 4
591 3
592 5
593 6
594 3
595 6
596 2
597 1
598 5
599 4
600 7
601 8
602 8
603 4
604 7
605 10
606 7
607 6
608 4
609 3
610 5
611 4
612 2
613 5
614 2
615 6
616 2
617 3
618 5
619 9
620 3
621 8
622 8
623 7
624 6
625 4
626 3
627 8
628 8
629 10
630 5
631 10
632 5
633 2
634 5
635 1
636 8
637 4
638 5
639 3
640 9
641 9
642 4
643 4
644 3
645 3
646 9
647 7
648 2
649 7
650 6
651 2
652 6
653 2
654 5
655 4
656 5
657 2
658 7
659 5
660 10
661 3
662 9
663 6
664 8
665 5
666 1
667 8
668 1
669 4
670 7
671 4
672 9
673 6
674 7
675 6
676 2
677 8
678 10
679 9
680 4
681 1
682 3
683 10
684 9
685 2
686 4
687 1
688 1
689 5
690 1
691 3
692 10
693 10
694 2
695 8
696 4
697 9
698 9
699 8
700 1
701 9
702 6
703 8
704 9
705 2
706 4
707 10
708 8
709 10
710 9
711 9
712 4
713 8
714 8
715 4
716 2
717 2
718 5
719 1
720 9
721 9
722 7
723 7
724 10
725 4
726 7
727 9
728 6
729 5
730 7
731 3
732 1
733 6
734 5
735 7
736 8
737 8
738 6
739 9
740 3
741 4
742 9
743 8
744 2
745 1
746 3
747 9
748 1
749 1
750 1
751 6
752 10
753 2
754 3
755 2
756 3
757 6
758 10
759 8
760 7
761 2
762 7
763 2
764 3
765 10
766 5
767 8
768 2
769 8
770 6
771 9
772 5
773 5
774 9
775 4
776 7
777 3
778 3
779 3
780 7
781 10
782 3
783 10
784 6
785 8
786 2
787 1
788 1
789 2
790 10
791 9
792 7
793 1
794 1
795 3
796 7
797 3
798 4
799 7
800 10
