1
1000  
1 324
2 749
3 284
4 757
5 444
6 306
7 742
8 407
9 145
10 852
11 647
12 368
13 25
14 549
15 45
16 989
17 867
18 11
19 961
20 699
21 520
22 361
23 192
24 456
25 83
26 80
27 494
28 636
29 392
30 933
31 417
32 795
33 736
34 820
35 856
36 263
37 914
38 789
39 569
40 135
41 808
42 962
43 968
44 242
45 559
46 387
47 67
48 761
49 989
50 954
51 23
52 225
53 372
54 474
55 141
56 959
57 624
58 535
59 523
60 94
61 396
62 676
63 864
64 247
65 429
66 935
67 309
68 485
69 502
70 225
71 527
72 774
73 917
74 615
75 181
76 273
77 197
78 845
79 853
80 764
81 954
82 388
83 58
84 576
85 713
86 275
87 771
88 910
89 218
90 212
91 737
92 217
93 963
94 77
95 782
96 527
97 194
98 144
99 209
100 110
