1
1000  
1 710
2 829
3 706
4 748
5 233
6 223
7 256
8 643
9 208
10 686
11 354
12 400
13 596
14 84
15 403
16 271
17 330
18 326
19 889
20 493
21 419
22 443
23 47
24 729
25 826
26 551
27 232
28 427
29 631
30 507
31 465
32 717
33 306
34 311
35 3
36 565
37 292
38 179
39 356
40 41
41 677
42 340
43 603
44 530
45 249
46 362
47 810
48 657
49 843
50 960
51 252
52 757
53 712
54 684
55 78
56 406
57 898
58 616
59 799
60 976
61 426
62 150
63 536
64 759
65 701
66 130
67 721
68 543
69 905
70 83
71 568
72 496
73 136
74 426
75 651
76 805
77 541
78 836
79 390
80 235
81 375
82 280
83 862
84 841
85 291
86 405
87 200
88 937
89 737
90 688
91 894
92 743
93 163
94 345
95 845
96 263
97 689
98 19
99 944
100 107
101 124
102 334
103 797
104 261
105 436
106 824
107 801
108 460
109 15
110 89
111 310
112 699
113 244
114 452
115 866
116 142
117 424
118 132
119 195
120 928
121 336
122 868
123 20
124 415
125 749
126 249
127 172
128 678
129 992
130 879
131 533
132 923
133 543
134 853
135 572
136 529
137 94
138 505
139 598
140 691
141 755
142 846
143 687
144 969
145 935
146 331
147 903
148 954
149 524
150 625
151 780
152 668
153 355
154 715
155 277
156 885
157 27
158 860
159 51
160 946
161 597
162 85
163 824
164 980
165 856
166 113
167 607
168 942
169 617
170 120
171 648
172 39
173 639
174 428
175 722
176 847
177 337
178 346
179 12
180 23
181 677
182 988
183 22
184 617
185 140
186 412
187 976
188 738
189 108
190 126
191 605
192 209
193 345
194 285
195 895
196 256
197 135
198 557
199 912
200 590
201 183
202 739
203 796
204 565
205 441
206 501
207 670
208 194
209 722
210 603
211 878
212 960
213 644
214 527
215 713
216 579
217 346
218 245
219 245
220 861
221 619
222 902
223 408
224 829
225 779
226 40
227 550
228 428
229 827
230 994
231 574
232 296
233 309
234 451
235 327
236 186
237 378
238 922
239 619
240 984
241 526
242 956
243 694
244 116
245 690
246 165
247 673
248 446
249 482
250 713
251 428
252 237
253 424
254 867
255 11
256 868
257 737
258 359
259 238
260 110
261 647
262 630
263 256
264 52
265 424
266 361
267 865
268 748
269 792
270 335
271 553
272 25
273 446
274 100
275 631
276 162
277 592
278 667
279 926
280 549
281 115
282 709
283 264
284 407
285 730
286 937
287 923
288 350
289 608
290 4
291 899
292 644
293 249
294 95
295 993
296 85
297 491
298 761
299 569
300 588
301 634
302 682
303 938
304 575
305 786
306 19
307 733
308 989
309 389
310 186
311 954
312 196
313 746
314 947
315 191
316 588
317 251
318 662
319 662
320 943
321 862
322 961
323 30
324 934
325 885
326 804
327 869
328 78
329 72
330 466
331 20
332 133
333 442
334 805
335 920
336 739
337 690
338 356
339 406
340 247
341 296
342 686
343 357
344 466
345 583
346 339
347 135
348 694
349 145
350 403
351 428
352 935
353 881
354 943
355 586
356 997
357 685
358 69
359 171
360 602
361 823
362 114
363 272
364 163
365 257
366 525
367 547
368 6
369 773
370 384
371 523
372 748
373 691
374 388
375 705
376 636
377 641
378 293
379 851
380 621
381 710
382 215
383 586
384 879
385 529
386 808
387 924
388 520
389 446
390 929
391 250
392 97
393 823
394 317
395 584
396 455
397 462
398 735
399 635
400 294
