1
1000  
1 532
2 375
3 836
4 245
5 740
6 190
7 733
8 701
9 153
10 674
11 770
12 432
13 862
14 642
15 584
16 225
17 413
18 341
19 645
20 572
21 240
22 981
23 415
24 202
25 607
26 344
27 848
28 150
29 632
30 428
31 867
32 587
33 217
34 411
35 156
36 299
37 82
38 915
39 673
40 326
41 978
42 977
43 778
44 191
45 37
46 187
47 459
48 273
49 108
50 547
51 999
52 285
53 822
54 999
55 375
56 921
57 547
58 590
59 627
60 343
61 724
62 431
63 582
64 945
65 470
66 603
67 866
68 171
69 870
70 299
71 329
72 551
73 671
74 191
75 487
76 615
77 190
78 101
79 931
80 847
81 320
82 838
83 664
84 969
85 318
86 497
87 555
88 526
89 173
90 96
91 385
92 646
93 980
94 411
95 622
96 868
97 31
98 280
99 201
100 170
