1
1000  
1 101
2 238
3 188
4 236
5 115
6 288
7 330
8 129
9 302
10 115
11 335
12 327
13 357
14 279
15 358
16 271
17 191
18 343
19 343
20 198
21 353
22 206
23 299
24 224
25 325
26 352
27 310
28 342
29 348
30 173
31 282
32 127
33 191
34 226
35 274
36 373
37 259
38 325
39 109
40 138
41 244
42 240
43 269
44 108
45 299
46 337
47 292
48 137
49 249
50 151
51 329
52 378
53 300
54 191
55 249
56 309
57 395
58 235
59 121
60 250
61 104
62 181
63 213
64 265
65 169
66 198
67 126
68 384
69 357
70 373
71 306
72 335
73 113
74 365
75 295
76 254
77 292
78 131
79 191
80 341
81 166
82 203
83 116
84 290
85 221
86 391
87 235
88 219
89 275
90 359
91 305
92 309
93 252
94 246
95 328
96 353
97 326
98 197
99 176
100 116
101 305
102 226
103 169
104 236
105 365
106 216
107 128
108 231
109 101
110 274
111 155
112 323
113 292
114 300
115 182
116 269
117 349
118 145
119 379
120 261
121 215
122 150
123 288
124 137
125 268
126 348
127 101
128 248
129 341
130 356
131 173
132 252
133 135
134 154
135 142
136 330
137 180
138 325
139 255
140 322
141 285
142 246
143 118
144 205
145 112
146 107
147 169
148 249
149 320
150 371
151 116
152 132
153 320
154 333
155 376
156 162
157 338
158 146
159 368
160 304
161 222
162 111
163 187
164 364
165 144
166 143
167 191
168 188
169 339
170 338
171 268
172 161
173 101
174 285
175 336
176 214
177 283
178 189
179 193
180 115
181 396
182 161
183 170
184 131
185 206
186 159
187 191
188 295
189 243
190 381
191 280
192 366
193 261
194 286
195 245
196 214
197 112
198 219
199 319
200 319
201 380
202 114
203 276
204 252
205 117
206 392
207 388
208 202
209 101
210 226
211 299
212 253
213 133
214 366
215 114
216 311
217 116
218 175
219 349
220 215
221 249
222 115
223 195
224 147
225 110
226 321
227 132
228 397
229 376
230 358
231 398
232 214
233 125
234 377
235 100
236 337
237 360
238 170
239 223
240 237
241 293
242 269
243 271
244 296
245 393
246 181
247 303
248 154
249 197
250 393
251 199
252 201
253 187
254 137
255 303
256 398
257 303
258 110
259 115
260 376
261 315
262 354
263 324
264 117
265 317
266 155
267 307
268 355
269 339
270 202
271 223
272 193
273 355
274 151
275 282
276 123
277 294
278 311
279 309
280 334
281 270
282 228
283 304
284 229
285 216
286 144
287 234
288 292
289 211
290 223
291 105
292 227
293 280
294 155
295 202
296 242
297 260
298 161
299 168
300 348
301 133
302 390
303 274
304 284
305 265
306 371
307 379
308 310
309 198
310 232
311 384
312 226
313 317
314 241
315 135
316 376
317 243
318 205
319 170
320 273
321 172
322 389
323 199
324 291
325 218
326 312
327 318
328 310
329 177
330 276
331 196
332 116
333 200
334 119
335 348
336 191
337 275
338 373
339 259
340 342
341 336
342 251
343 110
344 213
345 344
346 172
347 291
348 141
349 169
350 258
351 352
352 373
353 350
354 301
355 222
356 365
357 101
358 129
359 334
360 271
361 292
362 350
363 109
364 122
365 318
366 389
367 138
368 386
369 248
370 190
371 156
372 264
373 124
374 202
375 285
376 274
377 182
378 315
379 365
380 275
381 318
382 336
383 373
384 295
385 376
386 241
387 183
388 294
389 354
390 134
391 313
392 243
393 294
394 251
395 278
396 211
397 247
398 255
399 169
400 374
401 259
402 358
403 192
404 188
405 101
406 249
407 168
408 226
409 206
410 380
411 102
412 258
413 187
414 360
415 238
416 264
417 156
418 328
419 128
420 139
421 103
422 284
423 225
424 276
425 396
426 356
427 254
428 251
429 355
430 246
431 273
432 145
433 160
434 387
435 204
436 312
437 345
438 272
439 135
440 135
441 327
442 274
443 366
444 125
445 267
446 141
447 189
448 257
449 319
450 319
451 282
452 237
453 253
454 333
455 386
456 319
457 100
458 160
459 100
460 345
461 217
462 147
463 308
464 368
465 115
466 217
467 185
468 383
469 216
470 315
471 273
472 123
473 281
474 316
475 121
476 153
477 301
478 124
479 163
480 399
481 283
482 108
483 376
484 318
485 339
486 159
487 252
488 275
489 233
490 153
491 253
492 221
493 160
494 156
495 364
496 371
497 382
498 252
499 182
500 332
501 102
502 207
503 384
504 208
505 135
506 253
507 256
508 162
509 254
510 389
511 349
512 387
513 109
514 360
515 294
516 165
517 219
518 179
519 328
520 335
521 271
522 211
523 228
524 271
525 186
526 330
527 104
528 227
529 202
530 282
531 126
532 215
533 378
534 157
535 323
536 109
537 200
538 283
539 260
540 170
541 381
542 361
543 387
544 162
545 235
546 265
547 256
548 106
549 314
550 190
551 107
552 165
553 106
554 108
555 273
556 198
557 297
558 355
559 303
560 365
561 139
562 257
563 355
564 399
565 147
566 112
567 124
568 206
569 385
570 338
571 190
572 322
573 192
574 139
575 355
576 103
577 348
578 212
579 273
580 342
581 373
582 187
583 354
584 119
585 234
586 364
587 397
588 161
589 271
590 263
591 219
592 112
593 170
594 319
595 253
596 242
597 114
598 338
599 278
600 112
601 142
602 302
603 239
604 344
605 314
606 224
607 226
608 219
609 172
610 127
611 166
612 225
613 319
614 308
615 124
616 143
617 188
618 366
619 123
620 338
621 393
622 299
623 366
624 352
625 270
626 167
627 310
628 268
629 379
630 222
631 383
632 297
633 143
634 293
635 231
636 132
637 142
638 113
639 143
640 198
641 110
642 100
643 349
644 131
645 204
646 214
647 384
648 342
649 227
650 161
651 155
652 302
653 229
654 356
655 235
656 262
657 129
658 180
659 379
660 193
661 165
662 372
663 125
664 153
665 338
666 391
667 129
668 277
669 352
670 214
671 189
672 292
673 119
674 354
675 325
676 246
677 131
678 391
679 123
680 270
681 272
682 194
683 375
684 318
685 349
686 178
687 214
688 269
689 232
690 163
691 217
692 246
693 293
694 317
695 180
696 203
697 215
698 387
699 351
700 324
701 291
702 110
703 135
704 253
705 340
706 180
707 185
708 394
709 255
710 150
711 337
712 163
713 239
714 333
715 334
716 336
717 109
718 327
719 240
720 301
721 183
722 363
723 202
724 265
725 118
726 267
727 310
728 163
729 242
730 355
731 267
732 214
733 340
734 106
735 271
736 332
737 209
738 169
739 298
740 288
741 135
742 346
743 342
744 250
745 329
746 168
747 188
748 395
749 345
750 299
751 113
752 233
753 319
754 276
755 208
756 171
757 297
758 181
759 192
760 235
761 151
762 245
763 277
764 263
765 294
766 152
767 190
768 114
769 113
770 174
771 220
772 320
773 137
774 108
775 359
776 364
777 363
778 186
779 105
780 315
781 214
782 225
783 118
784 205
785 246
786 206
787 305
788 164
789 259
790 118
791 183
792 146
793 260
794 251
795 251
796 355
797 138
798 255
799 299
800 119
