1
10  
1 5
2 4
3 9
4 8
5 5
6 3
7 6
8 8
9 3
10 3
11 1
12 5
13 4
14 2
15 3
16 2
17 5
18 4
19 5
20 9
21 8
22 7
23 7
24 9
25 7
26 3
27 10
28 4
29 8
30 5
31 10
32 2
33 2
34 4
35 3
36 1
37 4
38 4
39 5
40 10
41 8
42 10
43 2
44 9
45 4
46 8
47 7
48 4
49 8
50 4
51 10
52 4
53 10
54 6
55 4
56 10
57 6
58 9
59 3
60 9
61 3
62 3
63 2
64 6
65 9
66 8
67 2
68 5
69 5
70 10
71 10
72 10
73 6
74 3
75 10
76 6
77 10
78 2
79 7
80 3
81 2
82 2
83 10
84 6
85 3
86 10
87 7
88 5
89 5
90 6
91 4
92 6
93 9
94 2
95 2
96 3
97 1
98 2
99 10
100 2
101 9
102 1
103 1
104 5
105 8
106 5
107 8
108 7
109 7
110 10
111 10
112 6
113 3
114 4
115 9
116 4
117 8
118 3
119 5
120 7
121 3
122 3
123 5
124 7
125 8
126 3
127 4
128 7
129 6
130 3
131 5
132 9
133 7
134 5
135 4
136 6
137 3
138 9
139 5
140 1
141 4
142 2
143 1
144 8
145 10
146 2
147 4
148 3
149 5
150 2
151 4
152 5
153 9
154 5
155 8
156 2
157 6
158 4
159 9
160 5
161 10
162 4
163 6
164 8
165 2
166 1
167 6
168 5
169 6
170 1
171 3
172 5
173 2
174 10
175 2
176 10
177 5
178 1
179 10
180 2
181 2
182 2
183 2
184 10
185 2
186 6
187 8
188 4
189 9
190 5
191 2
192 7
193 1
194 3
195 5
196 9
197 3
198 2
199 3
200 8
201 7
202 5
203 10
204 2
205 1
206 6
207 7
208 7
209 10
210 5
211 3
212 7
213 7
214 1
215 6
216 4
217 5
218 1
219 3
220 6
221 5
222 6
223 5
224 6
225 1
226 10
227 8
228 2
229 7
230 10
231 9
232 7
233 10
234 2
235 2
236 4
237 6
238 7
239 5
240 9
241 4
242 3
243 6
244 8
245 5
246 2
247 5
248 6
249 6
250 7
251 2
252 8
253 1
254 9
255 3
256 9
257 2
258 8
259 5
260 4
261 8
262 7
263 5
264 1
265 7
266 8
267 8
268 4
269 5
270 10
271 3
272 5
273 9
274 1
275 4
276 1
277 6
278 10
279 9
280 8
281 8
282 2
283 2
284 10
285 8
286 10
287 8
288 8
289 4
290 1
291 6
292 1
293 7
294 8
295 7
296 7
297 3
298 3
299 4
300 6
301 7
302 7
303 7
304 7
305 6
306 3
307 2
308 6
309 3
310 7
311 4
312 3
313 8
314 9
315 1
316 4
317 6
318 4
319 6
320 3
321 4
322 5
323 5
324 3
325 5
326 9
327 9
328 6
329 3
330 5
331 7
332 2
333 9
334 10
335 8
336 1
337 9
338 7
339 8
340 5
341 7
342 7
343 5
344 1
345 6
346 1
347 5
348 6
349 2
350 5
351 3
352 9
353 6
354 4
355 2
356 1
357 3
358 8
359 4
360 4
361 5
362 4
363 8
364 8
365 6
366 2
367 7
368 1
369 9
370 8
371 8
372 4
373 7
374 10
375 9
376 8
377 4
378 8
379 7
380 2
381 4
382 9
383 2
384 4
385 9
386 5
387 9
388 6
389 8
390 9
391 2
392 4
393 1
394 3
395 1
396 4
397 9
398 9
399 2
400 1
