1
1000  
1 55
2 105
3 122
4 95
5 107
6 71
7 197
8 109
9 166
10 163
11 77
12 191
13 61
14 81
15 63
16 104
17 54
18 77
19 167
20 79
21 158
22 66
23 180
24 125
25 65
26 156
27 174
28 104
29 57
30 87
31 157
32 82
33 186
34 89
35 155
36 103
37 124
38 112
39 177
40 170
41 68
42 91
43 159
44 146
45 64
46 63
47 158
48 129
49 80
50 122
51 86
52 189
53 103
54 148
55 124
56 131
57 98
58 81
59 196
60 53
61 119
62 53
63 115
64 167
65 72
66 118
67 161
68 77
69 124
70 150
71 100
72 153
73 185
74 198
75 103
76 79
77 166
78 55
79 192
80 74
81 181
82 52
83 183
84 101
85 110
86 180
87 136
88 150
89 118
90 67
91 110
92 155
93 77
94 113
95 121
96 57
97 80
98 181
99 161
100 138
