1
1000  
1 71
2 38
3 69
4 95
5 38
6 77
7 82
8 35
9 75
10 78
11 29
12 98
13 61
14 96
15 25
16 46
17 59
18 56
19 25
20 51
21 42
22 33
23 92
24 93
25 73
26 87
27 41
28 47
29 44
30 100
31 84
32 67
33 38
34 91
35 34
36 47
37 99
38 74
39 47
40 41
41 48
42 32
43 69
44 38
45 74
46 88
47 25
48 54
49 38
50 46
51 64
52 31
53 48
54 85
55 84
56 72
57 53
58 46
59 34
60 42
61 98
62 99
63 79
64 84
65 95
66 67
67 27
68 54
69 50
70 85
71 42
72 44
73 73
74 66
75 100
76 40
77 85
78 81
79 40
80 53
81 54
82 78
83 63
84 68
85 32
86 57
87 38
88 40
89 64
90 59
91 33
92 83
93 55
94 90
95 81
96 78
97 46
98 76
99 86
100 36
101 77
102 44
103 76
104 71
105 97
106 32
107 59
108 58
109 69
110 87
111 65
112 43
113 77
114 28
115 98
116 32
117 71
118 86
119 83
120 88
121 65
122 34
123 70
124 66
125 84
126 82
127 46
128 66
129 56
130 47
131 38
132 49
133 51
134 92
135 83
136 56
137 34
138 42
139 96
140 81
141 28
142 62
143 30
144 66
145 63
146 37
147 34
148 81
149 95
150 41
151 76
152 96
153 28
154 68
155 100
156 96
157 80
158 87
159 90
160 53
161 46
162 95
163 76
164 70
165 97
166 57
167 76
168 60
169 82
170 95
171 63
172 76
173 38
174 28
175 68
176 78
177 63
178 46
179 74
180 60
181 34
182 62
183 97
184 70
185 75
186 65
187 86
188 84
189 74
190 55
191 57
192 42
193 33
194 94
195 34
196 35
197 53
198 31
199 40
200 81
