1
1000  
1 535
2 743
3 617
4 392
5 555
6 369
7 510
8 710
9 758
10 793
11 216
12 449
13 211
14 779
15 455
16 473
17 360
18 415
19 791
20 686
21 775
22 716
23 266
24 601
25 357
26 269
27 526
28 519
29 550
30 629
31 484
32 489
33 463
34 290
35 682
36 675
37 267
38 423
39 380
40 368
41 683
42 457
43 236
44 421
45 631
46 656
47 395
48 491
49 664
50 627
51 228
52 714
53 471
54 343
55 571
56 283
57 330
58 268
59 575
60 212
61 370
62 713
63 624
64 482
65 484
66 404
67 537
68 767
69 393
70 472
71 652
72 715
73 203
74 215
75 421
76 475
77 547
78 242
79 578
80 378
81 688
82 268
83 200
84 325
85 390
86 626
87 433
88 582
89 206
90 641
91 427
92 779
93 632
94 341
95 659
96 445
97 252
98 324
99 266
100 444
