1
100  
1 10
2 26
3 18
4 10
5 4
6 21
7 23
8 1
9 11
10 6
11 31
12 47
13 16
14 1
15 27
16 17
17 30
18 15
19 23
20 46
21 1
22 24
23 14
24 1
25 41
26 26
27 31
28 7
29 35
30 12
31 38
32 11
33 21
34 44
35 18
36 11
37 30
38 49
39 1
40 28
41 34
42 7
43 23
44 42
45 34
46 9
47 6
48 2
49 32
50 15
51 12
52 2
53 15
54 10
55 36
56 43
57 16
58 44
59 26
60 39
61 10
62 37
63 33
64 41
65 45
66 40
67 37
68 12
69 20
70 8
71 20
72 29
73 9
74 24
75 26
76 25
77 27
78 4
79 48
80 22
81 18
82 41
83 11
84 38
85 2
86 10
87 15
88 25
89 32
90 43
91 33
92 20
93 9
94 18
95 3
96 36
97 9
98 45
99 24
100 30
101 30
102 50
103 35
104 36
105 13
106 38
107 35
108 45
109 33
110 10
111 6
112 39
113 11
114 20
115 11
116 20
117 2
118 44
119 42
120 24
121 5
122 37
123 28
124 17
125 42
126 15
127 18
128 17
129 28
130 48
131 50
132 1
133 1
134 37
135 48
136 41
137 6
138 19
139 21
140 21
141 32
142 25
143 12
144 14
145 31
146 19
147 23
148 4
149 21
150 40
151 18
152 37
153 38
154 11
155 7
156 44
157 40
158 17
159 34
160 37
161 10
162 31
163 1
164 32
165 41
166 7
167 14
168 4
169 21
170 41
171 49
172 16
173 9
174 6
175 7
176 20
177 26
178 22
179 37
180 46
181 32
182 6
183 37
184 30
185 8
186 41
187 40
188 46
189 44
190 22
191 46
192 39
193 20
194 30
195 6
196 40
197 5
198 35
199 46
200 12
201 6
202 1
203 4
204 47
205 21
206 45
207 43
208 21
209 9
210 16
211 45
212 38
213 32
214 27
215 44
216 12
217 33
218 18
219 44
220 2
221 49
222 44
223 50
224 38
225 15
226 1
227 45
228 46
229 41
230 32
231 5
232 40
233 50
234 29
235 37
236 44
237 39
238 17
239 49
240 31
241 6
242 1
243 28
244 1
245 33
246 47
247 8
248 32
249 11
250 9
251 41
252 15
253 27
254 4
255 40
256 6
257 47
258 48
259 33
260 15
261 12
262 22
263 15
264 49
265 36
266 1
267 22
268 27
269 1
270 5
271 40
272 26
273 23
274 2
275 40
276 27
277 12
278 43
279 45
280 14
281 29
282 29
283 37
284 13
285 41
286 45
287 50
288 5
289 45
290 19
291 25
292 46
293 47
294 16
295 34
296 24
297 47
298 45
299 17
300 26
301 42
302 45
303 45
304 6
305 9
306 46
307 45
308 13
309 38
310 39
311 47
312 9
313 14
314 20
315 37
316 47
317 6
318 46
319 3
320 14
321 43
322 34
323 27
324 43
325 2
326 17
327 14
328 29
329 48
330 7
331 12
332 2
333 7
334 6
335 12
336 31
337 42
338 24
339 48
340 5
341 25
342 10
343 41
344 23
345 4
346 45
347 8
348 45
349 49
350 2
351 35
352 12
353 3
354 49
355 47
356 34
357 47
358 37
359 27
360 41
361 46
362 5
363 45
364 16
365 29
366 15
367 15
368 33
369 46
370 41
371 34
372 35
373 31
374 22
375 39
376 12
377 21
378 7
379 47
380 46
381 17
382 24
383 24
384 12
385 48
386 4
387 12
388 31
389 42
390 29
391 19
392 49
393 20
394 28
395 38
396 30
397 6
398 25
399 2
400 7
