1
100  
1 18
2 41
3 26
4 20
5 14
6 27
7 28
8 12
9 47
10 3
11 22
12 10
13 3
14 19
15 6
16 17
17 27
18 3
19 4
20 37
21 44
22 13
23 34
24 43
25 37
26 6
27 20
28 12
29 24
30 3
31 20
32 26
33 49
34 2
35 43
36 21
37 47
38 35
39 4
40 16
41 48
42 31
43 5
44 34
45 12
46 31
47 36
48 46
49 50
50 25
51 9
52 2
53 1
54 10
55 26
56 39
57 50
58 43
59 33
60 11
61 24
62 16
63 50
64 43
65 45
66 7
67 49
68 6
69 39
70 50
71 14
72 2
73 20
74 14
75 42
76 32
77 15
78 15
79 25
80 28
81 31
82 13
83 39
84 13
85 34
86 15
87 13
88 30
89 35
90 11
91 22
92 15
93 19
94 43
95 46
96 31
97 45
98 46
99 22
100 8
