1
100  
1 24
2 49
3 28
4 11
5 22
6 14
7 28
8 17
9 49
10 35
11 49
12 17
13 44
14 41
15 46
16 12
17 37
18 6
19 40
20 14
21 29
22 37
23 20
24 20
25 35
26 23
27 24
28 46
29 36
30 27
31 46
32 5
33 47
34 32
35 4
36 44
37 42
38 34
39 26
40 36
41 20
42 26
43 44
44 1
45 19
46 17
47 23
48 40
49 30
50 3
51 14
52 39
53 41
54 5
55 7
56 43
57 45
58 1
59 36
60 18
61 45
62 13
63 11
64 46
65 19
66 42
67 7
68 16
69 32
70 10
71 2
72 49
73 5
74 15
75 33
76 42
77 25
78 26
79 13
80 48
81 14
82 19
83 2
84 1
85 38
86 13
87 1
88 26
89 29
90 43
91 22
92 35
93 31
94 5
95 28
96 15
97 23
98 16
99 26
100 23
