1
1000  
1 97
2 130
3 67
4 155
5 166
6 140
7 106
8 163
9 96
10 104
11 111
12 188
13 166
14 176
15 200
16 58
17 85
18 92
19 160
20 91
21 166
22 68
23 91
24 137
25 78
26 161
27 106
28 187
29 197
30 196
31 131
32 65
33 95
34 73
35 123
36 81
37 183
38 185
39 132
40 79
41 55
42 109
43 143
44 125
45 181
46 152
47 103
48 109
49 126
50 123
51 135
52 123
53 54
54 150
55 109
56 73
57 51
58 81
59 144
60 53
61 134
62 59
63 70
64 162
65 190
66 70
67 63
68 116
69 101
70 112
71 103
72 108
73 85
74 170
75 67
76 155
77 177
78 200
79 108
80 195
81 105
82 160
83 131
84 73
85 95
86 190
87 114
88 172
89 141
90 135
91 150
92 146
93 60
94 157
95 90
96 191
97 152
98 179
99 169
100 118
101 116
102 139
103 193
104 178
105 121
106 52
107 152
108 116
109 143
110 109
111 139
112 148
113 198
114 134
115 83
116 160
117 78
118 129
119 161
120 95
121 181
122 159
123 176
124 187
125 165
126 108
127 179
128 152
129 167
130 82
131 135
132 155
133 174
134 161
135 197
136 138
137 171
138 153
139 104
140 122
141 176
142 78
143 142
144 65
145 142
146 123
147 76
148 194
149 73
150 167
151 154
152 133
153 54
154 180
155 95
156 108
157 178
158 111
159 168
160 131
161 192
162 176
163 184
164 97
165 191
166 88
167 179
168 55
169 188
170 188
171 71
172 108
173 128
174 122
175 198
176 112
177 152
178 62
179 151
180 76
181 162
182 187
183 89
184 122
185 107
186 77
187 66
188 130
189 95
190 57
191 79
192 54
193 181
194 88
195 191
196 125
197 87
198 50
199 174
200 175
201 144
202 181
203 175
204 117
205 194
206 62
207 200
208 170
209 130
210 65
211 180
212 125
213 187
214 193
215 82
216 55
217 63
218 113
219 50
220 88
221 74
222 81
223 171
224 61
225 170
226 103
227 112
228 169
229 109
230 127
231 185
232 125
233 154
234 197
235 119
236 149
237 57
238 75
239 158
240 111
241 148
242 55
243 68
244 175
245 197
246 170
247 51
248 66
249 184
250 152
251 110
252 186
253 187
254 155
255 112
256 126
257 194
258 180
259 156
260 98
261 51
262 148
263 112
264 64
265 120
266 184
267 190
268 173
269 67
270 152
271 59
272 179
273 154
274 168
275 171
276 134
277 135
278 61
279 145
280 120
281 126
282 161
283 94
284 102
285 162
286 79
287 159
288 147
289 182
290 195
291 139
292 120
293 96
294 180
295 57
296 160
297 159
298 165
299 54
300 89
301 133
302 189
303 59
304 159
305 117
306 78
307 181
308 134
309 199
310 189
311 156
312 154
313 102
314 188
315 130
316 175
317 120
318 66
319 143
320 87
321 199
322 124
323 162
324 56
325 71
326 163
327 181
328 118
329 50
330 185
331 142
332 141
333 126
334 108
335 125
336 149
337 163
338 52
339 78
340 90
341 174
342 120
343 85
344 77
345 131
346 57
347 183
348 67
349 196
350 59
351 153
352 134
353 70
354 86
355 107
356 175
357 195
358 122
359 73
360 60
361 82
362 59
363 170
364 199
365 131
366 140
367 100
368 72
369 146
370 179
371 159
372 143
373 98
374 87
375 136
376 148
377 155
378 114
379 59
380 150
381 91
382 187
383 135
384 177
385 195
386 102
387 137
388 119
389 94
390 101
391 86
392 112
393 108
394 77
395 83
396 139
397 61
398 191
399 196
400 88
401 139
402 115
403 76
404 179
405 59
406 134
407 171
408 157
409 139
410 170
411 85
412 81
413 70
414 100
415 146
416 134
417 174
418 61
419 147
420 171
421 96
422 155
423 115
424 76
425 170
426 154
427 120
428 139
429 67
430 171
431 117
432 67
433 92
434 148
435 162
436 128
437 97
438 107
439 200
440 115
441 63
442 66
443 110
444 85
445 83
446 108
447 115
448 77
449 118
450 94
451 109
452 121
453 127
454 199
455 65
456 160
457 167
458 127
459 143
460 113
461 76
462 52
463 88
464 151
465 196
466 108
467 67
468 145
469 178
470 191
471 85
472 180
473 165
474 197
475 163
476 61
477 145
478 119
479 83
480 84
481 58
482 136
483 73
484 120
485 128
486 198
487 59
488 200
489 108
490 192
491 57
492 55
493 182
494 139
495 200
496 133
497 121
498 54
499 61
500 141
501 80
502 143
503 75
504 167
505 67
506 123
507 188
508 111
509 132
510 153
511 74
512 153
513 107
514 158
515 183
516 76
517 161
518 144
519 115
520 114
521 92
522 101
523 185
524 162
525 158
526 129
527 78
528 133
529 64
530 160
531 98
532 75
533 129
534 82
535 70
536 160
537 165
538 138
539 86
540 168
541 125
542 90
543 193
544 111
545 70
546 191
547 147
548 171
549 83
550 71
551 124
552 128
553 72
554 151
555 113
556 116
557 116
558 155
559 187
560 161
561 77
562 116
563 178
564 183
565 134
566 133
567 60
568 179
569 159
570 50
571 132
572 163
573 98
574 155
575 126
576 145
577 157
578 125
579 156
580 199
581 50
582 119
583 80
584 194
585 83
586 88
587 109
588 170
589 68
590 152
591 82
592 98
593 162
594 122
595 93
596 166
597 189
598 89
599 98
600 147
601 82
602 66
603 63
604 137
605 110
606 192
607 143
608 86
609 148
610 126
611 73
612 94
613 54
614 111
615 135
616 116
617 61
618 200
619 99
620 166
621 105
622 200
623 69
624 157
625 68
626 130
627 75
628 191
629 191
630 122
631 200
632 181
633 98
634 148
635 166
636 173
637 187
638 100
639 142
640 164
641 167
642 91
643 143
644 131
645 100
646 119
647 107
648 190
649 115
650 176
651 90
652 129
653 81
654 63
655 137
656 130
657 129
658 153
659 58
660 60
661 66
662 60
663 173
664 126
665 191
666 94
667 179
668 171
669 82
670 74
671 185
672 102
673 128
674 165
675 72
676 171
677 68
678 142
679 151
680 52
681 194
682 109
683 127
684 160
685 124
686 114
687 126
688 66
689 175
690 150
691 85
692 152
693 167
694 93
695 113
696 142
697 145
698 127
699 186
700 86
701 145
702 194
703 144
704 156
705 154
706 121
707 110
708 121
709 90
710 60
711 76
712 125
713 128
714 85
715 195
716 139
717 162
718 95
719 70
720 127
721 172
722 113
723 160
724 197
725 133
726 84
727 175
728 170
729 89
730 172
731 127
732 185
733 156
734 71
735 166
736 84
737 103
738 113
739 121
740 107
741 123
742 181
743 102
744 187
745 192
746 115
747 79
748 198
749 188
750 79
751 168
752 144
753 99
754 105
755 148
756 91
757 93
758 63
759 113
760 177
761 95
762 187
763 98
764 181
765 76
766 81
767 98
768 75
769 162
770 90
771 137
772 190
773 102
774 144
775 122
776 70
777 127
778 61
779 102
780 138
781 196
782 121
783 155
784 99
785 172
786 61
787 145
788 137
789 189
790 100
791 125
792 198
793 191
794 155
795 174
796 197
797 109
798 84
799 149
800 175
