1
1000  
1 414
2 602
3 635
4 352
5 483
6 411
7 263
8 423
9 490
10 676
11 492
12 282
13 300
14 790
15 396
16 743
17 318
18 727
19 260
20 458
21 560
22 311
23 443
24 390
25 762
26 611
27 538
28 280
29 437
30 232
31 277
32 620
33 329
34 300
35 538
36 438
37 545
38 637
39 666
40 771
41 346
42 257
43 428
44 372
45 626
46 326
47 413
48 469
49 660
50 450
51 452
52 565
53 617
54 638
55 417
56 739
57 409
58 581
59 792
60 698
61 577
62 276
63 654
64 446
65 239
66 755
67 282
68 488
69 665
70 301
71 621
72 299
73 560
74 503
75 228
76 717
77 410
78 203
79 395
80 696
81 620
82 636
83 408
84 491
85 445
86 513
87 531
88 737
89 242
90 706
91 301
92 352
93 595
94 603
95 662
96 484
97 791
98 358
99 771
100 651
101 704
102 269
103 275
104 325
105 717
106 231
107 417
108 410
109 240
110 279
111 786
112 505
113 444
114 800
115 665
116 763
117 278
118 412
119 608
120 443
121 749
122 363
123 293
124 561
125 632
126 573
127 481
128 470
129 278
130 685
131 787
132 491
133 726
134 414
135 447
136 357
137 357
138 632
139 427
140 501
141 698
142 322
143 743
144 627
145 525
146 723
147 548
148 482
149 530
150 362
151 504
152 406
153 765
154 302
155 506
156 573
157 445
158 708
159 640
160 385
161 648
162 407
163 374
164 202
165 336
166 742
167 353
168 253
169 310
170 470
171 262
172 206
173 441
174 291
175 512
176 507
177 517
178 516
179 744
180 675
181 324
182 218
183 320
184 567
185 377
186 361
187 510
188 553
189 799
190 478
191 694
192 393
193 666
194 722
195 524
196 438
197 616
198 228
199 338
200 242
201 395
202 634
203 647
204 302
205 778
206 466
207 690
208 719
209 344
210 306
211 315
212 307
213 449
214 778
215 301
216 635
217 793
218 739
219 302
220 407
221 328
222 482
223 277
224 565
225 309
226 561
227 352
228 489
229 698
230 718
231 352
232 377
233 241
234 444
235 543
236 246
237 598
238 656
239 392
240 642
241 468
242 765
243 584
244 371
245 282
246 224
247 266
248 418
249 424
250 389
251 453
252 587
253 505
254 765
255 689
256 283
257 371
258 616
259 455
260 614
261 301
262 456
263 481
264 327
265 267
266 449
267 511
268 449
269 655
270 761
271 636
272 650
273 512
274 547
275 479
276 295
277 477
278 709
279 317
280 727
281 793
282 424
283 406
284 777
285 723
286 667
287 301
288 433
289 504
290 427
291 372
292 506
293 298
294 704
295 220
296 276
297 583
298 486
299 408
300 221
301 622
302 631
303 676
304 261
305 773
306 339
307 737
308 235
309 708
310 327
311 695
312 312
313 796
314 759
315 480
316 593
317 614
318 266
319 553
320 490
321 637
322 464
323 252
324 216
325 697
326 393
327 297
328 636
329 442
330 650
331 647
332 750
333 497
334 639
335 534
336 590
337 683
338 614
339 333
340 443
341 785
342 267
343 276
344 484
345 667
346 647
347 242
348 717
349 624
350 362
351 212
352 751
353 218
354 761
355 751
356 610
357 239
358 254
359 646
360 538
361 736
362 740
363 559
364 224
365 661
366 493
367 700
368 492
369 523
370 215
371 411
372 423
373 523
374 724
375 532
376 331
377 458
378 716
379 501
380 504
381 300
382 789
383 289
384 627
385 510
386 746
387 346
388 265
389 472
390 614
391 574
392 445
393 324
394 653
395 579
396 446
397 545
398 690
399 425
400 768
401 303
402 620
403 622
404 293
405 585
406 616
407 410
408 230
409 614
410 455
411 203
412 299
413 501
414 696
415 703
416 295
417 242
418 222
419 318
420 473
421 718
422 556
423 776
424 261
425 658
426 538
427 738
428 741
429 209
430 461
431 792
432 260
433 289
434 302
435 214
436 227
437 742
438 511
439 526
440 329
441 676
442 235
443 462
444 649
445 320
446 726
447 397
448 569
449 563
450 459
451 436
452 607
453 562
454 607
455 240
456 208
457 698
458 251
459 338
460 663
461 447
462 794
463 348
464 311
465 588
466 386
467 729
468 726
469 675
470 307
471 415
472 543
473 562
474 228
475 504
476 629
477 684
478 789
479 366
480 239
481 749
482 414
483 449
484 779
485 451
486 244
487 586
488 279
489 679
490 389
491 785
492 224
493 202
494 369
495 647
496 416
497 569
498 728
499 705
500 357
501 465
502 234
503 556
504 600
505 251
506 268
507 759
508 427
509 244
510 411
511 348
512 619
513 493
514 453
515 369
516 689
517 576
518 639
519 661
520 375
521 587
522 690
523 466
524 389
525 450
526 450
527 430
528 712
529 741
530 507
531 500
532 571
533 283
534 205
535 726
536 635
537 629
538 370
539 721
540 208
541 748
542 338
543 561
544 266
545 669
546 785
547 555
548 375
549 255
550 598
551 570
552 458
553 381
554 486
555 714
556 799
557 777
558 471
559 641
560 754
561 606
562 380
563 337
564 602
565 444
566 506
567 791
568 510
569 224
570 680
571 295
572 564
573 446
574 544
575 484
576 258
577 516
578 281
579 536
580 779
581 575
582 396
583 644
584 646
585 200
586 473
587 339
588 407
589 370
590 706
591 421
592 281
593 546
594 762
595 469
596 375
597 278
598 575
599 446
600 600
601 280
602 394
603 694
604 747
605 222
606 287
607 658
608 314
609 216
610 425
611 372
612 439
613 252
614 203
615 668
616 549
617 748
618 208
619 626
620 345
621 594
622 208
623 797
624 473
625 300
626 792
627 365
628 239
629 669
630 321
631 506
632 725
633 775
634 757
635 602
636 452
637 769
638 549
639 295
640 700
641 667
642 712
643 264
644 731
645 795
646 673
647 249
648 226
649 258
650 287
651 312
652 702
653 565
654 571
655 635
656 312
657 618
658 680
659 513
660 383
661 678
662 790
663 419
664 782
665 273
666 503
667 453
668 232
669 769
670 629
671 520
672 742
673 360
674 761
675 713
676 766
677 653
678 505
679 535
680 452
681 506
682 719
683 580
684 365
685 758
686 527
687 750
688 354
689 377
690 752
691 543
692 285
693 751
694 433
695 405
696 581
697 532
698 240
699 263
700 574
701 728
702 488
703 766
704 223
705 246
706 485
707 683
708 581
709 430
710 738
711 603
712 574
713 550
714 251
715 355
716 541
717 752
718 408
719 627
720 723
721 446
722 325
723 322
724 760
725 525
726 782
727 789
728 713
729 778
730 417
731 375
732 779
733 226
734 641
735 649
736 512
737 594
738 423
739 466
740 204
741 242
742 226
743 421
744 219
745 597
746 596
747 602
748 372
749 446
750 250
751 407
752 424
753 694
754 796
755 694
756 604
757 520
758 749
759 250
760 217
761 394
762 621
763 524
764 524
765 604
766 773
767 414
768 231
769 756
770 749
771 588
772 492
773 599
774 427
775 773
776 218
777 792
778 460
779 454
780 395
781 322
782 541
783 260
784 773
785 468
786 244
787 309
788 290
789 272
790 426
791 501
792 603
793 702
794 511
795 373
796 231
797 791
798 643
799 320
800 676
