1
1000  
1 58
2 71
3 29
4 79
5 31
6 74
7 67
8 98
9 69
10 92
11 48
12 60
13 85
14 92
15 78
16 34
17 97
18 89
19 66
20 68
21 86
22 47
23 37
24 25
25 33
26 88
27 79
28 74
29 78
30 30
31 38
32 27
33 28
34 89
35 50
36 51
37 35
38 37
39 59
40 71
41 37
42 64
43 36
44 79
45 50
46 30
47 30
48 26
49 62
50 52
51 83
52 70
53 56
54 100
55 34
56 33
57 25
58 49
59 64
60 64
61 77
62 72
63 59
64 80
65 71
66 70
67 44
68 94
69 60
70 34
71 50
72 95
73 57
74 99
75 93
76 81
77 100
78 73
79 29
80 41
81 51
82 93
83 45
84 78
85 62
86 78
87 25
88 40
89 26
90 75
91 28
92 76
93 43
94 87
95 76
96 35
97 33
98 99
99 85
100 37
101 92
102 76
103 33
104 48
105 25
106 61
107 54
108 67
109 56
110 37
111 75
112 39
113 52
114 29
115 82
116 39
117 86
118 94
119 71
120 55
121 34
122 56
123 40
124 93
125 92
126 60
127 38
128 62
129 31
130 66
131 34
132 92
133 98
134 87
135 55
136 45
137 68
138 43
139 52
140 74
141 79
142 68
143 83
144 90
145 52
146 46
147 36
148 34
149 79
150 89
151 59
152 59
153 35
154 74
155 65
156 62
157 27
158 86
159 80
160 73
161 94
162 63
163 61
164 96
165 42
166 64
167 87
168 46
169 35
170 91
171 27
172 57
173 72
174 55
175 35
176 96
177 87
178 78
179 90
180 60
181 78
182 74
183 41
184 37
185 69
186 81
187 33
188 95
189 72
190 77
191 28
192 51
193 25
194 55
195 65
196 46
197 25
198 91
199 85
200 77
