1
10  
1 3
2 9
3 5
4 2
5 6
6 4
7 7
8 8
9 3
10 9
11 9
12 10
13 6
14 2
15 2
16 1
17 8
18 8
19 9
20 7
21 6
22 8
23 8
24 5
25 2
26 7
27 9
28 6
29 3
30 2
31 9
32 6
33 1
34 5
35 8
36 6
37 2
38 9
39 4
40 10
41 7
42 8
43 10
44 1
45 8
46 3
47 2
48 5
49 1
50 1
51 9
52 10
53 4
54 6
55 7
56 4
57 1
58 2
59 6
60 6
61 10
62 10
63 2
64 1
65 1
66 2
67 5
68 4
69 6
70 5
71 6
72 7
73 1
74 3
75 5
76 4
77 8
78 6
79 5
80 7
81 4
82 10
83 5
84 3
85 8
86 10
87 7
88 4
89 4
90 10
91 8
92 8
93 10
94 10
95 4
96 9
97 5
98 10
99 8
100 7
101 1
102 4
103 6
104 5
105 7
106 7
107 3
108 3
109 4
110 1
111 10
112 1
113 7
114 4
115 2
116 2
117 10
118 1
119 8
120 6
121 2
122 1
123 8
124 5
125 6
126 1
127 4
128 4
129 5
130 4
131 10
132 4
133 10
134 3
135 5
136 4
137 10
138 6
139 2
140 7
141 7
142 7
143 6
144 6
145 1
146 8
147 2
148 8
149 10
150 10
151 4
152 9
153 3
154 1
155 6
156 2
157 6
158 8
159 3
160 8
161 8
162 6
163 1
164 2
165 1
166 2
167 9
168 9
169 9
170 8
171 4
172 3
173 7
174 10
175 6
176 10
177 2
178 5
179 4
180 8
181 7
182 5
183 8
184 9
185 1
186 9
187 8
188 4
189 1
190 10
191 6
192 2
193 8
194 5
195 7
196 5
197 7
198 1
199 4
200 8
201 1
202 8
203 9
204 5
205 1
206 10
207 9
208 1
209 4
210 5
211 9
212 3
213 8
214 10
215 8
216 10
217 9
218 4
219 9
220 8
221 7
222 10
223 8
224 1
225 4
226 3
227 7
228 7
229 10
230 1
231 3
232 3
233 1
234 2
235 5
236 4
237 7
238 8
239 4
240 10
241 9
242 9
243 2
244 9
245 8
246 4
247 8
248 7
249 9
250 9
251 7
252 8
253 10
254 1
255 7
256 10
257 8
258 5
259 2
260 2
261 4
262 8
263 4
264 2
265 6
266 6
267 10
268 3
269 2
270 7
271 2
272 4
273 6
274 1
275 5
276 8
277 6
278 7
279 2
280 2
281 9
282 4
283 4
284 1
285 9
286 9
287 1
288 3
289 4
290 1
291 10
292 2
293 3
294 9
295 8
296 5
297 5
298 7
299 10
300 1
301 4
302 4
303 4
304 10
305 3
306 1
307 4
308 10
309 5
310 5
311 10
312 5
313 2
314 1
315 10
316 4
317 4
318 5
319 3
320 10
321 6
322 2
323 10
324 3
325 2
326 5
327 1
328 3
329 3
330 9
331 5
332 4
333 7
334 6
335 6
336 1
337 5
338 1
339 9
340 1
341 6
342 9
343 3
344 2
345 8
346 7
347 3
348 4
349 8
350 2
351 2
352 3
353 9
354 3
355 5
356 9
357 1
358 7
359 5
360 6
361 5
362 9
363 8
364 3
365 8
366 3
367 4
368 6
369 10
370 7
371 6
372 1
373 5
374 2
375 2
376 4
377 6
378 3
379 4
380 4
381 10
382 9
383 1
384 1
385 1
386 1
387 8
388 6
389 10
390 2
391 6
392 6
393 9
394 4
395 7
396 1
397 4
398 5
399 3
400 2
401 5
402 2
403 1
404 1
405 3
406 5
407 10
408 9
409 7
410 8
411 8
412 3
413 2
414 7
415 8
416 4
417 5
418 2
419 9
420 5
421 1
422 1
423 2
424 3
425 4
426 8
427 3
428 5
429 4
430 6
431 2
432 9
433 10
434 2
435 4
436 6
437 2
438 2
439 2
440 5
441 8
442 5
443 5
444 9
445 7
446 8
447 9
448 6
449 7
450 8
451 3
452 8
453 9
454 5
455 2
456 1
457 1
458 2
459 6
460 9
461 6
462 1
463 3
464 5
465 1
466 7
467 6
468 1
469 6
470 8
471 8
472 1
473 10
474 5
475 1
476 2
477 6
478 6
479 7
480 1
481 4
482 6
483 9
484 8
485 5
486 5
487 7
488 3
489 8
490 2
491 9
492 3
493 10
494 1
495 1
496 1
497 4
498 7
499 8
500 8
501 7
502 9
503 4
504 5
505 2
506 7
507 8
508 3
509 1
510 10
511 4
512 9
513 2
514 9
515 8
516 5
517 2
518 8
519 6
520 1
521 1
522 7
523 5
524 2
525 7
526 8
527 9
528 6
529 5
530 2
531 3
532 7
533 7
534 2
535 5
536 8
537 2
538 7
539 8
540 10
541 10
542 1
543 8
544 2
545 2
546 10
547 2
548 2
549 3
550 8
551 4
552 6
553 4
554 8
555 8
556 7
557 2
558 7
559 7
560 1
561 4
562 1
563 5
564 1
565 1
566 5
567 5
568 5
569 7
570 3
571 6
572 6
573 5
574 1
575 2
576 6
577 10
578 4
579 8
580 8
581 2
582 10
583 1
584 7
585 3
586 6
587 9
588 4
589 1
590 1
591 3
592 10
593 4
594 5
595 9
596 10
597 1
598 5
599 5
600 1
601 9
602 6
603 3
604 4
605 7
606 8
607 5
608 4
609 8
610 8
611 5
612 8
613 10
614 9
615 7
616 1
617 10
618 2
619 6
620 5
621 6
622 7
623 7
624 2
625 5
626 10
627 8
628 6
629 1
630 5
631 8
632 4
633 2
634 3
635 5
636 8
637 8
638 7
639 5
640 1
641 3
642 3
643 8
644 4
645 2
646 8
647 1
648 10
649 1
650 3
651 5
652 1
653 1
654 9
655 8
656 5
657 9
658 7
659 2
660 2
661 6
662 1
663 9
664 9
665 4
666 2
667 3
668 7
669 5
670 4
671 7
672 7
673 6
674 7
675 6
676 9
677 3
678 2
679 8
680 5
681 3
682 2
683 10
684 1
685 4
686 4
687 5
688 1
689 10
690 7
691 9
692 9
693 7
694 9
695 7
696 3
697 8
698 5
699 10
700 4
701 3
702 3
703 7
704 9
705 6
706 1
707 8
708 6
709 4
710 8
711 4
712 6
713 5
714 6
715 3
716 10
717 5
718 5
719 5
720 1
721 2
722 4
723 3
724 6
725 6
726 7
727 5
728 8
729 7
730 1
731 8
732 2
733 2
734 7
735 10
736 7
737 5
738 4
739 10
740 2
741 6
742 8
743 10
744 6
745 4
746 5
747 2
748 10
749 3
750 3
751 3
752 1
753 10
754 7
755 2
756 6
757 1
758 2
759 2
760 3
761 9
762 2
763 2
764 7
765 8
766 7
767 9
768 3
769 3
770 3
771 9
772 4
773 8
774 9
775 8
776 4
777 10
778 5
779 4
780 8
781 6
782 10
783 8
784 6
785 6
786 8
787 1
788 3
789 9
790 10
791 9
792 1
793 6
794 8
795 4
796 4
797 8
798 3
799 10
800 7
801 10
802 2
803 5
804 8
805 6
806 8
807 2
808 1
809 8
810 6
811 9
812 5
813 5
814 4
815 7
816 2
817 5
818 7
819 4
820 7
821 2
822 9
823 7
824 9
825 6
826 9
827 5
828 8
829 2
830 8
831 1
832 9
833 6
834 2
835 2
836 6
837 9
838 4
839 10
840 2
841 10
842 3
843 2
844 3
845 10
846 2
847 7
848 2
849 1
850 4
851 9
852 7
853 6
854 2
855 10
856 3
857 6
858 9
859 4
860 6
861 3
862 8
863 6
864 2
865 4
866 7
867 1
868 8
869 5
870 9
871 8
872 7
873 7
874 3
875 9
876 9
877 4
878 8
879 7
880 1
881 7
882 5
883 7
884 4
885 8
886 8
887 6
888 10
889 9
890 7
891 6
892 4
893 3
894 1
895 9
896 5
897 9
898 6
899 4
900 2
901 8
902 9
903 3
904 3
905 2
906 7
907 2
908 10
909 2
910 5
911 1
912 3
913 1
914 6
915 4
916 5
917 4
918 7
919 4
920 10
921 1
922 4
923 8
924 6
925 2
926 10
927 9
928 1
929 9
930 4
931 5
932 5
933 4
934 8
935 8
936 7
937 7
938 3
939 3
940 8
941 9
942 4
943 8
944 6
945 8
946 6
947 10
948 3
949 3
950 1
951 7
952 4
953 2
954 1
955 1
956 3
957 5
958 6
959 2
960 5
961 7
962 7
963 4
964 8
965 1
966 5
967 2
968 4
969 8
970 6
971 7
972 9
973 2
974 8
975 9
976 9
977 6
978 10
979 5
980 8
981 10
982 3
983 8
984 3
985 4
986 9
987 10
988 7
989 9
990 6
991 6
992 8
993 4
994 5
995 1
996 3
997 1
998 7
999 4
1000 7
