1
40  
1 9
2 29
3 7
4 16
5 12
6 34
7 6
8 21
9 20
10 30
11 28
12 34
13 13
14 24
15 3
16 14
17 27
18 33
19 20
20 33
21 3
22 14
23 23
24 17
25 20
26 8
27 28
28 33
29 35
30 31
31 16
32 10
33 29
34 33
35 10
36 28
37 19
38 18
39 29
40 27
41 2
42 7
43 31
44 7
45 14
46 9
47 5
48 34
49 14
50 23
51 3
52 20
53 23
54 25
55 30
56 25
57 23
58 29
59 1
60 28
61 27
62 31
63 7
64 31
65 8
66 4
67 35
68 19
69 7
70 32
71 30
72 2
73 32
74 14
75 28
76 27
77 20
78 28
79 13
80 7
81 26
82 29
83 12
84 16
85 29
86 1
87 25
88 7
89 28
90 8
91 29
92 12
93 9
94 27
95 23
96 3
97 35
98 5
99 28
100 19
101 27
102 11
103 22
104 4
105 28
106 19
107 8
108 16
109 35
110 28
111 26
112 14
113 5
114 18
115 25
116 33
117 32
118 5
119 12
120 14
121 15
122 10
123 20
124 3
125 29
126 7
127 3
128 25
129 25
130 30
131 9
132 12
133 22
134 16
135 22
136 18
137 35
138 27
139 2
140 20
141 15
142 6
143 29
144 21
145 8
146 23
147 3
148 16
149 20
150 9
151 35
152 11
153 17
154 29
155 3
156 29
157 8
158 5
159 19
160 19
161 14
162 26
163 22
164 16
165 19
166 10
167 3
168 27
169 32
170 13
171 13
172 19
173 28
174 3
175 14
176 32
177 22
178 4
179 35
180 9
181 6
182 4
183 28
184 1
185 13
186 26
187 12
188 28
189 12
190 2
191 31
192 15
193 11
194 21
195 34
196 35
197 15
198 9
199 9
200 29
201 23
202 15
203 26
204 34
205 25
206 32
207 34
208 23
209 16
210 22
211 20
212 28
213 25
214 27
215 22
216 3
217 11
218 35
219 16
220 15
221 1
222 3
223 2
224 18
225 18
226 30
227 24
228 14
229 7
230 2
231 5
232 23
233 30
234 32
235 10
236 1
237 11
238 18
239 4
240 33
241 9
242 25
243 22
244 14
245 23
246 33
247 8
248 7
249 28
250 11
251 28
252 5
253 31
254 26
255 7
256 26
257 25
258 24
259 4
260 9
261 13
262 8
263 8
264 11
265 25
266 19
267 19
268 34
269 3
270 31
271 1
272 21
273 15
274 2
275 20
276 22
277 22
278 24
279 22
280 32
281 28
282 6
283 7
284 34
285 23
286 15
287 18
288 5
289 6
290 9
291 15
292 5
293 6
294 6
295 1
296 30
297 33
298 16
299 22
300 23
301 18
302 25
303 22
304 17
305 21
306 18
307 25
308 2
309 28
310 25
311 31
312 31
313 14
314 29
315 4
316 24
317 21
318 20
319 27
320 4
321 16
322 26
323 1
324 18
325 30
326 29
327 8
328 27
329 17
330 2
331 26
332 26
333 12
334 28
335 18
336 19
337 30
338 33
339 3
340 32
341 30
342 26
343 25
344 8
345 4
346 26
347 35
348 32
349 3
350 24
351 28
352 25
353 9
354 2
355 6
356 31
357 24
358 31
359 17
360 29
361 32
362 28
363 26
364 29
365 22
366 9
367 30
368 2
369 2
370 6
371 35
372 30
373 1
374 25
375 29
376 15
377 18
378 22
379 26
380 11
381 7
382 13
383 7
384 4
385 1
386 1
387 9
388 22
389 8
390 26
391 30
392 28
393 4
394 3
395 22
396 34
397 33
398 32
399 12
400 31
401 19
402 19
403 6
404 21
405 20
406 30
407 33
408 19
409 30
410 3
411 11
412 34
413 1
414 20
415 23
416 11
417 1
418 18
419 23
420 8
421 24
422 8
423 7
424 27
425 14
426 30
427 31
428 33
429 8
430 3
431 19
432 10
433 32
434 6
435 16
436 24
437 6
438 22
439 33
440 19
441 31
442 31
443 6
444 28
445 11
446 6
447 16
448 22
449 16
450 20
451 30
452 35
453 34
454 26
455 29
456 16
457 7
458 24
459 32
460 18
461 25
462 8
463 4
464 27
465 33
466 5
467 24
468 1
469 5
470 26
471 29
472 6
473 4
474 24
475 24
476 20
477 6
478 26
479 28
480 6
481 3
482 5
483 14
484 14
485 18
486 22
487 6
488 33
489 6
490 13
491 9
492 22
493 25
494 20
495 21
496 28
497 2
498 9
499 22
500 12
501 6
502 29
503 24
504 28
505 19
506 9
507 10
508 16
509 7
510 30
511 31
512 2
513 22
514 1
515 17
516 30
517 7
518 12
519 28
520 29
521 22
522 34
523 15
524 26
525 17
526 21
527 28
528 32
529 5
530 11
531 9
532 17
533 17
534 31
535 29
536 19
537 1
538 8
539 33
540 2
541 27
542 34
543 4
544 32
545 6
546 8
547 18
548 1
549 24
550 1
551 14
552 27
553 25
554 20
555 17
556 28
557 7
558 15
559 4
560 27
561 2
562 13
563 28
564 18
565 6
566 33
567 24
568 19
569 14
570 32
571 33
572 21
573 34
574 5
575 20
576 20
577 33
578 3
579 22
580 12
581 4
582 2
583 10
584 4
585 17
586 20
587 15
588 23
589 18
590 8
591 19
592 1
593 35
594 19
595 7
596 11
597 19
598 32
599 14
600 29
601 20
602 30
603 5
604 35
605 14
606 7
607 7
608 13
609 28
610 29
611 33
612 7
613 29
614 29
615 6
616 32
617 19
618 1
619 9
620 1
621 12
622 9
623 11
624 31
625 5
626 8
627 10
628 20
629 28
630 29
631 23
632 6
633 9
634 8
635 12
636 31
637 13
638 4
639 28
640 34
641 6
642 15
643 15
644 26
645 22
646 33
647 26
648 5
649 1
650 25
651 6
652 18
653 18
654 13
655 20
656 19
657 19
658 13
659 16
660 33
661 12
662 20
663 12
664 11
665 29
666 2
667 33
668 4
669 12
670 10
671 25
672 29
673 20
674 19
675 12
676 14
677 29
678 5
679 9
680 29
681 6
682 35
683 18
684 29
685 8
686 14
687 16
688 34
689 27
690 26
691 30
692 13
693 33
694 4
695 33
696 11
697 9
698 26
699 28
700 26
701 7
702 8
703 32
704 21
705 14
706 27
707 34
708 6
709 15
710 3
711 28
712 19
713 21
714 33
715 32
716 2
717 14
718 5
719 26
720 32
721 15
722 18
723 3
724 1
725 9
726 27
727 29
728 13
729 20
730 17
731 18
732 6
733 17
734 1
735 4
736 26
737 13
738 30
739 25
740 30
741 13
742 3
743 4
744 25
745 27
746 30
747 16
748 5
749 22
750 7
751 16
752 21
753 35
754 24
755 17
756 7
757 17
758 26
759 12
760 3
761 7
762 14
763 14
764 11
765 35
766 10
767 5
768 13
769 17
770 14
771 18
772 26
773 23
774 23
775 12
776 30
777 8
778 19
779 33
780 12
781 25
782 3
783 10
784 20
785 13
786 20
787 27
788 6
789 21
790 18
791 31
792 15
793 23
794 17
795 15
796 18
797 9
798 1
799 30
800 6
