1
1000  
1 410
2 699
3 593
4 208
5 432
6 600
7 646
8 545
9 510
10 645
11 408
12 626
13 504
14 220
15 620
16 373
17 455
18 226
19 422
20 630
21 493
22 727
23 281
24 658
25 639
26 673
27 542
28 423
29 661
30 589
31 774
32 700
33 787
34 537
35 418
36 313
37 305
38 681
39 509
40 289
41 491
42 705
43 355
44 223
45 716
46 784
47 267
48 650
49 397
50 273
51 206
52 762
53 681
54 473
55 259
56 366
57 239
58 306
59 213
60 431
61 446
62 495
63 248
64 648
65 772
66 778
67 658
68 230
69 390
70 627
71 325
72 615
73 702
74 361
75 614
76 547
77 765
78 635
79 713
80 654
81 705
82 574
83 521
84 747
85 780
86 620
87 756
88 775
89 605
90 699
91 795
92 489
93 439
94 408
95 232
96 727
97 358
98 739
99 759
100 284
101 771
102 694
103 202
104 514
105 338
106 741
107 546
108 318
109 481
110 298
111 439
112 654
113 556
114 743
115 261
116 382
117 419
118 470
119 440
120 527
121 668
122 678
123 528
124 606
125 556
126 684
127 303
128 440
129 689
130 306
131 369
132 528
133 753
134 523
135 571
136 528
137 704
138 467
139 611
140 403
141 576
142 409
143 204
144 266
145 321
146 705
147 526
148 383
149 595
150 330
151 355
152 392
153 537
154 662
155 554
156 798
157 600
158 399
159 300
160 795
161 244
162 665
163 693
164 289
165 609
166 507
167 258
168 205
169 794
170 615
171 636
172 702
173 526
174 604
175 652
176 420
177 271
178 385
179 421
180 543
181 640
182 647
183 664
184 722
185 275
186 642
187 516
188 353
189 627
190 361
191 598
192 434
193 205
194 604
195 685
196 379
197 642
198 397
199 260
200 720
201 659
202 414
203 378
204 784
205 367
206 512
207 598
208 226
209 696
210 392
211 508
212 258
213 291
214 779
215 591
216 223
217 466
218 440
219 552
220 399
221 679
222 555
223 286
224 575
225 636
226 307
227 596
228 624
229 757
230 493
231 569
232 466
233 748
234 324
235 624
236 337
237 442
238 504
239 542
240 425
241 649
242 257
243 249
244 571
245 671
246 644
247 314
248 681
249 524
250 367
251 702
252 321
253 710
254 200
255 737
256 314
257 579
258 257
259 252
260 755
261 549
262 774
263 672
264 639
265 720
266 340
267 269
268 387
269 432
270 206
271 598
272 642
273 663
274 740
275 209
276 697
277 533
278 597
279 619
280 242
281 751
282 357
283 690
284 684
285 726
286 705
287 474
288 240
289 514
290 643
291 233
292 551
293 595
294 672
295 219
296 621
297 539
298 315
299 740
300 401
301 630
302 362
303 430
304 711
305 386
306 279
307 691
308 562
309 457
310 749
311 314
312 626
313 493
314 321
315 334
316 323
317 638
318 606
319 316
320 725
321 555
322 294
323 586
324 581
325 732
326 210
327 302
328 276
329 410
330 601
331 508
332 218
333 704
334 349
335 227
336 796
337 783
338 524
339 668
340 409
341 632
342 786
343 645
344 508
345 610
346 372
347 782
348 560
349 329
350 609
351 232
352 724
353 723
354 320
355 422
356 530
357 675
358 796
359 628
360 351
361 505
362 337
363 392
364 467
365 230
366 202
367 311
368 518
369 559
370 399
371 206
372 511
373 299
374 457
375 605
376 232
377 374
378 746
379 227
380 467
381 474
382 524
383 769
384 739
385 343
386 320
387 269
388 491
389 380
390 595
391 531
392 404
393 481
394 390
395 501
396 708
397 607
398 635
399 282
400 696
401 627
402 579
403 502
404 738
405 340
406 390
407 350
408 218
409 515
410 686
411 783
412 337
413 288
414 643
415 427
416 513
417 434
418 275
419 429
420 644
421 397
422 327
423 687
424 498
425 229
426 559
427 660
428 298
429 266
430 461
431 334
432 342
433 353
434 784
435 205
436 750
437 560
438 233
439 788
440 475
441 434
442 410
443 261
444 757
445 662
446 403
447 482
448 796
449 653
450 652
451 498
452 669
453 688
454 776
455 669
456 682
457 520
458 263
459 241
460 382
461 444
462 298
463 420
464 241
465 628
466 286
467 748
468 606
469 281
470 513
471 723
472 675
473 530
474 222
475 626
476 684
477 474
478 300
479 585
480 303
481 493
482 721
483 330
484 559
485 569
486 761
487 488
488 697
489 659
490 772
491 599
492 549
493 277
494 231
495 248
496 532
497 620
498 498
499 451
500 207
501 429
502 619
503 318
504 606
505 798
506 331
507 488
508 501
509 624
510 607
511 392
512 619
513 294
514 773
515 356
516 369
517 329
518 622
519 707
520 642
521 700
522 599
523 474
524 639
525 641
526 301
527 263
528 498
529 554
530 485
531 776
532 528
533 332
534 616
535 447
536 441
537 635
538 562
539 368
540 615
541 393
542 490
543 562
544 388
545 793
546 635
547 735
548 497
549 741
550 435
551 578
552 439
553 492
554 553
555 401
556 610
557 219
558 716
559 211
560 523
561 301
562 584
563 768
564 573
565 221
566 325
567 477
568 281
569 466
570 295
571 432
572 526
573 355
574 340
575 741
576 256
577 584
578 326
579 687
580 518
581 678
582 473
583 313
584 571
585 342
586 615
587 264
588 739
589 439
590 387
591 207
592 686
593 695
594 677
595 425
596 582
597 523
598 696
599 239
600 329
601 671
602 703
603 602
604 646
605 550
606 544
607 558
608 373
609 486
610 732
611 607
612 337
613 246
614 233
615 213
616 436
617 237
618 371
619 368
620 226
621 490
622 583
623 390
624 372
625 633
626 330
627 659
628 690
629 590
630 790
631 230
632 359
633 502
634 278
635 226
636 621
637 675
638 435
639 385
640 536
641 393
642 718
643 330
644 317
645 578
646 622
647 443
648 265
649 738
650 458
651 662
652 411
653 614
654 649
655 692
656 550
657 623
658 250
659 447
660 579
661 491
662 407
663 635
664 400
665 328
666 612
667 368
668 525
669 608
670 381
671 765
672 664
673 529
674 768
675 639
676 656
677 275
678 613
679 521
680 221
681 630
682 715
683 698
684 522
685 331
686 322
687 594
688 264
689 649
690 281
691 238
692 630
693 238
694 620
695 445
696 660
697 593
698 724
699 439
700 598
701 508
702 485
703 800
704 455
705 459
706 385
707 646
708 681
709 565
710 644
711 619
712 513
713 340
714 330
715 499
716 739
717 433
718 642
719 429
720 232
721 483
722 475
723 654
724 314
725 740
726 675
727 643
728 623
729 584
730 439
731 614
732 261
733 777
734 757
735 608
736 774
737 641
738 645
739 432
740 704
741 666
742 428
743 428
744 722
745 362
746 662
747 797
748 454
749 614
750 746
751 285
752 326
753 339
754 447
755 576
756 351
757 697
758 582
759 533
760 348
761 487
762 226
763 296
764 678
765 763
766 717
767 561
768 374
769 669
770 671
771 229
772 791
773 725
774 647
775 546
776 723
777 629
778 745
779 356
780 237
781 460
782 406
783 307
784 452
785 634
786 658
787 566
788 248
789 580
790 672
791 300
792 640
793 236
794 519
795 654
796 516
797 296
798 597
799 553
800 380
801 713
802 531
803 489
804 212
805 779
806 519
807 524
808 766
809 669
810 281
811 577
812 679
813 569
814 452
815 341
816 360
817 411
818 458
819 281
820 298
821 245
822 275
823 592
824 259
825 717
826 234
827 700
828 345
829 223
830 203
831 759
832 621
833 662
834 699
835 547
836 555
837 340
838 678
839 283
840 490
841 216
842 267
843 346
844 364
845 511
846 701
847 320
848 414
849 723
850 750
851 296
852 617
853 518
854 694
855 549
856 443
857 594
858 212
859 232
860 302
861 756
862 461
863 451
864 681
865 539
866 563
867 383
868 520
869 317
870 353
871 730
872 348
873 258
874 553
875 536
876 744
877 694
878 723
879 317
880 557
881 477
882 423
883 648
884 523
885 472
886 692
887 418
888 599
889 222
890 413
891 560
892 333
893 462
894 589
895 469
896 628
897 201
898 329
899 208
900 319
901 499
902 649
903 449
904 634
905 487
906 523
907 530
908 230
909 433
910 589
911 235
912 525
913 758
914 256
915 750
916 493
917 566
918 217
919 388
920 262
921 316
922 531
923 250
924 320
925 389
926 330
927 769
928 328
929 692
930 754
931 659
932 475
933 262
934 458
935 627
936 487
937 798
938 409
939 376
940 281
941 369
942 452
943 719
944 487
945 254
946 276
947 504
948 355
949 347
950 475
951 632
952 387
953 373
954 700
955 283
956 544
957 616
958 348
959 428
960 629
961 634
962 737
963 380
964 242
965 578
966 294
967 254
968 622
969 657
970 564
971 489
972 340
973 615
974 328
975 370
976 800
977 721
978 396
979 384
980 217
981 546
982 491
983 455
984 470
985 640
986 772
987 444
988 226
989 416
990 452
991 393
992 243
993 573
994 517
995 300
996 241
997 356
998 798
999 393
1000 760
