1
1000  
1 382
2 417
3 725
4 345
5 691
6 542
7 743
8 643
9 710
10 512
11 731
12 275
13 714
14 376
15 626
16 249
17 692
18 549
19 460
20 466
21 451
22 378
23 580
24 685
25 617
26 681
27 421
28 291
29 254
30 534
31 496
32 644
33 412
34 750
35 706
36 255
37 301
38 784
39 422
40 515
41 574
42 640
43 624
44 705
45 607
46 721
47 529
48 253
49 781
50 268
51 264
52 697
53 530
54 266
55 683
56 304
57 609
58 539
59 663
60 503
61 567
62 298
63 755
64 287
65 456
66 561
67 481
68 311
69 687
70 468
71 550
72 745
73 419
74 790
75 627
76 674
77 367
78 531
79 410
80 775
81 361
82 378
83 256
84 602
85 240
86 273
87 771
88 413
89 258
90 308
91 459
92 437
93 641
94 319
95 618
96 702
97 479
98 307
99 663
100 719
101 492
102 214
103 224
104 444
105 428
106 648
107 331
108 214
109 753
110 309
111 587
112 295
113 473
114 421
115 304
116 542
117 281
118 682
119 624
120 491
121 789
122 212
123 653
124 488
125 697
126 678
127 495
128 517
129 374
130 694
131 645
132 238
133 668
134 292
135 532
136 722
137 689
138 694
139 524
140 629
141 408
142 510
143 297
144 286
145 452
146 658
147 610
148 225
149 702
150 584
151 471
152 295
153 314
154 557
155 542
156 592
157 621
158 470
159 451
160 743
161 622
162 391
163 298
164 532
165 404
166 674
167 320
168 337
169 552
170 499
171 226
172 366
173 482
174 392
175 213
176 375
177 569
178 269
179 748
180 258
181 502
182 724
183 585
184 553
185 607
186 624
187 673
188 548
189 782
190 758
191 777
192 704
193 603
194 741
195 602
196 739
197 739
198 368
199 277
200 777
201 245
202 540
203 777
204 742
205 217
206 296
207 694
208 637
209 655
210 365
211 491
212 792
213 449
214 659
215 526
216 301
217 600
218 765
219 663
220 333
221 384
222 447
223 509
224 710
225 765
226 771
227 544
228 451
229 283
230 463
231 564
232 381
233 255
234 622
235 687
236 292
237 531
238 305
239 324
240 784
241 387
242 730
243 582
244 537
245 681
246 352
247 779
248 261
249 592
250 569
251 770
252 752
253 514
254 584
255 212
256 533
257 200
258 648
259 287
260 550
261 596
262 315
263 583
264 455
265 672
266 368
267 733
268 249
269 788
270 234
271 312
272 569
273 252
274 222
275 488
276 274
277 274
278 621
279 311
280 410
281 635
282 788
283 227
284 343
285 593
286 612
287 462
288 491
289 457
290 417
291 204
292 579
293 337
294 229
295 212
296 293
297 458
298 437
299 214
300 342
301 224
302 575
303 406
304 372
305 778
306 698
307 436
308 200
309 423
310 341
311 728
312 767
313 736
314 308
315 771
316 519
317 646
318 554
319 274
320 392
321 542
322 255
323 638
324 427
325 603
326 353
327 624
328 703
329 688
330 434
331 312
332 208
333 684
334 417
335 664
336 665
337 671
338 263
339 601
340 786
341 504
342 241
343 382
344 297
345 415
346 450
347 285
348 353
349 436
350 646
351 675
352 296
353 350
354 669
355 396
356 319
357 556
358 276
359 271
360 679
361 304
362 504
363 268
364 593
365 442
366 299
367 622
368 313
369 610
370 512
371 363
372 766
373 222
374 540
375 263
376 698
377 741
378 292
379 561
380 510
381 252
382 731
383 216
384 634
385 758
386 297
387 279
388 686
389 446
390 729
391 675
392 478
393 418
394 736
395 407
396 687
397 621
398 620
399 417
400 492
401 511
402 601
403 210
404 717
405 608
406 367
407 722
408 306
409 639
410 743
411 488
412 698
413 232
414 384
415 450
416 490
417 630
418 302
419 632
420 712
421 239
422 272
423 570
424 739
425 592
426 564
427 774
428 308
429 251
430 205
431 499
432 290
433 397
434 427
435 764
436 725
437 602
438 445
439 791
440 266
441 783
442 603
443 406
444 531
445 349
446 679
447 721
448 697
449 361
450 442
451 278
452 465
453 589
454 355
455 642
456 515
457 328
458 535
459 572
460 225
461 287
462 549
463 407
464 216
465 617
466 456
467 387
468 666
469 557
470 248
471 586
472 660
473 632
474 654
475 725
476 556
477 426
478 457
479 483
480 232
481 629
482 582
483 677
484 651
485 578
486 260
487 684
488 637
489 657
490 227
491 381
492 800
493 380
494 601
495 345
496 322
497 230
498 748
499 232
500 619
501 336
502 594
503 400
504 585
505 426
506 431
507 223
508 585
509 391
510 411
511 648
512 640
513 546
514 239
515 519
516 279
517 385
518 218
519 654
520 518
521 703
522 637
523 265
524 258
525 737
526 386
527 392
528 696
529 452
530 450
531 494
532 221
533 744
534 652
535 780
536 358
537 689
538 705
539 430
540 606
541 620
542 319
543 501
544 681
545 565
546 537
547 330
548 712
549 508
550 436
551 509
552 209
553 769
554 706
555 315
556 220
557 586
558 260
559 417
560 362
561 643
562 299
563 545
564 367
565 541
566 667
567 345
568 772
569 667
570 573
571 734
572 266
573 490
574 383
575 596
576 382
577 656
578 574
579 211
580 641
581 291
582 328
583 396
584 679
585 302
586 341
587 791
588 343
589 693
590 790
591 316
592 587
593 770
594 383
595 485
596 315
597 685
598 386
599 367
600 229
601 630
602 505
603 457
604 297
605 315
606 315
607 638
608 799
609 383
610 480
611 779
612 576
613 719
614 627
615 798
616 492
617 426
618 261
619 514
620 725
621 469
622 265
623 544
624 529
625 744
626 263
627 337
628 249
629 271
630 363
631 683
632 379
633 503
634 236
635 269
636 225
637 370
638 360
639 676
640 418
641 439
642 468
643 361
644 551
645 398
646 293
647 396
648 409
649 500
650 756
651 329
652 440
653 459
654 774
655 752
656 331
657 794
658 712
659 374
660 631
661 332
662 710
663 501
664 603
665 632
666 307
667 592
668 377
669 732
670 493
671 326
672 432
673 713
674 576
675 335
676 388
677 514
678 309
679 648
680 532
681 634
682 263
683 621
684 214
685 634
686 772
687 455
688 777
689 465
690 274
691 455
692 230
693 390
694 200
695 565
696 482
697 357
698 381
699 512
700 650
701 272
702 206
703 537
704 254
705 544
706 351
707 618
708 346
709 593
710 275
711 624
712 380
713 270
714 356
715 439
716 329
717 271
718 675
719 724
720 352
721 515
722 746
723 426
724 348
725 449
726 274
727 433
728 230
729 475
730 523
731 583
732 796
733 637
734 308
735 204
736 217
737 477
738 305
739 355
740 508
741 713
742 628
743 780
744 575
745 202
746 750
747 478
748 514
749 377
750 771
751 492
752 776
753 751
754 398
755 338
756 332
757 271
758 608
759 323
760 720
761 422
762 392
763 457
764 756
765 760
766 235
767 549
768 677
769 331
770 615
771 542
772 308
773 267
774 433
775 553
776 605
777 232
778 268
779 658
780 659
781 410
782 451
783 539
784 273
785 581
786 795
787 787
788 617
789 800
790 577
791 341
792 381
793 494
794 703
795 579
796 627
797 214
798 764
799 274
800 689
