1
1000  
1 742
2 324
3 653
4 596
5 599
6 571
7 716
8 284
9 598
10 412
11 622
12 361
13 301
14 755
15 372
16 751
17 202
18 576
19 387
20 389
21 491
22 503
23 581
24 594
25 745
26 587
27 532
28 743
29 510
30 675
31 580
32 410
33 248
34 274
35 396
36 518
37 586
38 211
39 328
40 707
41 793
42 721
43 769
44 295
45 661
46 222
47 602
48 581
49 682
50 407
51 337
52 295
53 773
54 788
55 558
56 576
57 681
58 575
59 462
60 489
61 469
62 600
63 793
64 300
65 758
66 662
67 630
68 229
69 558
70 751
71 746
72 267
73 483
74 382
75 353
76 248
77 380
78 200
79 725
80 718
81 603
82 248
83 565
84 338
85 602
86 799
87 402
88 439
89 709
90 507
91 436
92 310
93 255
94 416
95 387
96 778
97 665
98 699
99 289
100 462
101 450
102 382
103 268
104 380
105 500
106 299
107 424
108 574
109 723
110 590
111 412
112 430
113 766
114 211
115 475
116 381
117 524
118 798
119 539
120 504
121 777
122 774
123 772
124 783
125 375
126 456
127 516
128 393
129 725
130 667
131 404
132 594
133 358
134 206
135 251
136 552
137 717
138 578
139 542
140 663
141 496
142 500
143 663
144 615
145 459
146 402
147 355
148 219
149 576
150 693
151 241
152 686
153 637
154 273
155 334
156 465
157 211
158 586
159 731
160 616
161 344
162 635
163 529
164 232
165 675
166 794
167 715
168 222
169 522
170 244
171 245
172 239
173 423
174 771
175 372
176 222
177 247
178 371
179 485
180 695
181 330
182 734
183 739
184 392
185 719
186 295
187 667
188 500
189 590
190 259
191 705
192 347
193 723
194 551
195 466
196 638
197 235
198 513
199 638
200 531
