1
100  
1 2
2 35
3 1
4 8
5 49
6 43
7 44
8 27
9 20
10 1
11 2
12 33
13 43
14 34
15 31
16 12
17 46
18 9
19 16
20 38
21 48
22 3
23 34
24 8
25 28
26 23
27 18
28 27
29 8
30 2
31 49
32 30
33 20
34 11
35 4
36 48
37 38
38 28
39 6
40 38
41 48
42 5
43 25
44 47
45 22
46 15
47 2
48 22
49 44
50 15
51 1
52 24
53 16
54 9
55 7
56 50
57 25
58 1
59 22
60 25
61 18
62 37
63 30
64 15
65 12
66 15
67 20
68 16
69 21
70 6
71 27
72 3
73 23
74 39
75 48
76 25
77 37
78 43
79 19
80 17
81 4
82 24
83 33
84 29
85 19
86 46
87 44
88 10
89 14
90 25
91 48
92 40
93 18
94 19
95 39
96 13
97 23
98 37
99 28
100 6
101 35
102 35
103 27
104 17
105 47
106 50
107 32
108 13
109 31
110 4
111 22
112 46
113 16
114 20
115 41
116 19
117 36
118 46
119 15
120 25
121 26
122 13
123 36
124 4
125 42
126 3
127 38
128 17
129 33
130 36
131 35
132 41
133 27
134 23
135 27
136 9
137 47
138 29
139 3
140 6
141 3
142 6
143 16
144 12
145 15
146 6
147 42
148 9
149 3
150 20
151 14
152 23
153 3
154 17
155 50
156 17
157 42
158 34
159 9
160 44
161 10
162 35
163 12
164 46
165 9
166 40
167 22
168 7
169 37
170 23
171 38
172 14
173 13
174 18
175 15
176 1
177 16
178 11
179 17
180 42
181 9
182 17
183 44
184 35
185 23
186 30
187 40
188 15
189 49
190 20
191 14
192 19
193 40
194 40
195 33
196 2
197 43
198 25
199 9
200 38
201 16
202 42
203 4
204 4
205 19
206 6
207 35
208 48
209 8
210 45
211 44
212 28
213 45
214 17
215 34
216 45
217 33
218 30
219 33
220 21
221 7
222 25
223 27
224 5
225 3
226 42
227 5
228 43
229 13
230 8
231 20
232 5
233 46
234 30
235 8
236 43
237 35
238 35
239 27
240 39
241 2
242 25
243 9
244 13
245 36
246 17
247 11
248 18
249 22
250 3
251 10
252 6
253 11
254 17
255 16
256 30
257 32
258 13
259 8
260 22
261 35
262 41
263 29
264 29
265 10
266 46
267 23
268 15
269 26
270 48
271 31
272 1
273 45
274 26
275 49
276 1
277 50
278 15
279 46
280 30
281 43
282 17
283 9
284 42
285 27
286 25
287 45
288 27
289 22
290 33
291 50
292 18
293 4
294 22
295 35
296 38
297 19
298 4
299 45
300 21
301 24
302 41
303 13
304 42
305 49
306 16
307 19
308 43
309 2
310 44
311 24
312 47
313 30
314 19
315 3
316 23
317 29
318 33
319 35
320 5
321 32
322 3
323 3
324 31
325 50
326 47
327 47
328 15
329 49
330 42
331 20
332 36
333 40
334 48
335 28
336 33
337 17
338 41
339 42
340 10
341 41
342 27
343 13
344 24
345 12
346 32
347 19
348 26
349 8
350 39
351 22
352 35
353 16
354 7
355 44
356 48
357 29
358 8
359 11
360 15
361 22
362 28
363 33
364 40
365 27
366 5
367 49
368 47
369 5
370 29
371 5
372 50
373 39
374 42
375 46
376 31
377 22
378 5
379 24
380 1
381 43
382 18
383 16
384 25
385 2
386 3
387 15
388 46
389 8
390 7
391 5
392 17
393 2
394 10
395 42
396 31
397 46
398 33
399 21
400 46
401 7
402 46
403 47
404 28
405 5
406 23
407 13
408 14
409 35
410 19
411 36
412 48
413 20
414 26
415 37
416 39
417 8
418 47
419 49
420 11
421 18
422 49
423 28
424 35
425 43
426 7
427 19
428 45
429 4
430 13
431 43
432 43
433 15
434 37
435 9
436 2
437 7
438 1
439 9
440 23
441 28
442 37
443 3
444 27
445 47
446 17
447 42
448 44
449 16
450 24
451 13
452 33
453 25
454 31
455 29
456 41
457 31
458 1
459 48
460 49
461 48
462 31
463 29
464 38
465 30
466 24
467 31
468 25
469 25
470 41
471 1
472 22
473 45
474 37
475 6
476 49
477 23
478 27
479 50
480 28
481 24
482 40
483 45
484 25
485 10
486 13
487 48
488 15
489 31
490 28
491 15
492 4
493 8
494 48
495 33
496 31
497 34
498 23
499 12
500 10
501 24
502 1
503 14
504 17
505 16
506 13
507 21
508 2
509 27
510 48
511 17
512 42
513 7
514 14
515 37
516 21
517 8
518 27
519 34
520 27
521 27
522 5
523 32
524 20
525 25
526 31
527 3
528 5
529 42
530 45
531 30
532 28
533 6
534 4
535 28
536 23
537 47
538 26
539 42
540 26
541 23
542 1
543 8
544 14
545 8
546 23
547 16
548 42
549 21
550 21
551 37
552 3
553 11
554 28
555 15
556 8
557 47
558 10
559 12
560 28
561 23
562 43
563 21
564 7
565 25
566 43
567 47
568 14
569 38
570 10
571 11
572 24
573 16
574 50
575 3
576 31
577 41
578 49
579 17
580 6
581 31
582 15
583 13
584 43
585 46
586 17
587 2
588 16
589 16
590 44
591 8
592 22
593 23
594 27
595 24
596 50
597 43
598 6
599 16
600 23
601 5
602 43
603 7
604 44
605 27
606 25
607 7
608 7
609 50
610 28
611 39
612 24
613 16
614 48
615 25
616 31
617 38
618 20
619 5
620 16
621 50
622 6
623 25
624 41
625 20
626 25
627 30
628 29
629 28
630 25
631 3
632 45
633 5
634 44
635 23
636 15
637 37
638 18
639 14
640 34
641 19
642 37
643 15
644 27
645 1
646 31
647 32
648 32
649 9
650 40
651 50
652 32
653 23
654 49
655 31
656 41
657 48
658 15
659 4
660 36
661 19
662 5
663 35
664 9
665 24
666 28
667 24
668 3
669 29
670 2
671 13
672 40
673 44
674 4
675 28
676 44
677 36
678 5
679 37
680 5
681 25
682 41
683 38
684 13
685 33
686 24
687 27
688 47
689 32
690 36
691 1
692 26
693 40
694 43
695 50
696 32
697 16
698 32
699 28
700 30
701 15
702 8
703 7
704 43
705 27
706 49
707 42
708 17
709 33
710 41
711 18
712 29
713 48
714 33
715 44
716 36
717 22
718 7
719 9
720 47
721 39
722 8
723 45
724 31
725 6
726 22
727 10
728 14
729 15
730 32
731 3
732 19
733 9
734 30
735 19
736 47
737 21
738 15
739 46
740 11
741 12
742 1
743 5
744 13
745 31
746 10
747 36
748 18
749 19
750 49
751 14
752 30
753 4
754 16
755 39
756 37
757 5
758 43
759 11
760 14
761 24
762 16
763 12
764 23
765 32
766 31
767 38
768 4
769 38
770 17
771 42
772 45
773 16
774 12
775 6
776 5
777 38
778 47
779 8
780 30
781 49
782 10
783 38
784 36
785 13
786 14
787 2
788 27
789 24
790 13
791 48
792 25
793 45
794 41
795 33
796 31
797 31
798 30
799 47
800 2
801 10
802 47
803 50
804 7
805 15
806 18
807 25
808 29
809 28
810 6
811 49
812 13
813 32
814 24
815 34
816 27
817 37
818 31
819 2
820 5
821 39
822 33
823 18
824 44
825 41
826 19
827 6
828 40
829 44
830 35
831 17
832 34
833 15
834 11
835 41
836 22
837 47
838 12
839 28
840 7
841 47
842 35
843 23
844 22
845 8
846 24
847 2
848 33
849 13
850 18
851 2
852 42
853 1
854 40
855 8
856 12
857 18
858 27
859 44
860 29
861 12
862 33
863 15
864 30
865 21
866 40
867 7
868 35
869 45
870 50
871 44
872 16
873 28
874 11
875 32
876 22
877 16
878 50
879 38
880 45
881 19
882 40
883 5
884 45
885 41
886 11
887 36
888 34
889 31
890 27
891 4
892 9
893 15
894 36
895 4
896 34
897 35
898 5
899 17
900 12
901 18
902 40
903 11
904 15
905 20
906 33
907 14
908 14
909 26
910 23
911 22
912 41
913 43
914 45
915 9
916 47
917 50
918 21
919 17
920 24
921 28
922 31
923 23
924 25
925 45
926 16
927 42
928 26
929 44
930 8
931 49
932 5
933 32
934 4
935 3
936 4
937 23
938 18
939 20
940 2
941 35
942 30
943 32
944 13
945 11
946 11
947 48
948 17
949 11
950 12
951 27
952 11
953 43
954 7
955 27
956 24
957 34
958 8
959 48
960 33
961 45
962 46
963 17
964 33
965 1
966 11
967 7
968 35
969 23
970 33
971 22
972 41
973 34
974 6
975 12
976 34
977 46
978 34
979 6
980 26
981 31
982 12
983 7
984 28
985 40
986 25
987 32
988 29
989 5
990 11
991 5
992 45
993 13
994 26
995 33
996 47
997 9
998 29
999 46
1000 16
