1
1000  
1 365
2 394
3 843
4 284
5 185
6 20
7 760
8 712
9 298
10 773
11 261
12 546
13 553
14 936
15 525
16 793
17 296
18 336
19 619
20 612
21 479
22 986
23 808
24 840
25 765
26 28
27 57
28 15
29 491
30 406
31 174
32 291
33 617
34 196
35 935
36 273
37 969
38 12
39 697
40 156
41 254
42 875
43 341
44 676
45 582
46 317
47 518
48 613
49 500
50 352
51 70
52 847
53 900
54 385
55 566
56 381
57 777
58 284
59 48
60 83
61 553
62 103
63 77
64 231
65 70
66 119
67 278
68 577
69 768
70 753
71 73
72 255
73 616
74 162
75 43
76 23
77 794
78 353
79 879
80 367
81 433
82 594
83 846
84 854
85 314
86 934
87 98
88 711
89 589
90 504
91 598
92 686
93 848
94 516
95 605
96 236
97 212
98 978
99 543
100 305
101 255
102 497
103 564
104 417
105 147
106 708
107 989
108 280
109 460
110 267
111 351
112 809
113 328
114 887
115 35
116 670
117 645
118 230
119 878
120 912
121 262
122 157
123 341
124 413
125 829
126 899
127 205
128 435
129 465
130 470
131 842
132 424
133 974
134 827
135 384
136 906
137 100
138 833
139 240
140 255
141 431
142 894
143 445
144 385
145 825
146 927
147 23
148 914
149 323
150 714
151 949
152 113
153 277
154 967
155 125
156 852
157 587
158 801
159 586
160 500
161 850
162 552
163 388
164 919
165 140
166 920
167 951
168 917
169 81
170 15
171 377
172 530
173 995
174 164
175 134
176 398
177 178
178 846
179 410
180 127
181 180
182 179
183 947
184 829
185 583
186 276
187 19
188 66
189 179
190 687
191 153
192 989
193 978
194 188
195 342
196 104
197 682
198 22
199 708
200 986
