1
1000  
1 97
2 26
3 48
4 73
5 82
6 60
7 79
8 25
9 89
10 65
11 54
12 30
13 77
14 49
15 63
16 50
17 36
18 63
19 62
20 57
21 84
22 68
23 49
24 97
25 65
26 96
27 46
28 67
29 90
30 50
31 82
32 58
33 35
34 62
35 47
36 93
37 85
38 93
39 97
40 71
41 64
42 30
43 48
44 27
45 27
46 34
47 63
48 45
49 65
50 96
51 66
52 28
53 93
54 67
55 79
56 41
57 28
58 67
59 87
60 52
61 31
62 82
63 26
64 100
65 77
66 59
67 53
68 99
69 63
70 78
71 75
72 51
73 72
74 97
75 80
76 85
77 74
78 71
79 84
80 92
81 97
82 25
83 47
84 70
85 95
86 63
87 50
88 62
89 65
90 95
91 40
92 28
93 47
94 72
95 86
96 73
97 27
98 88
99 39
100 71
101 67
102 28
103 78
104 25
105 46
106 95
107 52
108 91
109 69
110 30
111 68
112 77
113 44
114 61
115 92
116 78
117 62
118 67
119 69
120 75
121 56
122 70
123 25
124 75
125 69
126 77
127 32
128 84
129 91
130 68
131 42
132 81
133 39
134 43
135 42
136 65
137 91
138 30
139 42
140 88
141 41
142 72
143 59
144 99
145 80
146 85
147 85
148 82
149 38
150 66
151 92
152 82
153 34
154 73
155 33
156 63
157 87
158 33
159 74
160 40
161 28
162 61
163 66
164 26
165 56
166 52
167 95
168 73
169 57
170 67
171 69
172 43
173 100
174 31
175 39
176 67
177 81
178 67
179 40
180 93
181 43
182 86
183 72
184 86
185 69
186 30
187 83
188 84
189 48
190 39
191 46
192 26
193 41
194 85
195 90
196 38
197 30
198 54
199 56
200 68
201 45
202 32
203 84
204 63
205 68
206 43
207 94
208 72
209 97
210 65
211 91
212 87
213 92
214 51
215 47
216 78
217 97
218 74
219 42
220 51
221 58
222 49
223 51
224 61
225 76
226 98
227 44
228 45
229 48
230 77
231 49
232 96
233 56
234 91
235 27
236 41
237 72
238 53
239 35
240 58
241 83
242 71
243 97
244 93
245 27
246 100
247 31
248 54
249 37
250 78
251 78
252 90
253 25
254 71
255 67
256 29
257 26
258 80
259 77
260 28
261 62
262 79
263 94
264 52
265 82
266 80
267 60
268 87
269 100
270 80
271 66
272 52
273 72
274 91
275 64
276 25
277 36
278 48
279 52
280 30
281 61
282 29
283 43
284 67
285 89
286 78
287 73
288 67
289 42
290 46
291 29
292 73
293 70
294 83
295 28
296 31
297 62
298 98
299 38
300 45
301 56
302 82
303 49
304 56
305 38
306 95
307 57
308 77
309 60
310 93
311 49
312 28
313 59
314 77
315 35
316 38
317 52
318 72
319 33
320 93
321 44
322 95
323 60
324 70
325 91
326 45
327 26
328 47
329 84
330 47
331 73
332 57
333 85
334 90
335 79
336 84
337 40
338 92
339 42
340 31
341 68
342 69
343 88
344 88
345 90
346 33
347 30
348 76
349 76
350 29
351 40
352 85
353 100
354 44
355 46
356 86
357 96
358 78
359 92
360 53
361 51
362 100
363 63
364 60
365 31
366 50
367 30
368 73
369 69
370 58
371 28
372 40
373 65
374 41
375 87
376 55
377 56
378 86
379 49
380 27
381 94
382 62
383 62
384 77
385 72
386 74
387 75
388 90
389 88
390 25
391 96
392 84
393 74
394 93
395 90
396 28
397 63
398 79
399 38
400 58
401 38
402 32
403 77
404 68
405 59
406 37
407 62
408 91
409 47
410 62
411 66
412 48
413 69
414 46
415 92
416 69
417 31
418 33
419 53
420 54
421 84
422 66
423 39
424 96
425 38
426 62
427 66
428 61
429 83
430 93
431 76
432 99
433 48
434 74
435 55
436 35
437 48
438 36
439 78
440 92
441 59
442 35
443 39
444 36
445 54
446 27
447 93
448 43
449 84
450 57
451 89
452 100
453 84
454 30
455 91
456 74
457 79
458 96
459 57
460 53
461 87
462 47
463 33
464 54
465 64
466 37
467 35
468 33
469 87
470 33
471 66
472 66
473 54
474 43
475 58
476 26
477 69
478 39
479 77
480 58
481 30
482 45
483 58
484 43
485 55
486 93
487 36
488 44
489 83
490 86
491 33
492 68
493 59
494 42
495 35
496 51
497 38
498 33
499 52
500 38
501 54
502 93
503 77
504 41
505 58
506 28
507 38
508 89
509 74
510 78
511 83
512 53
513 97
514 33
515 64
516 95
517 81
518 57
519 90
520 32
521 31
522 28
523 91
524 43
525 88
526 34
527 59
528 93
529 79
530 73
531 80
532 62
533 94
534 39
535 86
536 85
537 26
538 56
539 83
540 95
541 86
542 76
543 81
544 72
545 74
546 68
547 100
548 33
549 100
550 79
551 66
552 62
553 93
554 71
555 48
556 62
557 72
558 53
559 50
560 35
561 78
562 40
563 99
564 73
565 64
566 56
567 49
568 80
569 62
570 56
571 60
572 64
573 88
574 43
575 70
576 29
577 30
578 53
579 64
580 93
581 85
582 51
583 26
584 74
585 64
586 74
587 95
588 35
589 63
590 89
591 56
592 59
593 28
594 84
595 59
596 57
597 49
598 91
599 39
600 70
601 33
602 43
603 64
604 68
605 40
606 58
607 50
608 90
609 54
610 42
611 30
612 52
613 27
614 31
615 81
616 92
617 52
618 35
619 49
620 43
621 67
622 44
623 90
624 53
625 58
626 41
627 36
628 94
629 90
630 38
631 78
632 40
633 97
634 98
635 94
636 87
637 97
638 29
639 48
640 31
641 51
642 88
643 60
644 59
645 64
646 96
647 50
648 88
649 65
650 65
651 46
652 69
653 58
654 47
655 56
656 27
657 85
658 61
659 37
660 60
661 58
662 45
663 27
664 71
665 90
666 76
667 39
668 89
669 77
670 82
671 41
672 68
673 87
674 33
675 38
676 87
677 75
678 52
679 44
680 85
681 54
682 57
683 25
684 99
685 54
686 37
687 31
688 64
689 56
690 28
691 89
692 80
693 91
694 97
695 44
696 52
697 52
698 91
699 74
700 26
701 65
702 39
703 31
704 26
705 96
706 63
707 90
708 36
709 62
710 41
711 96
712 57
713 52
714 93
715 98
716 46
717 54
718 73
719 68
720 91
721 62
722 29
723 70
724 81
725 39
726 50
727 55
728 74
729 36
730 81
731 51
732 66
733 87
734 37
735 85
736 51
737 78
738 97
739 51
740 39
741 30
742 65
743 36
744 82
745 53
746 63
747 56
748 34
749 93
750 46
751 73
752 82
753 27
754 26
755 46
756 98
757 85
758 49
759 67
760 25
761 82
762 31
763 63
764 84
765 25
766 31
767 51
768 68
769 88
770 71
771 82
772 91
773 66
774 77
775 86
776 59
777 37
778 62
779 93
780 57
781 36
782 83
783 45
784 38
785 81
786 62
787 67
788 90
789 35
790 57
791 73
792 60
793 32
794 46
795 50
796 62
797 96
798 88
799 56
800 30
