1
1000  
1 349
2 273
3 184
4 309
5 226
6 123
7 184
8 145
9 250
10 315
11 158
12 115
13 315
14 330
15 249
16 341
17 119
18 236
19 354
20 182
21 284
22 173
23 221
24 107
25 140
26 163
27 215
28 349
29 149
30 386
31 294
32 316
33 253
34 132
35 353
36 360
37 354
38 326
39 124
40 370
41 305
42 161
43 351
44 225
45 110
46 272
47 363
48 293
49 307
50 377
51 168
52 158
53 388
54 318
55 355
56 270
57 271
58 320
59 270
60 373
61 206
62 148
63 205
64 149
65 273
66 105
67 215
68 398
69 130
70 338
71 209
72 249
73 288
74 293
75 176
76 135
77 159
78 235
79 176
80 133
81 295
82 295
83 133
84 175
85 323
86 375
87 208
88 115
89 400
90 169
91 314
92 131
93 271
94 314
95 190
96 390
97 355
98 393
99 358
100 264
101 370
102 121
103 370
104 215
105 363
106 268
107 193
108 321
109 205
110 189
111 393
112 181
113 184
114 367
115 348
116 342
117 118
118 278
119 217
120 310
121 245
122 123
123 262
124 177
125 264
126 187
127 316
128 275
129 359
130 346
131 306
132 290
133 129
134 117
135 310
136 292
137 249
138 366
139 367
140 113
141 104
142 329
143 285
144 270
145 269
146 200
147 125
148 216
149 104
150 111
151 382
152 248
153 383
154 375
155 132
156 121
157 363
158 274
159 183
160 353
161 248
162 360
163 274
164 146
165 309
166 173
167 183
168 322
169 397
170 119
171 343
172 182
173 266
174 217
175 389
176 115
177 153
178 362
179 261
180 269
181 380
182 241
183 269
184 322
185 383
186 334
187 206
188 380
189 319
190 308
191 114
192 331
193 203
194 135
195 176
196 264
197 386
198 109
199 313
200 124
201 335
202 194
203 127
204 268
205 151
206 205
207 329
208 319
209 230
210 102
211 266
212 203
213 396
214 381
215 267
216 113
217 285
218 260
219 199
220 268
221 342
222 330
223 291
224 202
225 348
226 178
227 144
228 375
229 288
230 201
231 291
232 174
233 303
234 158
235 297
236 106
237 360
238 186
239 115
240 394
241 170
242 111
243 296
244 369
245 369
246 293
247 333
248 332
249 278
250 131
251 352
252 323
253 148
254 247
255 312
256 109
257 111
258 344
259 356
260 337
261 102
262 225
263 148
264 270
265 243
266 399
267 119
268 326
269 326
270 335
271 241
272 121
273 375
274 290
275 150
276 216
277 317
278 286
279 151
280 126
281 251
282 200
283 123
284 133
285 294
286 307
287 223
288 245
289 139
290 358
291 233
292 321
293 189
294 224
295 142
296 206
297 198
298 161
299 147
300 360
301 265
302 323
303 101
304 365
305 171
306 114
307 237
308 128
309 162
310 209
311 278
312 206
313 105
314 160
315 258
316 187
317 334
318 249
319 271
320 181
321 263
322 235
323 219
324 181
325 319
326 192
327 149
328 355
329 161
330 370
331 313
332 113
333 169
334 374
335 107
336 329
337 185
338 296
339 151
340 227
341 283
342 318
343 256
344 204
345 276
346 207
347 335
348 106
349 234
350 184
351 368
352 225
353 239
354 346
355 379
356 143
357 129
358 135
359 296
360 336
361 203
362 239
363 217
364 148
365 286
366 331
367 114
368 294
369 158
370 242
371 396
372 275
373 149
374 351
375 369
376 258
377 120
378 149
379 145
380 357
381 181
382 228
383 185
384 295
385 267
386 287
387 393
388 327
389 273
390 162
391 318
392 262
393 127
394 102
395 181
396 376
397 164
398 116
399 181
400 219
401 308
402 122
403 276
404 266
405 174
406 400
407 193
408 260
409 345
410 135
411 349
412 374
413 143
414 360
415 215
416 269
417 201
418 195
419 164
420 157
421 188
422 328
423 230
424 124
425 140
426 249
427 390
428 182
429 366
430 115
431 276
432 272
433 222
434 342
435 186
436 131
437 311
438 182
439 105
440 161
441 282
442 175
443 332
444 392
445 159
446 153
447 334
448 381
449 265
450 310
451 355
452 105
453 290
454 372
455 189
456 278
457 178
458 303
459 169
460 154
461 133
462 355
463 125
464 244
465 152
466 317
467 115
468 343
469 285
470 150
471 133
472 386
473 250
474 346
475 377
476 276
477 151
478 363
479 220
480 155
481 314
482 388
483 130
484 239
485 396
486 182
487 306
488 201
489 149
490 371
491 286
492 277
493 262
494 400
495 117
496 143
497 281
498 300
499 155
500 322
501 307
502 313
503 101
504 342
505 189
506 239
507 395
508 365
509 361
510 129
511 284
512 240
513 144
514 198
515 155
516 272
517 252
518 322
519 384
520 189
521 130
522 351
523 172
524 205
525 276
526 199
527 141
528 395
529 137
530 390
531 105
532 125
533 353
534 328
535 328
536 252
537 388
538 298
539 308
540 144
541 129
542 149
543 155
544 130
545 158
546 161
547 139
548 112
549 110
550 108
551 217
552 121
553 124
554 362
555 222
556 382
557 111
558 204
559 382
560 277
561 201
562 213
563 137
564 372
565 228
566 139
567 320
568 152
569 196
570 210
571 187
572 250
573 225
574 240
575 303
576 208
577 389
578 184
579 392
580 318
581 143
582 265
583 170
584 250
585 100
586 230
587 398
588 238
589 236
590 195
591 253
592 216
593 177
594 109
595 270
596 328
597 340
598 293
599 290
600 346
601 298
602 348
603 131
604 193
605 184
606 189
607 217
608 295
609 326
610 143
611 190
612 152
613 116
614 103
615 242
616 254
617 232
618 391
619 184
620 267
621 333
622 210
623 369
624 312
625 392
626 324
627 266
628 311
629 211
630 291
631 275
632 293
633 273
634 278
635 229
636 101
637 183
638 223
639 302
640 244
641 336
642 204
643 118
644 329
645 376
646 155
647 185
648 163
649 253
650 354
651 162
652 136
653 274
654 339
655 160
656 232
657 300
658 206
659 152
660 382
661 362
662 131
663 260
664 208
665 121
666 331
667 271
668 366
669 258
670 369
671 271
672 287
673 201
674 141
675 170
676 358
677 135
678 243
679 220
680 345
681 383
682 260
683 301
684 208
685 338
686 340
687 205
688 397
689 119
690 258
691 232
692 121
693 111
694 305
695 217
696 352
697 172
698 165
699 165
700 170
701 386
702 171
703 105
704 368
705 246
706 390
707 137
708 141
709 267
710 364
711 132
712 120
713 152
714 283
715 158
716 244
717 101
718 232
719 379
720 389
721 293
722 202
723 239
724 175
725 286
726 163
727 268
728 235
729 100
730 177
731 155
732 316
733 224
734 241
735 125
736 108
737 357
738 295
739 121
740 291
741 107
742 220
743 186
744 123
745 272
746 157
747 233
748 361
749 133
750 361
751 259
752 122
753 399
754 268
755 150
756 366
757 273
758 122
759 166
760 147
761 367
762 148
763 272
764 261
765 216
766 146
767 249
768 346
769 132
770 338
771 188
772 336
773 394
774 339
775 229
776 308
777 281
778 202
779 288
780 218
781 343
782 194
783 233
784 303
785 312
786 116
787 286
788 346
789 214
790 302
791 311
792 122
793 265
794 178
795 167
796 343
797 198
798 182
799 316
800 279
801 323
802 213
803 308
804 297
805 131
806 389
807 302
808 188
809 218
810 208
811 115
812 397
813 208
814 191
815 364
816 159
817 199
818 340
819 368
820 139
821 242
822 270
823 360
824 227
825 166
826 145
827 137
828 155
829 164
830 296
831 341
832 300
833 143
834 177
835 256
836 143
837 370
838 107
839 346
840 363
841 208
842 236
843 274
844 130
845 286
846 104
847 398
848 388
849 379
850 132
851 249
852 370
853 273
854 309
855 196
856 201
857 202
858 208
859 319
860 248
861 104
862 215
863 281
864 271
865 221
866 338
867 229
868 161
869 102
870 359
871 263
872 358
873 134
874 243
875 375
876 227
877 198
878 175
879 309
880 117
881 324
882 258
883 388
884 307
885 253
886 274
887 245
888 136
889 309
890 224
891 368
892 102
893 289
894 132
895 349
896 155
897 145
898 119
899 255
900 135
901 158
902 315
903 135
904 263
905 303
906 314
907 143
908 242
909 394
910 102
911 235
912 283
913 343
914 379
915 153
916 143
917 297
918 373
919 293
920 342
921 283
922 361
923 232
924 162
925 367
926 175
927 180
928 287
929 107
930 372
931 304
932 345
933 226
934 240
935 226
936 140
937 276
938 368
939 236
940 118
941 382
942 197
943 234
944 383
945 131
946 232
947 166
948 109
949 122
950 243
951 197
952 350
953 314
954 280
955 142
956 270
957 321
958 154
959 269
960 291
961 225
962 378
963 239
964 333
965 258
966 368
967 253
968 272
969 378
970 145
971 288
972 189
973 386
974 235
975 132
976 315
977 141
978 388
979 141
980 188
981 222
982 262
983 280
984 394
985 374
986 151
987 330
988 328
989 148
990 127
991 171
992 153
993 129
994 397
995 142
996 327
997 107
998 244
999 231
1000 137
