1
10  
1 9
2 5
3 1
4 9
5 5
6 5
7 2
8 3
9 1
10 9
11 7
12 10
13 1
14 6
15 5
16 9
17 10
18 4
19 2
20 4
21 4
22 7
23 9
24 2
25 7
26 3
27 3
28 8
29 7
30 1
31 6
32 3
33 1
34 10
35 5
36 6
37 3
38 10
39 10
40 6
41 5
42 5
43 7
44 10
45 8
46 3
47 6
48 4
49 5
50 10
51 6
52 2
53 5
54 8
55 5
56 3
57 2
58 1
59 9
60 7
61 10
62 10
63 5
64 3
65 10
66 6
67 3
68 6
69 8
70 5
71 2
72 7
73 9
74 7
75 3
76 1
77 4
78 8
79 2
80 1
81 9
82 10
83 9
84 2
85 8
86 3
87 4
88 9
89 7
90 3
91 6
92 7
93 3
94 2
95 7
96 3
97 4
98 8
99 1
100 9
101 2
102 9
103 4
104 10
105 8
106 7
107 6
108 7
109 5
110 2
111 1
112 4
113 6
114 6
115 9
116 8
117 4
118 10
119 1
120 10
121 2
122 6
123 6
124 3
125 6
126 8
127 9
128 3
129 6
130 3
131 5
132 10
133 8
134 9
135 9
136 3
137 3
138 6
139 1
140 1
141 8
142 3
143 9
144 8
145 4
146 10
147 9
148 6
149 9
150 5
151 9
152 1
153 8
154 2
155 9
156 3
157 4
158 10
159 10
160 9
161 8
162 6
163 4
164 9
165 10
166 8
167 5
168 3
169 1
170 8
171 4
172 1
173 4
174 3
175 2
176 1
177 4
178 8
179 4
180 4
181 3
182 5
183 1
184 6
185 4
186 2
187 6
188 4
189 10
190 5
191 5
192 3
193 7
194 4
195 8
196 7
197 6
198 4
199 4
200 8
201 8
202 1
203 2
204 3
205 3
206 9
207 1
208 1
209 8
210 9
211 10
212 10
213 2
214 1
215 9
216 10
217 8
218 8
219 2
220 10
221 2
222 2
223 10
224 5
225 5
226 4
227 5
228 4
229 6
230 3
231 5
232 1
233 6
234 2
235 4
236 3
237 5
238 1
239 3
240 10
241 8
242 2
243 4
244 9
245 1
246 2
247 7
248 2
249 1
250 6
251 5
252 5
253 7
254 1
255 10
256 3
257 3
258 1
259 8
260 9
261 5
262 1
263 8
264 9
265 1
266 1
267 10
268 2
269 6
270 1
271 4
272 6
273 6
274 6
275 1
276 4
277 1
278 7
279 9
280 9
281 1
282 1
283 4
284 3
285 8
286 1
287 10
288 7
289 7
290 2
291 10
292 4
293 7
294 9
295 6
296 10
297 9
298 5
299 8
300 8
301 9
302 1
303 10
304 8
305 6
306 7
307 3
308 10
309 10
310 9
311 4
312 2
313 7
314 10
315 8
316 8
317 3
318 7
319 1
320 2
321 5
322 6
323 8
324 1
325 2
326 4
327 5
328 1
329 10
330 3
331 2
332 10
333 10
334 7
335 4
336 9
337 1
338 2
339 5
340 7
341 3
342 7
343 4
344 10
345 4
346 4
347 5
348 1
349 2
350 10
351 1
352 4
353 1
354 9
355 1
356 3
357 1
358 3
359 2
360 4
361 9
362 4
363 8
364 3
365 5
366 5
367 2
368 8
369 9
370 7
371 4
372 1
373 7
374 1
375 9
376 1
377 5
378 1
379 5
380 6
381 6
382 5
383 7
384 6
385 3
386 2
387 6
388 1
389 5
390 1
391 10
392 1
393 1
394 9
395 4
396 1
397 6
398 2
399 1
400 2
