1
10  
1 3
2 1
3 10
4 9
5 2
6 5
7 5
8 2
9 4
10 3
11 5
12 9
13 4
14 6
15 1
16 10
17 5
18 3
19 9
20 2
21 3
22 3
23 4
24 1
25 2
26 9
27 7
28 2
29 3
30 7
31 6
32 4
33 9
34 9
35 3
36 1
37 2
38 9
39 5
40 9
41 10
42 5
43 1
44 8
45 3
46 7
47 6
48 2
49 3
50 3
51 10
52 5
53 9
54 1
55 6
56 2
57 3
58 3
59 7
60 10
61 3
62 1
63 10
64 2
65 2
66 3
67 1
68 7
69 4
70 7
71 10
72 10
73 10
74 1
75 7
76 6
77 7
78 9
79 10
80 7
81 4
82 2
83 7
84 1
85 3
86 9
87 3
88 5
89 10
90 9
91 10
92 5
93 6
94 6
95 5
96 5
97 9
98 8
99 6
100 9
101 8
102 6
103 9
104 7
105 4
106 10
107 7
108 7
109 6
110 3
111 4
112 5
113 5
114 9
115 1
116 6
117 7
118 9
119 1
120 6
121 5
122 8
123 7
124 2
125 1
126 1
127 2
128 10
129 5
130 3
131 8
132 2
133 2
134 10
135 2
136 6
137 3
138 10
139 1
140 1
141 5
142 2
143 1
144 5
145 5
146 8
147 7
148 2
149 3
150 1
151 10
152 1
153 9
154 8
155 2
156 7
157 1
158 3
159 10
160 6
161 1
162 10
163 5
164 8
165 1
166 6
167 3
168 4
169 1
170 8
171 3
172 2
173 5
174 4
175 8
176 9
177 5
178 7
179 2
180 5
181 2
182 10
183 10
184 3
185 5
186 6
187 1
188 8
189 4
190 7
191 3
192 4
193 9
194 2
195 7
196 8
197 5
198 1
199 6
200 1
