1
10  
1 8
2 4
3 7
4 2
5 2
6 9
7 2
8 8
9 7
10 3
11 10
12 9
13 5
14 1
15 8
16 9
17 5
18 3
19 10
20 2
21 2
22 1
23 8
24 3
25 8
26 3
27 5
28 8
29 8
30 5
31 2
32 3
33 2
34 1
35 9
36 6
37 1
38 10
39 7
40 9
41 7
42 6
43 8
44 1
45 8
46 4
47 8
48 2
49 1
50 10
51 4
52 2
53 4
54 1
55 7
56 1
57 4
58 1
59 9
60 10
61 10
62 5
63 5
64 6
65 7
66 6
67 6
68 2
69 2
70 10
71 1
72 7
73 8
74 4
75 7
76 1
77 3
78 10
79 9
80 2
81 2
82 8
83 1
84 5
85 9
86 8
87 1
88 2
89 1
90 3
91 9
92 2
93 3
94 2
95 10
96 7
97 5
98 4
99 9
100 6
101 4
102 4
103 9
104 9
105 1
106 4
107 1
108 2
109 9
110 2
111 9
112 5
113 1
114 9
115 4
116 10
117 3
118 10
119 4
120 1
121 1
122 10
123 2
124 9
125 6
126 8
127 3
128 2
129 8
130 7
131 9
132 5
133 7
134 4
135 2
136 6
137 10
138 9
139 4
140 7
141 2
142 9
143 10
144 10
145 6
146 4
147 8
148 3
149 10
150 8
151 6
152 4
153 3
154 8
155 3
156 3
157 8
158 8
159 5
160 8
161 10
162 7
163 3
164 7
165 2
166 9
167 6
168 1
169 9
170 9
171 1
172 5
173 2
174 3
175 3
176 9
177 10
178 10
179 9
180 10
181 9
182 8
183 8
184 4
185 7
186 5
187 3
188 8
189 5
190 7
191 2
192 9
193 8
194 2
195 10
196 6
197 7
198 9
199 2
200 5
201 8
202 4
203 4
204 5
205 10
206 1
207 8
208 8
209 6
210 3
211 8
212 3
213 5
214 7
215 1
216 2
217 5
218 6
219 2
220 10
221 3
222 9
223 1
224 7
225 5
226 5
227 4
228 8
229 3
230 5
231 7
232 8
233 6
234 10
235 2
236 1
237 2
238 9
239 9
240 9
241 9
242 6
243 9
244 3
245 3
246 4
247 1
248 9
249 4
250 7
251 2
252 4
253 7
254 2
255 3
256 5
257 1
258 7
259 8
260 6
261 2
262 5
263 9
264 5
265 4
266 2
267 6
268 2
269 2
270 8
271 3
272 2
273 5
274 2
275 10
276 2
277 1
278 3
279 10
280 2
281 6
282 4
283 7
284 1
285 6
286 6
287 7
288 4
289 10
290 9
291 4
292 10
293 4
294 2
295 7
296 8
297 7
298 5
299 5
300 2
301 2
302 2
303 3
304 6
305 10
306 6
307 3
308 1
309 1
310 7
311 7
312 10
313 2
314 10
315 3
316 3
317 9
318 2
319 4
320 6
321 5
322 5
323 10
324 3
325 5
326 9
327 4
328 3
329 3
330 7
331 10
332 1
333 1
334 2
335 10
336 8
337 6
338 6
339 6
340 4
341 7
342 1
343 9
344 7
345 2
346 4
347 4
348 2
349 1
350 6
351 1
352 9
353 7
354 5
355 2
356 1
357 9
358 7
359 2
360 6
361 2
362 1
363 3
364 5
365 2
366 10
367 10
368 8
369 7
370 8
371 4
372 7
373 3
374 7
375 9
376 1
377 9
378 5
379 8
380 3
381 3
382 5
383 8
384 7
385 2
386 4
387 9
388 5
389 9
390 5
391 3
392 9
393 6
394 1
395 8
396 10
397 9
398 9
399 3
400 6
401 10
402 7
403 10
404 8
405 4
406 7
407 5
408 2
409 9
410 5
411 4
412 3
413 9
414 2
415 8
416 10
417 9
418 8
419 1
420 5
421 3
422 5
423 4
424 1
425 9
426 10
427 1
428 4
429 5
430 5
431 4
432 4
433 1
434 5
435 8
436 10
437 6
438 3
439 4
440 7
441 8
442 5
443 4
444 8
445 7
446 10
447 8
448 7
449 10
450 3
451 10
452 6
453 9
454 2
455 2
456 4
457 4
458 7
459 9
460 4
461 8
462 1
463 8
464 2
465 6
466 6
467 2
468 7
469 2
470 6
471 4
472 4
473 7
474 3
475 1
476 9
477 1
478 6
479 8
480 3
481 4
482 7
483 4
484 2
485 1
486 3
487 4
488 1
489 6
490 9
491 7
492 7
493 6
494 1
495 10
496 8
497 4
498 1
499 7
500 8
501 1
502 1
503 10
504 3
505 6
506 8
507 9
508 6
509 3
510 4
511 2
512 3
513 1
514 5
515 7
516 1
517 9
518 1
519 7
520 1
521 8
522 7
523 6
524 5
525 9
526 8
527 9
528 5
529 6
530 4
531 9
532 2
533 8
534 1
535 10
536 8
537 10
538 10
539 1
540 5
541 7
542 8
543 3
544 8
545 4
546 8
547 8
548 6
549 8
550 6
551 4
552 4
553 1
554 2
555 4
556 9
557 5
558 3
559 8
560 8
561 8
562 10
563 6
564 1
565 9
566 9
567 6
568 3
569 4
570 4
571 7
572 10
573 2
574 4
575 10
576 9
577 10
578 9
579 10
580 7
581 8
582 4
583 10
584 5
585 6
586 7
587 5
588 8
589 10
590 1
591 8
592 6
593 3
594 7
595 5
596 9
597 1
598 6
599 9
600 7
601 10
602 10
603 10
604 10
605 8
606 5
607 2
608 5
609 1
610 8
611 9
612 4
613 1
614 1
615 1
616 10
617 1
618 10
619 3
620 7
621 4
622 8
623 2
624 8
625 2
626 3
627 2
628 1
629 2
630 9
631 8
632 8
633 10
634 8
635 6
636 3
637 2
638 7
639 7
640 3
641 4
642 5
643 3
644 7
645 7
646 7
647 7
648 9
649 7
650 7
651 5
652 5
653 8
654 2
655 3
656 6
657 2
658 4
659 6
660 2
661 3
662 7
663 7
664 3
665 6
666 2
667 7
668 6
669 6
670 9
671 3
672 7
673 4
674 10
675 8
676 3
677 4
678 3
679 2
680 7
681 4
682 3
683 9
684 8
685 1
686 3
687 2
688 8
689 2
690 9
691 4
692 2
693 9
694 1
695 4
696 5
697 9
698 1
699 4
700 8
701 1
702 10
703 1
704 2
705 8
706 4
707 2
708 4
709 3
710 7
711 5
712 7
713 6
714 2
715 4
716 2
717 5
718 7
719 2
720 2
721 3
722 4
723 8
724 10
725 6
726 7
727 3
728 8
729 8
730 9
731 7
732 8
733 2
734 10
735 7
736 6
737 1
738 1
739 4
740 3
741 9
742 3
743 7
744 7
745 6
746 5
747 10
748 3
749 9
750 2
751 7
752 6
753 2
754 7
755 3
756 2
757 7
758 8
759 1
760 5
761 4
762 4
763 7
764 2
765 10
766 9
767 4
768 5
769 8
770 8
771 1
772 1
773 1
774 5
775 1
776 4
777 7
778 3
779 1
780 7
781 5
782 3
783 5
784 10
785 5
786 1
787 1
788 6
789 4
790 8
791 2
792 4
793 8
794 10
795 4
796 6
797 9
798 2
799 3
800 9
801 10
802 8
803 7
804 1
805 6
806 5
807 2
808 4
809 9
810 3
811 9
812 8
813 2
814 8
815 7
816 8
817 4
818 9
819 2
820 9
821 7
822 7
823 9
824 2
825 4
826 2
827 3
828 2
829 4
830 3
831 1
832 10
833 3
834 7
835 10
836 10
837 2
838 1
839 7
840 1
841 7
842 5
843 7
844 4
845 6
846 6
847 8
848 5
849 2
850 1
851 6
852 7
853 8
854 1
855 10
856 5
857 2
858 6
859 8
860 2
861 9
862 8
863 3
864 3
865 7
866 9
867 5
868 4
869 8
870 3
871 9
872 1
873 2
874 3
875 7
876 10
877 6
878 8
879 9
880 2
881 5
882 1
883 7
884 2
885 2
886 3
887 4
888 2
889 3
890 6
891 5
892 8
893 2
894 9
895 5
896 1
897 9
898 10
899 6
900 2
901 10
902 7
903 7
904 8
905 10
906 10
907 10
908 6
909 6
910 9
911 2
912 10
913 1
914 8
915 2
916 2
917 1
918 1
919 5
920 9
921 3
922 4
923 4
924 4
925 10
926 7
927 3
928 3
929 5
930 1
931 10
932 8
933 8
934 8
935 7
936 7
937 10
938 3
939 5
940 8
941 1
942 3
943 3
944 8
945 4
946 9
947 5
948 4
949 8
950 3
951 10
952 5
953 8
954 6
955 9
956 8
957 7
958 9
959 7
960 10
961 4
962 10
963 8
964 10
965 6
966 7
967 10
968 10
969 2
970 8
971 8
972 9
973 2
974 3
975 10
976 4
977 7
978 1
979 8
980 9
981 10
982 3
983 5
984 6
985 3
986 10
987 5
988 3
989 5
990 2
991 5
992 3
993 6
994 2
995 2
996 1
997 1
998 6
999 10
1000 8
