Alsó Korlát;201
FFD-bin-sum;206
FFD-bin-avg;206
FFD-bin-prod;206
FFD-item-sum;204
FFD-item-avg;204
FFD-item-prod;204
dotP-gp1;204
dotP-gp2;204
dotP-gp3;204
dotP-gp4;204
L2-gp1;204
L2-gp2;204
L2-gp3;204
L2-gp4;204
FFDRev;217
FFDRevAdv;217
FFDMP-1.0;204
FFDMP-0.9;204
FFDMP-0.8;204
FFDMP-0.75;204
FFDBox-bx3-rt100; ;Átlag;204.0;Összes futási eredmény;[204, 204, 204, 204, 204, 204, 204, 204, 204, 204, 204, 204, 204, 204, 204, 204, 204, 204, 204, 204, 204, 204, 204, 204, 204, 204, 204, 204, 204, 204, 204, 204, 204, 204, 204, 204, 204, 204, 204, 204, 204, 204, 204, 204, 204, 204, 204, 204, 204, 204, 204, 204, 204, 204, 204, 204, 204, 204, 204, 204, 204, 204, 204, 204, 204, 204, 204, 204, 204, 204, 204, 204, 204, 204, 204, 204, 204, 204, 204, 204, 204, 204, 204, 204, 204, 204, 204, 204, 204, 204, 204, 204, 204, 204, 204, 204, 204, 204, 204, 204];Eredmények csoportosítva;{204: 100}
FFDBox-bx4-rt100; ;Átlag;204.0;Összes futási eredmény;[204, 204, 204, 204, 204, 204, 204, 204, 204, 204, 204, 204, 204, 204, 204, 204, 204, 204, 204, 204, 204, 204, 204, 204, 204, 204, 204, 204, 204, 204, 204, 204, 204, 204, 204, 204, 204, 204, 204, 204, 204, 204, 204, 204, 204, 204, 204, 204, 204, 204, 204, 204, 204, 204, 204, 204, 204, 204, 204, 204, 204, 204, 204, 204, 204, 204, 204, 204, 204, 204, 204, 204, 204, 204, 204, 204, 204, 204, 204, 204, 204, 204, 204, 204, 204, 204, 204, 204, 204, 204, 204, 204, 204, 204, 204, 204, 204, 204, 204, 204];Eredmények csoportosítva;{204: 100}
FFDBox-bx5-rt100; ;Átlag;204.0;Összes futási eredmény;[204, 204, 204, 204, 204, 204, 204, 204, 204, 204, 204, 204, 204, 204, 204, 204, 204, 204, 204, 204, 204, 204, 204, 204, 204, 204, 204, 204, 204, 204, 204, 204, 204, 204, 204, 204, 204, 204, 204, 204, 204, 204, 204, 204, 204, 204, 204, 204, 204, 204, 204, 204, 204, 204, 204, 204, 204, 204, 204, 204, 204, 204, 204, 204, 204, 204, 204, 204, 204, 204, 204, 204, 204, 204, 204, 204, 204, 204, 204, 204, 204, 204, 204, 204, 204, 204, 204, 204, 204, 204, 204, 204, 204, 204, 204, 204, 204, 204, 204, 204];Eredmények csoportosítva;{204: 100}
FFDBox-bx6-rt100; ;Átlag;204.0;Összes futási eredmény;[204, 204, 204, 204, 204, 204, 204, 204, 204, 204, 204, 204, 204, 204, 204, 204, 204, 204, 204, 204, 204, 204, 204, 204, 204, 204, 204, 204, 204, 204, 204, 204, 204, 204, 204, 204, 204, 204, 204, 204, 204, 204, 204, 204, 204, 204, 204, 204, 204, 204, 204, 204, 204, 204, 204, 204, 204, 204, 204, 204, 204, 204, 204, 204, 204, 204, 204, 204, 204, 204, 204, 204, 204, 204, 204, 204, 204, 204, 204, 204, 204, 204, 204, 204, 204, 204, 204, 204, 204, 204, 204, 204, 204, 204, 204, 204, 204, 204, 204, 204];Eredmények csoportosítva;{204: 100}
FFDGroups-gn4-rt100; ;Átlag;205.22;Összes futási eredmény;[205, 205, 206, 206, 206, 206, 206, 205, 205, 206, 205, 205, 205, 205, 205, 205, 205, 205, 206, 206, 205, 205, 205, 205, 206, 205, 205, 204, 205, 205, 205, 205, 205, 205, 205, 205, 205, 205, 205, 205, 205, 205, 206, 206, 205, 206, 205, 205, 205, 206, 206, 205, 205, 205, 205, 205, 205, 205, 205, 205, 205, 206, 205, 205, 205, 206, 205, 205, 205, 205, 206, 206, 205, 206, 205, 205, 205, 205, 205, 205, 205, 205, 205, 205, 206, 205, 205, 205, 206, 205, 205, 205, 205, 205, 205, 206, 205, 205, 206, 205];Eredmények csoportosítva;{205: 76, 206: 23, 204: 1}
FFDGroups-gn6-rt100; ;Átlag;204.53;Összes futási eredmény;[205, 205, 205, 204, 205, 205, 205, 204, 205, 205, 205, 204, 205, 205, 205, 205, 204, 204, 204, 205, 205, 204, 204, 204, 204, 204, 205, 204, 204, 205, 204, 205, 205, 204, 205, 205, 205, 205, 205, 204, 205, 205, 204, 205, 205, 204, 204, 204, 204, 205, 204, 204, 204, 204, 205, 204, 204, 204, 205, 205, 204, 205, 204, 204, 204, 205, 205, 204, 204, 204, 205, 205, 205, 205, 204, 204, 204, 204, 204, 205, 205, 205, 205, 204, 205, 205, 205, 205, 205, 204, 205, 205, 205, 204, 204, 204, 205, 204, 205, 204];Eredmények csoportosítva;{205: 53, 204: 47}
FFDGroups-gn10-rt100; ;Átlag;204.05;Összes futási eredmény;[204, 204, 205, 204, 204, 204, 204, 204, 204, 204, 204, 204, 204, 204, 204, 204, 204, 204, 204, 204, 204, 204, 204, 204, 204, 205, 204, 204, 204, 204, 204, 204, 204, 204, 204, 205, 204, 204, 204, 204, 204, 204, 204, 204, 204, 204, 204, 204, 204, 204, 204, 204, 204, 204, 204, 205, 204, 205, 204, 204, 204, 204, 204, 204, 204, 204, 204, 204, 204, 204, 204, 204, 204, 204, 204, 204, 205, 204, 204, 204, 204, 204, 204, 204, 204, 204, 204, 204, 204, 204, 203, 204, 204, 204, 204, 204, 204, 204, 204, 204];Eredmények csoportosítva;{204: 93, 205: 6, 203: 1}
FFDGroups-gn20-rt100; ;Átlag;204.31;Összes futási eredmény;[204, 204, 205, 204, 204, 204, 205, 205, 204, 205, 204, 204, 204, 204, 204, 205, 204, 204, 205, 205, 205, 204, 204, 205, 205, 204, 204, 204, 204, 204, 204, 204, 204, 204, 204, 204, 204, 205, 204, 204, 205, 204, 205, 205, 204, 204, 205, 205, 205, 205, 204, 205, 204, 204, 204, 205, 204, 204, 204, 204, 205, 205, 204, 204, 205, 204, 204, 204, 204, 204, 205, 204, 204, 204, 204, 205, 204, 204, 204, 205, 205, 204, 204, 204, 204, 204, 205, 204, 204, 204, 205, 204, 204, 204, 204, 205, 204, 204, 205, 204];Eredmények csoportosítva;{204: 69, 205: 31}
FFDBG-gn4-bx4-rt100; ;Átlag;204.0;Összes futási eredmény;[204, 204, 204, 204, 204, 204, 204, 204, 204, 204, 204, 204, 204, 204, 204, 204, 204, 204, 204, 204, 204, 204, 204, 204, 204, 204, 204, 204, 204, 204, 204, 204, 204, 204, 204, 204, 204, 204, 204, 204, 204, 204, 204, 204, 204, 204, 204, 204, 204, 204, 204, 204, 204, 204, 204, 204, 204, 204, 204, 204, 204, 204, 204, 204, 204, 204, 204, 204, 204, 204, 204, 204, 204, 204, 204, 204, 204, 204, 204, 204, 204, 204, 204, 204, 204, 204, 204, 204, 204, 204, 204, 204, 204, 204, 204, 204, 204, 204, 204, 204];Eredmények csoportosítva;{204: 100}
FFDBG-gn6-bx4-rt100; ;Átlag;204.0;Összes futási eredmény;[204, 204, 204, 204, 204, 204, 204, 204, 204, 204, 204, 204, 204, 204, 204, 204, 204, 204, 204, 204, 204, 204, 204, 204, 204, 204, 204, 204, 204, 204, 204, 204, 204, 204, 204, 204, 204, 204, 204, 204, 204, 204, 204, 204, 204, 204, 204, 204, 204, 204, 204, 204, 204, 204, 204, 204, 204, 204, 204, 204, 204, 204, 204, 204, 204, 204, 204, 204, 204, 204, 204, 204, 204, 204, 204, 204, 204, 204, 204, 204, 204, 204, 204, 204, 204, 204, 204, 204, 204, 204, 204, 204, 204, 204, 204, 204, 204, 204, 204, 204];Eredmények csoportosítva;{204: 100}
FFDBG-gn5-bx3-rt100; ;Átlag;204.0;Összes futási eredmény;[204, 204, 204, 204, 204, 204, 204, 204, 204, 204, 204, 204, 204, 204, 204, 204, 204, 204, 204, 204, 204, 204, 204, 204, 204, 204, 204, 204, 204, 204, 204, 204, 204, 204, 204, 204, 204, 204, 204, 204, 204, 204, 204, 204, 204, 204, 204, 204, 204, 204, 204, 204, 204, 204, 204, 204, 204, 204, 204, 204, 204, 204, 204, 204, 204, 204, 204, 204, 204, 204, 204, 204, 204, 204, 204, 204, 204, 204, 204, 204, 204, 204, 204, 204, 204, 204, 204, 204, 204, 204, 204, 204, 204, 204, 204, 204, 204, 204, 204, 204];Eredmények csoportosítva;{204: 100}
FFDRatio-ra2-rt100; ;Átlag;220.75;Összes futási eredmény;[229, 215, 216, 229, 214, 221, 215, 213, 216, 220, 227, 219, 228, 222, 219, 216, 229, 213, 230, 217, 226, 229, 230, 227, 224, 224, 221, 219, 219, 227, 215, 215, 228, 213, 214, 228, 221, 215, 218, 216, 222, 216, 216, 223, 211, 216, 226, 228, 215, 225, 212, 218, 230, 222, 223, 210, 227, 214, 211, 229, 219, 224, 216, 223, 228, 217, 215, 218, 219, 222, 222, 223, 216, 229, 218, 222, 219, 221, 216, 218, 227, 220, 221, 229, 221, 222, 226, 217, 228, 218, 216, 228, 215, 223, 228, 224, 217, 220, 217, 222];Eredmények csoportosítva;{229: 7, 215: 8, 216: 11, 214: 3, 221: 6, 213: 3, 220: 3, 227: 5, 219: 7, 228: 8, 222: 8, 230: 3, 217: 5, 226: 3, 224: 4, 218: 6, 223: 5, 211: 2, 225: 1, 212: 1, 210: 1}
FFDRatio-ra5-rt100; ;Átlag;209.89;Összes futási eredmény;[210, 211, 209, 210, 210, 211, 210, 209, 210, 210, 210, 210, 210, 209, 210, 210, 210, 209, 210, 210, 210, 210, 209, 210, 209, 211, 210, 210, 210, 209, 211, 210, 210, 209, 211, 211, 210, 209, 209, 210, 209, 210, 209, 212, 210, 210, 210, 209, 210, 211, 210, 210, 210, 210, 210, 211, 210, 209, 210, 209, 210, 210, 210, 210, 210, 210, 210, 210, 210, 209, 210, 210, 210, 210, 210, 210, 209, 210, 210, 209, 209, 210, 209, 210, 210, 210, 210, 211, 209, 210, 210, 211, 210, 209, 210, 209, 209, 210, 211, 210];Eredmények csoportosítva;{210: 64, 211: 11, 209: 24, 212: 1}
FFDRatio-ra10-rt100; ;Átlag;207.14;Összes futási eredmény;[207, 208, 207, 207, 207, 207, 207, 208, 207, 207, 207, 207, 207, 207, 207, 206, 207, 207, 208, 208, 207, 207, 208, 207, 207, 207, 207, 207, 207, 207, 207, 207, 207, 208, 207, 207, 207, 207, 207, 208, 207, 208, 207, 207, 207, 207, 207, 207, 207, 206, 207, 207, 207, 207, 206, 207, 207, 207, 208, 207, 207, 207, 208, 207, 207, 207, 208, 207, 207, 207, 207, 207, 207, 207, 208, 208, 208, 207, 206, 207, 207, 207, 207, 207, 207, 208, 208, 207, 206, 207, 207, 207, 207, 207, 208, 207, 208, 207, 208, 207];Eredmények csoportosítva;{207: 76, 208: 19, 206: 5}
FFDRatio-ra15-rt100; ;Átlag;205.58;Összes futási eredmény;[205, 206, 205, 205, 206, 206, 206, 206, 205, 205, 206, 206, 205, 205, 206, 207, 205, 205, 205, 206, 206, 206, 205, 205, 207, 205, 205, 206, 205, 206, 207, 205, 206, 206, 206, 205, 207, 206, 206, 206, 206, 205, 205, 206, 205, 205, 205, 205, 206, 207, 205, 206, 205, 206, 206, 205, 205, 205, 206, 205, 205, 205, 205, 206, 206, 206, 207, 206, 205, 206, 205, 206, 205, 205, 206, 205, 206, 205, 206, 205, 206, 205, 205, 206, 205, 207, 205, 205, 206, 205, 206, 205, 205, 205, 206, 205, 206, 207, 205, 206];Eredmények csoportosítva;{205: 50, 206: 42, 207: 8}
FFDVal-rt100; ;Átlag;212.48;Összes futási eredmény;[213, 213, 213, 213, 213, 212, 214, 213, 212, 213, 213, 212, 212, 213, 212, 212, 213, 213, 212, 212, 212, 211, 213, 212, 212, 214, 213, 212, 213, 212, 212, 212, 213, 212, 213, 213, 212, 212, 212, 214, 212, 212, 213, 212, 212, 212, 213, 213, 212, 213, 211, 212, 213, 213, 212, 213, 212, 212, 213, 212, 214, 213, 213, 213, 212, 213, 213, 213, 213, 213, 211, 212, 213, 213, 213, 212, 212, 213, 212, 212, 212, 212, 212, 214, 212, 212, 212, 211, 213, 212, 212, 213, 213, 212, 213, 212, 213, 212, 212, 212];Eredmények csoportosítva;{213: 42, 212: 49, 214: 5, 211: 4}
L2NotDet-gp1-rn50; ;Átlag;204.0;Összes futási eredmény;[204, 204, 204, 204, 204, 204, 204, 204, 204, 204, 204, 204, 204, 204, 204, 204, 204, 204, 204, 204, 204, 204, 204, 204, 204, 204, 204, 204, 204, 204, 204, 204, 204, 204, 204, 204, 204, 204, 204, 204, 204, 204, 204, 204, 204, 204, 204, 204, 204, 204];Eredmények csoportosítva;{204: 50}
L2NotDet-gp3-rn50; ;Átlag;204.0;Összes futási eredmény;[204, 204, 204, 204, 204, 204, 204, 204, 204, 204, 204, 204, 204, 204, 204, 204, 204, 204, 204, 204, 204, 204, 204, 204, 204, 204, 204, 204, 204, 204, 204, 204, 204, 204, 204, 204, 204, 204, 204, 204, 204, 204, 204, 204, 204, 204, 204, 204, 204, 204];Eredmények csoportosítva;{204: 50}
L2NotDet-gp5-rn50; ;Átlag;204.0;Összes futási eredmény;[204, 204, 204, 204, 204, 204, 204, 204, 204, 204, 204, 204, 204, 204, 204, 204, 204, 204, 204, 204, 204, 204, 204, 204, 204, 204, 204, 204, 204, 204, 204, 204, 204, 204, 204, 204, 204, 204, 204, 204, 204, 204, 204, 204, 204, 204, 204, 204, 204, 204];Eredmények csoportosítva;{204: 50}
Alsó Korlát;201
Alsó Korlát;201
