Alsó Korlát;50
FFD-bin-sum;53
FFD-bin-avg;53
FFD-bin-prod;53
FFD-item-sum;51
FFD-item-avg;51
FFD-item-prod;51
dotP-gp1;51
dotP-gp2;51
dotP-gp3;51
dotP-gp4;51
L2-gp1;51
L2-gp2;51
L2-gp3;51
L2-gp4;51
FFDRev;52
FFDRevAdv;52
FFDMP-1.0;51
FFDMP-0.9;51
FFDMP-0.8;51
FFDMP-0.75;51
FFDBox-bx3-rt100; ;Átlag;51.0;Összes futási eredmény;[51, 51, 51, 51, 51, 51, 51, 51, 51, 51, 51, 51, 51, 51, 51, 51, 51, 51, 51, 51, 51, 51, 51, 51, 51, 51, 51, 51, 51, 51, 51, 51, 51, 51, 51, 51, 51, 51, 51, 51, 51, 51, 51, 51, 51, 51, 51, 51, 51, 51, 51, 51, 51, 51, 51, 51, 51, 51, 51, 51, 51, 51, 51, 51, 51, 51, 51, 51, 51, 51, 51, 51, 51, 51, 51, 51, 51, 51, 51, 51, 51, 51, 51, 51, 51, 51, 51, 51, 51, 51, 51, 51, 51, 51, 51, 51, 51, 51, 51, 51];Eredmények csoportosítva;{51: 100}
FFDBox-bx4-rt100; ;Átlag;51.0;Összes futási eredmény;[51, 51, 51, 51, 51, 51, 51, 51, 51, 51, 51, 51, 51, 51, 51, 51, 51, 51, 51, 51, 51, 51, 51, 51, 51, 51, 51, 51, 51, 51, 51, 51, 51, 51, 51, 51, 51, 51, 51, 51, 51, 51, 51, 51, 51, 51, 51, 51, 51, 51, 51, 51, 51, 51, 51, 51, 51, 51, 51, 51, 51, 51, 51, 51, 51, 51, 51, 51, 51, 51, 51, 51, 51, 51, 51, 51, 51, 51, 51, 51, 51, 51, 51, 51, 51, 51, 51, 51, 51, 51, 51, 51, 51, 51, 51, 51, 51, 51, 51, 51];Eredmények csoportosítva;{51: 100}
FFDBox-bx5-rt100; ;Átlag;51.0;Összes futási eredmény;[51, 51, 51, 51, 51, 51, 51, 51, 51, 51, 51, 51, 51, 51, 51, 51, 51, 51, 51, 51, 51, 51, 51, 51, 51, 51, 51, 51, 51, 51, 51, 51, 51, 51, 51, 51, 51, 51, 51, 51, 51, 51, 51, 51, 51, 51, 51, 51, 51, 51, 51, 51, 51, 51, 51, 51, 51, 51, 51, 51, 51, 51, 51, 51, 51, 51, 51, 51, 51, 51, 51, 51, 51, 51, 51, 51, 51, 51, 51, 51, 51, 51, 51, 51, 51, 51, 51, 51, 51, 51, 51, 51, 51, 51, 51, 51, 51, 51, 51, 51];Eredmények csoportosítva;{51: 100}
FFDBox-bx6-rt100; ;Átlag;51.0;Összes futási eredmény;[51, 51, 51, 51, 51, 51, 51, 51, 51, 51, 51, 51, 51, 51, 51, 51, 51, 51, 51, 51, 51, 51, 51, 51, 51, 51, 51, 51, 51, 51, 51, 51, 51, 51, 51, 51, 51, 51, 51, 51, 51, 51, 51, 51, 51, 51, 51, 51, 51, 51, 51, 51, 51, 51, 51, 51, 51, 51, 51, 51, 51, 51, 51, 51, 51, 51, 51, 51, 51, 51, 51, 51, 51, 51, 51, 51, 51, 51, 51, 51, 51, 51, 51, 51, 51, 51, 51, 51, 51, 51, 51, 51, 51, 51, 51, 51, 51, 51, 51, 51];Eredmények csoportosítva;{51: 100}
FFDGroups-gn4-rt100; ;Átlag;51.14;Összes futási eredmény;[51, 51, 51, 51, 51, 52, 52, 51, 51, 51, 51, 51, 51, 52, 51, 51, 51, 51, 52, 51, 51, 51, 51, 51, 51, 51, 52, 51, 51, 51, 52, 51, 51, 52, 51, 51, 51, 51, 51, 51, 51, 51, 51, 51, 51, 51, 51, 52, 51, 51, 51, 51, 51, 52, 51, 51, 51, 51, 51, 51, 51, 51, 51, 52, 51, 51, 51, 51, 51, 51, 51, 51, 51, 51, 51, 51, 52, 51, 51, 51, 51, 51, 51, 52, 51, 51, 51, 51, 51, 51, 52, 51, 51, 51, 51, 52, 51, 51, 51, 51];Eredmények csoportosítva;{51: 86, 52: 14}
FFDGroups-gn6-rt100; ;Átlag;51.09;Összes futási eredmény;[51, 51, 51, 51, 52, 51, 51, 51, 51, 52, 51, 51, 51, 51, 51, 51, 51, 51, 52, 51, 51, 51, 51, 51, 51, 51, 51, 51, 51, 51, 51, 51, 51, 52, 51, 51, 51, 51, 51, 51, 51, 51, 51, 51, 51, 51, 51, 51, 51, 51, 51, 52, 51, 51, 51, 51, 51, 51, 51, 51, 51, 52, 51, 52, 51, 51, 51, 51, 51, 51, 51, 51, 51, 51, 51, 51, 51, 51, 52, 51, 51, 51, 51, 51, 51, 51, 51, 51, 51, 52, 51, 51, 51, 51, 51, 51, 51, 51, 51, 51];Eredmények csoportosítva;{51: 91, 52: 9}
FFDGroups-gn10-rt100; ;Átlag;51.0;Összes futási eredmény;[51, 51, 51, 51, 51, 51, 51, 51, 51, 51, 51, 51, 51, 51, 51, 51, 51, 51, 51, 51, 51, 51, 51, 51, 51, 51, 51, 51, 51, 51, 51, 51, 51, 51, 51, 51, 51, 51, 51, 51, 51, 51, 51, 51, 51, 51, 51, 51, 51, 51, 51, 51, 51, 51, 51, 51, 51, 51, 51, 51, 51, 51, 51, 51, 51, 51, 51, 51, 51, 51, 51, 51, 51, 51, 51, 51, 51, 51, 51, 51, 51, 51, 51, 51, 51, 51, 51, 51, 51, 51, 51, 51, 51, 51, 51, 51, 51, 51, 51, 51];Eredmények csoportosítva;{51: 100}
FFDGroups-gn20-rt100; ;Átlag;51.0;Összes futási eredmény;[51, 51, 51, 51, 51, 51, 51, 51, 51, 51, 51, 51, 51, 51, 51, 51, 51, 51, 51, 51, 51, 51, 51, 51, 51, 51, 51, 51, 51, 51, 51, 51, 51, 51, 51, 51, 51, 51, 51, 51, 51, 51, 51, 51, 51, 51, 51, 51, 51, 51, 51, 51, 51, 51, 51, 51, 51, 51, 51, 51, 51, 51, 51, 51, 51, 51, 51, 51, 51, 51, 51, 51, 51, 51, 51, 51, 51, 51, 51, 51, 51, 51, 51, 51, 51, 51, 51, 51, 51, 51, 51, 51, 51, 51, 51, 51, 51, 51, 51, 51];Eredmények csoportosítva;{51: 100}
FFDBG-gn4-bx4-rt100; ;Átlag;51.0;Összes futási eredmény;[51, 51, 51, 51, 51, 51, 51, 51, 51, 51, 51, 51, 51, 51, 51, 51, 51, 51, 51, 51, 51, 51, 51, 51, 51, 51, 51, 51, 51, 51, 51, 51, 51, 51, 51, 51, 51, 51, 51, 51, 51, 51, 51, 51, 51, 51, 51, 51, 51, 51, 51, 51, 51, 51, 51, 51, 51, 51, 51, 51, 51, 51, 51, 51, 51, 51, 51, 51, 51, 51, 51, 51, 51, 51, 51, 51, 51, 51, 51, 51, 51, 51, 51, 51, 51, 51, 51, 51, 51, 51, 51, 51, 51, 51, 51, 51, 51, 51, 51, 51];Eredmények csoportosítva;{51: 100}
FFDBG-gn6-bx4-rt100; ;Átlag;51.0;Összes futási eredmény;[51, 51, 51, 51, 51, 51, 51, 51, 51, 51, 51, 51, 51, 51, 51, 51, 51, 51, 51, 51, 51, 51, 51, 51, 51, 51, 51, 51, 51, 51, 51, 51, 51, 51, 51, 51, 51, 51, 51, 51, 51, 51, 51, 51, 51, 51, 51, 51, 51, 51, 51, 51, 51, 51, 51, 51, 51, 51, 51, 51, 51, 51, 51, 51, 51, 51, 51, 51, 51, 51, 51, 51, 51, 51, 51, 51, 51, 51, 51, 51, 51, 51, 51, 51, 51, 51, 51, 51, 51, 51, 51, 51, 51, 51, 51, 51, 51, 51, 51, 51];Eredmények csoportosítva;{51: 100}
FFDBG-gn5-bx3-rt100; ;Átlag;51.0;Összes futási eredmény;[51, 51, 51, 51, 51, 51, 51, 51, 51, 51, 51, 51, 51, 51, 51, 51, 51, 51, 51, 51, 51, 51, 51, 51, 51, 51, 51, 51, 51, 51, 51, 51, 51, 51, 51, 51, 51, 51, 51, 51, 51, 51, 51, 51, 51, 51, 51, 51, 51, 51, 51, 51, 51, 51, 51, 51, 51, 51, 51, 51, 51, 51, 51, 51, 51, 51, 51, 51, 51, 51, 51, 51, 51, 51, 51, 51, 51, 51, 51, 51, 51, 51, 51, 51, 51, 51, 51, 51, 51, 51, 51, 51, 51, 51, 51, 51, 51, 51, 51, 51];Eredmények csoportosítva;{51: 100}
FFDRatio-ra2-rt100; ;Átlag;54.13;Összes futási eredmény;[53, 53, 55, 54, 54, 53, 53, 52, 56, 53, 56, 54, 55, 53, 53, 54, 55, 53, 53, 53, 56, 53, 52, 53, 55, 56, 55, 55, 53, 53, 53, 57, 54, 57, 53, 56, 53, 53, 54, 57, 56, 58, 53, 56, 53, 54, 55, 56, 54, 55, 53, 57, 56, 55, 52, 54, 57, 53, 57, 53, 53, 55, 53, 53, 53, 53, 54, 53, 53, 56, 53, 53, 53, 53, 53, 53, 53, 54, 55, 54, 53, 57, 53, 53, 53, 52, 55, 53, 53, 55, 56, 52, 55, 55, 56, 53, 56, 56, 54, 53];Eredmények csoportosítva;{53: 45, 55: 15, 54: 13, 52: 5, 56: 14, 57: 7, 58: 1}
FFDRatio-ra5-rt100; ;Átlag;52.52;Összes futási eredmény;[53, 52, 53, 53, 52, 53, 53, 52, 53, 53, 53, 52, 53, 53, 52, 53, 53, 53, 53, 52, 53, 53, 53, 53, 53, 52, 52, 52, 52, 52, 52, 53, 53, 53, 53, 53, 52, 52, 52, 52, 52, 53, 53, 53, 52, 53, 52, 52, 53, 52, 52, 53, 52, 52, 53, 52, 53, 52, 52, 53, 52, 53, 52, 52, 53, 52, 53, 52, 52, 53, 53, 53, 52, 52, 53, 53, 53, 52, 53, 52, 52, 53, 53, 53, 53, 52, 52, 52, 52, 52, 53, 52, 53, 53, 53, 52, 53, 52, 52, 52];Eredmények csoportosítva;{53: 52, 52: 48}
FFDRatio-ra10-rt100; ;Átlag;51.82;Összes futási eredmény;[52, 52, 52, 52, 52, 52, 52, 52, 52, 52, 52, 52, 52, 52, 52, 51, 52, 52, 52, 52, 52, 52, 52, 52, 52, 52, 51, 52, 52, 51, 52, 52, 51, 51, 52, 52, 52, 52, 52, 52, 52, 52, 52, 51, 52, 52, 52, 52, 51, 52, 52, 52, 52, 52, 52, 51, 52, 51, 52, 52, 51, 52, 52, 52, 52, 51, 52, 52, 52, 52, 52, 52, 52, 52, 52, 52, 52, 51, 52, 52, 52, 51, 52, 52, 52, 52, 51, 51, 52, 52, 52, 51, 51, 51, 52, 52, 52, 52, 52, 52];Eredmények csoportosítva;{52: 82, 51: 18}
FFDRatio-ra15-rt100; ;Átlag;51.34;Összes futási eredmény;[51, 51, 51, 51, 52, 51, 51, 52, 52, 52, 52, 52, 51, 51, 52, 51, 51, 51, 51, 51, 51, 51, 52, 51, 51, 52, 51, 52, 52, 51, 52, 52, 51, 51, 51, 52, 51, 51, 51, 51, 51, 52, 51, 52, 52, 51, 51, 52, 51, 51, 51, 51, 52, 51, 51, 52, 52, 52, 52, 51, 51, 51, 51, 51, 51, 52, 51, 52, 52, 51, 51, 51, 51, 51, 51, 52, 51, 52, 51, 51, 52, 51, 52, 52, 51, 51, 51, 52, 51, 51, 51, 51, 52, 51, 51, 51, 51, 51, 52, 51];Eredmények csoportosítva;{51: 66, 52: 34}
FFDVal-rt100; ;Átlag;53.05;Összes futási eredmény;[53, 53, 53, 53, 53, 53, 53, 53, 53, 53, 53, 53, 53, 53, 53, 52, 53, 53, 53, 54, 53, 53, 53, 53, 53, 53, 53, 53, 53, 54, 53, 52, 53, 53, 54, 53, 53, 53, 53, 52, 53, 53, 53, 53, 52, 53, 53, 53, 53, 53, 53, 54, 53, 54, 53, 53, 53, 53, 53, 53, 53, 53, 54, 53, 53, 53, 53, 53, 53, 53, 53, 53, 53, 53, 53, 53, 53, 53, 53, 53, 54, 54, 53, 53, 53, 53, 53, 53, 53, 53, 53, 53, 53, 53, 53, 53, 53, 54, 53, 53];Eredmények csoportosítva;{53: 87, 52: 4, 54: 9}
L2NotDet-gp1-rn50; ;Átlag;51.0;Összes futási eredmény;[51, 51, 51, 51, 51, 51, 51, 51, 51, 51, 51, 51, 51, 51, 51, 51, 51, 51, 51, 51, 51, 51, 51, 51, 51, 51, 51, 51, 51, 51, 51, 51, 51, 51, 51, 51, 51, 51, 51, 51, 51, 51, 51, 51, 51, 51, 51, 51, 51, 51];Eredmények csoportosítva;{51: 50}
L2NotDet-gp3-rn50; ;Átlag;51.0;Összes futási eredmény;[51, 51, 51, 51, 51, 51, 51, 51, 51, 51, 51, 51, 51, 51, 51, 51, 51, 51, 51, 51, 51, 51, 51, 51, 51, 51, 51, 51, 51, 51, 51, 51, 51, 51, 51, 51, 51, 51, 51, 51, 51, 51, 51, 51, 51, 51, 51, 51, 51, 51];Eredmények csoportosítva;{51: 50}
L2NotDet-gp5-rn50; ;Átlag;51.0;Összes futási eredmény;[51, 51, 51, 51, 51, 51, 51, 51, 51, 51, 51, 51, 51, 51, 51, 51, 51, 51, 51, 51, 51, 51, 51, 51, 51, 51, 51, 51, 51, 51, 51, 51, 51, 51, 51, 51, 51, 51, 51, 51, 51, 51, 51, 51, 51, 51, 51, 51, 51, 51];Eredmények csoportosítva;{51: 50}
