Alsó Korlát;245
FFD-bin-sum;251
FFD-bin-avg;251
FFD-bin-prod;251
FFD-item-sum;249
FFD-item-avg;249
FFD-item-prod;249
dotP-gp1;249
dotP-gp2;249
dotP-gp3;249
dotP-gp4;249
L2-gp1;249
L2-gp2;249
L2-gp3;249
L2-gp4;249
FFDRev;251
FFDRevAdv;251
FFDMP-1.0;249
FFDMP-0.9;249
FFDMP-0.8;249
FFDMP-0.75;249
FFDBox-bx3-rt100; ;Átlag;249.0;Összes futási eredmény;[249, 249, 249, 249, 249, 249, 249, 249, 249, 249, 249, 249, 249, 249, 249, 249, 249, 249, 249, 249, 249, 249, 249, 249, 249, 249, 249, 249, 249, 249, 249, 249, 249, 249, 249, 249, 249, 249, 249, 249, 249, 249, 249, 249, 249, 249, 249, 249, 249, 249, 249, 249, 249, 249, 249, 249, 249, 249, 249, 249, 249, 249, 249, 249, 249, 249, 249, 249, 249, 249, 249, 249, 249, 249, 249, 249, 249, 249, 249, 249, 249, 249, 249, 249, 249, 249, 249, 249, 249, 249, 249, 249, 249, 249, 249, 249, 249, 249, 249, 249];Eredmények csoportosítva;{249: 100}
FFDBox-bx4-rt100; ;Átlag;249.0;Összes futási eredmény;[249, 249, 249, 249, 249, 249, 249, 249, 249, 249, 249, 249, 249, 249, 249, 249, 249, 249, 249, 249, 249, 249, 249, 249, 249, 249, 249, 249, 249, 249, 249, 249, 249, 249, 249, 249, 249, 249, 249, 249, 249, 249, 249, 249, 249, 249, 249, 249, 249, 249, 249, 249, 249, 249, 249, 249, 249, 249, 249, 249, 249, 249, 249, 249, 249, 249, 249, 249, 249, 249, 249, 249, 249, 249, 249, 249, 249, 249, 249, 249, 249, 249, 249, 249, 249, 249, 249, 249, 249, 249, 249, 249, 249, 249, 249, 249, 249, 249, 249, 249];Eredmények csoportosítva;{249: 100}
FFDBox-bx5-rt100; ;Átlag;249.01;Összes futási eredmény;[249, 249, 249, 249, 249, 249, 249, 249, 249, 249, 249, 249, 249, 249, 249, 249, 249, 249, 249, 249, 249, 249, 249, 249, 249, 249, 249, 249, 249, 249, 249, 249, 249, 249, 249, 249, 249, 249, 249, 249, 249, 249, 249, 249, 249, 249, 249, 249, 249, 249, 249, 250, 249, 249, 249, 249, 249, 249, 249, 249, 249, 249, 249, 249, 249, 249, 249, 249, 249, 249, 249, 249, 249, 249, 249, 249, 249, 249, 249, 249, 249, 249, 249, 249, 249, 249, 249, 249, 249, 249, 249, 249, 249, 249, 249, 249, 249, 249, 249, 249];Eredmények csoportosítva;{249: 99, 250: 1}
FFDBox-bx6-rt100; ;Átlag;249.0;Összes futási eredmény;[249, 249, 249, 249, 249, 249, 249, 249, 249, 249, 249, 249, 249, 249, 249, 249, 249, 249, 249, 249, 249, 249, 249, 249, 249, 249, 249, 249, 249, 249, 249, 249, 249, 249, 249, 249, 249, 249, 249, 249, 249, 249, 249, 249, 249, 249, 249, 249, 249, 249, 249, 249, 249, 249, 249, 249, 249, 249, 249, 249, 249, 249, 249, 249, 249, 249, 249, 249, 249, 249, 249, 249, 249, 249, 249, 249, 249, 249, 249, 249, 249, 249, 249, 249, 249, 249, 249, 249, 249, 249, 249, 249, 249, 249, 249, 249, 249, 249, 249, 249];Eredmények csoportosítva;{249: 100}
FFDGroups-gn4-rt100; ;Átlag;249.72;Összes futási eredmény;[249, 250, 250, 250, 250, 250, 250, 249, 250, 250, 250, 250, 250, 249, 249, 249, 250, 250, 250, 250, 250, 250, 250, 250, 249, 250, 250, 250, 249, 249, 250, 250, 249, 250, 250, 250, 249, 250, 250, 249, 250, 250, 249, 249, 250, 249, 250, 250, 250, 250, 249, 250, 250, 250, 249, 250, 250, 249, 249, 250, 250, 250, 250, 250, 250, 250, 250, 249, 250, 250, 249, 250, 250, 250, 249, 250, 250, 250, 249, 249, 249, 249, 250, 250, 250, 250, 249, 250, 250, 250, 250, 250, 250, 250, 250, 250, 250, 249, 249, 250];Eredmények csoportosítva;{249: 28, 250: 72}
FFDGroups-gn6-rt100; ;Átlag;250.17;Összes futási eredmény;[250, 250, 250, 250, 250, 250, 250, 250, 250, 250, 250, 250, 250, 250, 250, 250, 250, 251, 250, 250, 250, 250, 251, 251, 250, 250, 250, 250, 250, 251, 250, 250, 250, 250, 250, 250, 250, 251, 250, 250, 250, 250, 250, 251, 250, 250, 251, 250, 250, 251, 250, 250, 250, 251, 250, 250, 251, 250, 250, 250, 251, 250, 250, 250, 251, 250, 250, 250, 250, 250, 250, 250, 251, 250, 250, 250, 250, 250, 250, 250, 250, 250, 250, 250, 250, 250, 250, 250, 250, 250, 250, 251, 250, 250, 250, 251, 250, 250, 251, 251];Eredmények csoportosítva;{250: 83, 251: 17}
FFDGroups-gn10-rt100; ;Átlag;249.32;Összes futási eredmény;[249, 250, 249, 250, 249, 249, 249, 250, 250, 249, 250, 249, 249, 249, 249, 249, 249, 249, 249, 250, 250, 249, 249, 250, 249, 249, 249, 249, 250, 249, 249, 250, 249, 249, 249, 250, 249, 249, 249, 249, 249, 250, 249, 249, 249, 249, 250, 250, 249, 249, 250, 249, 250, 250, 249, 249, 249, 250, 250, 250, 250, 250, 249, 249, 249, 250, 249, 249, 250, 249, 249, 249, 249, 249, 249, 249, 249, 249, 250, 249, 249, 249, 250, 249, 249, 249, 249, 250, 249, 250, 249, 249, 250, 249, 250, 249, 249, 249, 250, 250];Eredmények csoportosítva;{249: 68, 250: 32}
FFDGroups-gn20-rt100; ;Átlag;249.0;Összes futási eredmény;[249, 249, 249, 249, 249, 249, 249, 249, 249, 249, 249, 249, 249, 249, 249, 249, 249, 249, 249, 249, 249, 249, 249, 249, 249, 249, 249, 249, 249, 249, 249, 249, 249, 249, 249, 249, 249, 249, 249, 249, 249, 249, 249, 249, 249, 249, 249, 249, 249, 249, 249, 249, 249, 249, 249, 249, 249, 249, 249, 249, 249, 249, 249, 249, 249, 249, 249, 249, 249, 249, 249, 249, 249, 249, 249, 249, 249, 249, 249, 249, 249, 249, 249, 249, 249, 249, 249, 249, 249, 249, 249, 249, 249, 249, 249, 249, 249, 249, 249, 249];Eredmények csoportosítva;{249: 100}
FFDBG-gn4-bx4-rt100; ;Átlag;249.0;Összes futási eredmény;[249, 249, 249, 249, 249, 249, 249, 249, 249, 249, 249, 249, 249, 249, 249, 249, 249, 249, 249, 249, 249, 249, 249, 249, 249, 249, 249, 249, 249, 249, 249, 249, 249, 249, 249, 249, 249, 249, 249, 249, 249, 249, 249, 249, 249, 249, 249, 249, 249, 249, 249, 249, 249, 249, 249, 249, 249, 249, 249, 249, 249, 249, 249, 249, 249, 249, 249, 249, 249, 249, 249, 249, 249, 249, 249, 249, 249, 249, 249, 249, 249, 249, 249, 249, 249, 249, 249, 249, 249, 249, 249, 249, 249, 249, 249, 249, 249, 249, 249, 249];Eredmények csoportosítva;{249: 100}
FFDBG-gn6-bx4-rt100; ;Átlag;249.0;Összes futási eredmény;[249, 249, 249, 249, 249, 249, 249, 249, 249, 249, 249, 249, 249, 249, 249, 249, 249, 249, 249, 249, 249, 249, 249, 249, 249, 249, 249, 249, 249, 249, 249, 249, 249, 249, 249, 249, 249, 249, 249, 249, 249, 249, 249, 249, 249, 249, 249, 249, 249, 249, 249, 249, 249, 249, 249, 249, 249, 249, 249, 249, 249, 249, 249, 249, 249, 249, 249, 249, 249, 249, 249, 249, 249, 249, 249, 249, 249, 249, 249, 249, 249, 249, 249, 249, 249, 249, 249, 249, 249, 249, 249, 249, 249, 249, 249, 249, 249, 249, 249, 249];Eredmények csoportosítva;{249: 100}
FFDBG-gn5-bx3-rt100; ;Átlag;249.0;Összes futási eredmény;[249, 249, 249, 249, 249, 249, 249, 249, 249, 249, 249, 249, 249, 249, 249, 249, 249, 249, 249, 249, 249, 249, 249, 249, 249, 249, 249, 249, 249, 249, 249, 249, 249, 249, 249, 249, 249, 249, 249, 249, 249, 249, 249, 249, 249, 249, 249, 249, 249, 249, 249, 249, 249, 249, 249, 249, 249, 249, 249, 249, 249, 249, 249, 249, 249, 249, 249, 249, 249, 249, 249, 249, 249, 249, 249, 249, 249, 249, 249, 249, 249, 249, 249, 249, 249, 249, 249, 249, 249, 249, 249, 249, 249, 249, 249, 249, 249, 249, 249, 249];Eredmények csoportosítva;{249: 100}
FFDRatio-ra2-rt100; ;Átlag;257.26;Összes futási eredmény;[256, 257, 256, 255, 256, 257, 257, 258, 269, 257, 259, 256, 255, 255, 256, 256, 257, 256, 255, 260, 255, 257, 257, 257, 258, 256, 256, 259, 258, 258, 257, 255, 258, 257, 260, 256, 256, 257, 256, 258, 260, 269, 256, 257, 255, 263, 256, 256, 258, 258, 256, 256, 256, 256, 257, 258, 257, 257, 256, 255, 257, 256, 256, 262, 255, 256, 257, 258, 257, 259, 257, 256, 256, 256, 255, 258, 258, 258, 256, 260, 263, 255, 256, 257, 257, 256, 255, 257, 256, 256, 255, 261, 255, 255, 254, 258, 259, 255, 272, 255];Eredmények csoportosítva;{256: 31, 257: 22, 255: 17, 258: 14, 269: 2, 259: 4, 260: 4, 263: 2, 262: 1, 261: 1, 254: 1, 272: 1}
FFDRatio-ra5-rt100; ;Átlag;254.1;Összes futási eredmény;[254, 254, 254, 254, 254, 254, 255, 254, 255, 254, 254, 255, 254, 254, 254, 254, 254, 254, 254, 254, 254, 255, 254, 254, 254, 254, 254, 254, 255, 254, 255, 254, 255, 254, 254, 254, 254, 255, 255, 254, 253, 254, 254, 254, 254, 254, 254, 254, 254, 254, 254, 254, 254, 254, 254, 254, 255, 254, 255, 254, 254, 254, 254, 254, 254, 254, 254, 253, 254, 254, 254, 254, 254, 254, 254, 254, 254, 254, 254, 254, 254, 255, 254, 254, 254, 254, 254, 254, 254, 254, 254, 254, 254, 254, 254, 254, 253, 254, 254, 255];Eredmények csoportosítva;{254: 84, 255: 13, 253: 3}
FFDRatio-ra10-rt100; ;Átlag;251.37;Összes futási eredmény;[251, 252, 251, 251, 252, 252, 251, 252, 252, 251, 252, 252, 251, 252, 251, 251, 252, 251, 251, 251, 252, 252, 251, 251, 252, 252, 252, 252, 251, 251, 251, 251, 251, 252, 252, 251, 251, 252, 252, 252, 252, 251, 251, 251, 251, 251, 251, 251, 252, 251, 251, 251, 251, 252, 251, 251, 251, 251, 251, 252, 251, 251, 251, 251, 252, 252, 252, 252, 252, 251, 251, 251, 251, 251, 251, 251, 251, 251, 252, 252, 251, 251, 251, 251, 251, 251, 251, 251, 252, 252, 252, 251, 251, 251, 252, 251, 251, 251, 252, 252];Eredmények csoportosítva;{251: 63, 252: 37}
FFDRatio-ra15-rt100; ;Átlag;250.29;Összes futási eredmény;[250, 250, 250, 251, 250, 251, 250, 251, 250, 251, 251, 250, 250, 250, 250, 251, 251, 250, 251, 250, 250, 250, 250, 250, 251, 250, 251, 250, 250, 251, 250, 250, 250, 250, 251, 250, 251, 250, 250, 251, 251, 250, 251, 250, 250, 250, 250, 250, 250, 250, 250, 251, 250, 250, 251, 250, 250, 250, 250, 251, 250, 250, 251, 250, 251, 250, 250, 250, 250, 250, 250, 250, 250, 250, 250, 250, 251, 251, 250, 250, 251, 250, 250, 250, 250, 250, 250, 251, 251, 250, 251, 250, 250, 250, 251, 250, 250, 251, 250, 250];Eredmények csoportosítva;{250: 71, 251: 29}
FFDVal-rt100; ;Átlag;259.02;Összes futási eredmény;[258, 260, 259, 261, 260, 260, 259, 259, 259, 258, 258, 258, 259, 261, 259, 258, 260, 259, 258, 259, 259, 258, 260, 258, 259, 259, 258, 259, 258, 259, 259, 259, 260, 259, 259, 259, 259, 258, 260, 259, 259, 259, 260, 257, 259, 258, 259, 260, 259, 260, 259, 259, 258, 259, 259, 259, 260, 259, 259, 260, 259, 259, 259, 259, 259, 258, 258, 259, 259, 259, 260, 260, 259, 259, 259, 259, 259, 259, 258, 259, 259, 260, 259, 259, 259, 258, 258, 259, 259, 260, 260, 259, 259, 260, 258, 259, 260, 260, 258, 259];Eredmények csoportosítva;{258: 20, 260: 20, 259: 57, 261: 2, 257: 1}
L2NotDet-gp1-rn50; ;Átlag;249.0;Összes futási eredmény;[249, 249, 249, 249, 249, 249, 249, 249, 249, 249, 249, 249, 249, 249, 249, 249, 249, 249, 249, 249, 249, 249, 249, 249, 249, 249, 249, 249, 249, 249, 249, 249, 249, 249, 249, 249, 249, 249, 249, 249, 249, 249, 249, 249, 249, 249, 249, 249, 249, 249];Eredmények csoportosítva;{249: 50}
L2NotDet-gp3-rn50; ;Átlag;249.0;Összes futási eredmény;[249, 249, 249, 249, 249, 249, 249, 249, 249, 249, 249, 249, 249, 249, 249, 249, 249, 249, 249, 249, 249, 249, 249, 249, 249, 249, 249, 249, 249, 249, 249, 249, 249, 249, 249, 249, 249, 249, 249, 249, 249, 249, 249, 249, 249, 249, 249, 249, 249, 249];Eredmények csoportosítva;{249: 50}
L2NotDet-gp5-rn50; ;Átlag;249.0;Összes futási eredmény;[249, 249, 249, 249, 249, 249, 249, 249, 249, 249, 249, 249, 249, 249, 249, 249, 249, 249, 249, 249, 249, 249, 249, 249, 249, 249, 249, 249, 249, 249, 249, 249, 249, 249, 249, 249, 249, 249, 249, 249, 249, 249, 249, 249, 249, 249, 249, 249, 249, 249];Eredmények csoportosítva;{249: 50}
