Alsó Korlát;99
FFD-bin-sum;103
FFD-bin-avg;103
FFD-bin-prod;103
FFD-item-sum;101
FFD-item-avg;101
FFD-item-prod;101
dotP-gp1;101
dotP-gp2;101
dotP-gp3;101
dotP-gp4;101
L2-gp1;101
L2-gp2;101
L2-gp3;101
L2-gp4;101
FFDRev;101
FFDRevAdv;101
FFDMP-1.0;101
FFDMP-0.9;101
FFDMP-0.8;101
FFDMP-0.75;101
FFDBox-bx3-rt100; ;Átlag;100.75;Összes futási eredmény;[100, 101, 101, 100, 101, 101, 100, 101, 101, 100, 100, 101, 101, 101, 100, 101, 101, 101, 101, 101, 101, 101, 100, 101, 101, 100, 100, 101, 101, 101, 101, 100, 101, 101, 100, 101, 100, 100, 100, 101, 100, 101, 101, 101, 101, 100, 101, 101, 101, 101, 101, 101, 100, 101, 101, 100, 101, 101, 101, 101, 100, 101, 101, 101, 101, 101, 101, 101, 101, 100, 100, 101, 101, 100, 101, 101, 101, 101, 101, 101, 101, 100, 101, 101, 101, 100, 101, 101, 101, 101, 101, 101, 101, 101, 101, 101, 100, 101, 101, 101];Eredmények csoportosítva;{100: 25, 101: 75}
FFDBox-bx4-rt100; ;Átlag;100.61;Összes futási eredmény;[100, 101, 100, 100, 101, 101, 101, 100, 100, 100, 101, 100, 101, 100, 101, 101, 100, 101, 100, 101, 100, 101, 101, 100, 101, 100, 101, 100, 101, 100, 101, 100, 101, 101, 100, 100, 101, 100, 100, 101, 101, 101, 101, 100, 101, 101, 101, 101, 101, 101, 100, 100, 101, 101, 101, 101, 101, 101, 100, 100, 101, 101, 101, 100, 100, 101, 100, 100, 101, 101, 101, 101, 101, 101, 101, 100, 100, 101, 101, 101, 101, 101, 100, 100, 101, 100, 101, 101, 101, 100, 100, 101, 100, 101, 101, 101, 101, 100, 100, 101];Eredmények csoportosítva;{100: 39, 101: 61}
FFDBox-bx5-rt100; ;Átlag;100.59;Összes futási eredmény;[101, 101, 101, 100, 101, 100, 101, 101, 101, 100, 101, 101, 101, 101, 100, 101, 101, 101, 101, 100, 101, 100, 101, 101, 101, 100, 101, 101, 101, 101, 101, 100, 100, 100, 100, 101, 100, 100, 100, 101, 100, 101, 101, 100, 100, 100, 100, 100, 101, 100, 101, 100, 100, 100, 101, 101, 101, 101, 100, 101, 100, 101, 101, 101, 101, 100, 100, 101, 101, 101, 100, 100, 101, 101, 100, 101, 100, 101, 100, 100, 100, 101, 100, 101, 100, 100, 101, 100, 101, 100, 101, 101, 101, 101, 100, 101, 101, 101, 101, 101];Eredmények csoportosítva;{101: 59, 100: 41}
FFDBox-bx6-rt100; ;Átlag;100.54;Összes futási eredmény;[100, 100, 101, 101, 100, 100, 100, 101, 100, 101, 100, 100, 101, 101, 101, 100, 100, 100, 101, 101, 101, 101, 100, 100, 101, 100, 100, 100, 101, 101, 101, 101, 101, 100, 101, 101, 100, 100, 100, 100, 100, 101, 101, 101, 100, 101, 101, 101, 100, 101, 101, 100, 101, 101, 101, 101, 101, 101, 100, 101, 101, 101, 101, 101, 100, 100, 101, 100, 100, 100, 100, 101, 100, 100, 100, 101, 100, 101, 101, 101, 100, 100, 101, 100, 101, 101, 101, 100, 100, 101, 101, 100, 101, 100, 101, 100, 100, 101, 100, 101];Eredmények csoportosítva;{100: 46, 101: 54}
FFDGroups-gn4-rt100; ;Átlag;101.1;Összes futási eredmény;[101, 101, 101, 101, 101, 101, 101, 101, 101, 101, 101, 101, 101, 101, 101, 102, 102, 101, 101, 101, 101, 101, 101, 101, 101, 101, 102, 101, 101, 102, 101, 102, 101, 101, 101, 102, 101, 101, 101, 101, 101, 101, 101, 102, 101, 101, 101, 101, 101, 101, 101, 101, 101, 101, 101, 101, 101, 101, 101, 101, 101, 101, 101, 101, 101, 101, 101, 101, 101, 101, 101, 101, 101, 102, 101, 101, 101, 101, 101, 101, 101, 101, 101, 101, 101, 102, 101, 102, 101, 101, 101, 101, 101, 101, 101, 101, 101, 101, 101, 101];Eredmények csoportosítva;{101: 90, 102: 10}
FFDGroups-gn6-rt100; ;Átlag;101.01;Összes futási eredmény;[101, 101, 101, 101, 101, 101, 101, 101, 101, 101, 101, 101, 101, 101, 101, 101, 101, 101, 101, 101, 101, 101, 101, 101, 101, 101, 101, 101, 101, 101, 101, 101, 101, 101, 101, 101, 101, 101, 101, 101, 101, 101, 101, 101, 101, 101, 101, 101, 101, 101, 101, 101, 101, 101, 101, 101, 101, 101, 101, 101, 101, 101, 101, 101, 101, 102, 101, 101, 101, 101, 101, 101, 101, 101, 101, 101, 101, 101, 101, 101, 101, 101, 101, 101, 101, 101, 101, 101, 101, 101, 101, 101, 101, 101, 101, 101, 101, 101, 101, 101];Eredmények csoportosítva;{101: 99, 102: 1}
FFDGroups-gn10-rt100; ;Átlag;100.95;Összes futási eredmény;[101, 101, 101, 101, 101, 101, 101, 100, 101, 101, 101, 101, 101, 101, 101, 101, 101, 101, 101, 101, 100, 101, 101, 101, 101, 101, 101, 101, 101, 101, 101, 101, 101, 101, 101, 101, 101, 101, 100, 101, 101, 101, 101, 101, 101, 101, 101, 101, 101, 101, 101, 101, 101, 101, 101, 101, 101, 101, 101, 101, 101, 101, 101, 101, 101, 101, 101, 101, 101, 101, 101, 101, 101, 101, 101, 100, 101, 101, 101, 101, 101, 101, 101, 101, 101, 100, 101, 101, 101, 101, 101, 101, 101, 101, 101, 101, 101, 101, 101, 101];Eredmények csoportosítva;{101: 95, 100: 5}
FFDGroups-gn20-rt100; ;Átlag;100.65;Összes futási eredmény;[100, 100, 101, 100, 101, 101, 101, 100, 101, 101, 101, 101, 101, 101, 101, 101, 101, 100, 101, 101, 100, 101, 100, 100, 101, 101, 101, 101, 101, 100, 101, 101, 101, 101, 101, 101, 100, 100, 100, 101, 100, 100, 100, 100, 100, 100, 101, 101, 100, 101, 100, 101, 100, 101, 100, 101, 100, 101, 101, 100, 101, 101, 101, 101, 101, 101, 101, 101, 101, 101, 100, 101, 101, 100, 100, 101, 101, 100, 101, 101, 101, 100, 100, 101, 101, 100, 101, 101, 100, 101, 101, 101, 101, 100, 101, 101, 100, 101, 100, 101];Eredmények csoportosítva;{100: 35, 101: 65}
FFDBG-gn4-bx4-rt100; ;Átlag;100.59;Összes futási eredmény;[100, 100, 101, 100, 101, 100, 101, 101, 101, 101, 100, 100, 101, 101, 101, 101, 100, 100, 101, 100, 101, 101, 100, 100, 100, 100, 101, 101, 101, 101, 101, 101, 101, 101, 101, 101, 101, 101, 101, 101, 100, 100, 100, 100, 101, 100, 100, 101, 101, 101, 100, 101, 100, 101, 101, 101, 101, 100, 100, 100, 101, 101, 101, 100, 101, 101, 100, 100, 101, 101, 100, 101, 100, 100, 101, 100, 101, 101, 101, 100, 100, 100, 100, 101, 101, 101, 101, 101, 100, 100, 100, 101, 101, 101, 101, 100, 100, 101, 101, 100];Eredmények csoportosítva;{100: 41, 101: 59}
FFDBG-gn6-bx4-rt100; ;Átlag;100.77;Összes futási eredmény;[101, 100, 101, 100, 101, 101, 101, 100, 101, 101, 101, 101, 101, 101, 101, 101, 101, 101, 101, 101, 100, 101, 101, 101, 101, 101, 101, 100, 101, 101, 101, 101, 101, 101, 101, 101, 100, 101, 101, 101, 101, 101, 101, 101, 101, 101, 101, 101, 101, 101, 101, 100, 101, 101, 101, 100, 101, 101, 101, 100, 101, 101, 100, 101, 100, 101, 100, 101, 101, 101, 101, 101, 101, 100, 100, 101, 101, 101, 100, 100, 101, 100, 101, 101, 101, 100, 101, 101, 100, 101, 100, 101, 101, 101, 101, 101, 100, 101, 100, 100];Eredmények csoportosítva;{101: 77, 100: 23}
FFDBG-gn5-bx3-rt100; ;Átlag;100.74;Összes futási eredmény;[100, 101, 101, 101, 101, 100, 101, 101, 100, 101, 101, 101, 101, 101, 101, 101, 101, 100, 100, 100, 101, 101, 100, 101, 101, 101, 101, 101, 101, 101, 101, 101, 101, 101, 101, 101, 101, 101, 100, 100, 101, 100, 101, 101, 101, 100, 101, 100, 101, 101, 100, 101, 100, 101, 101, 101, 101, 101, 100, 100, 100, 101, 101, 101, 101, 101, 100, 101, 100, 101, 101, 100, 100, 101, 101, 101, 101, 101, 101, 100, 101, 100, 101, 101, 101, 101, 101, 101, 101, 101, 101, 100, 101, 100, 101, 101, 101, 100, 101, 101];Eredmények csoportosítva;{100: 26, 101: 74}
FFDRatio-ra2-rt100; ;Átlag;105.76;Összes futási eredmény;[105, 103, 103, 108, 103, 109, 103, 111, 104, 106, 112, 112, 107, 103, 108, 102, 103, 107, 111, 103, 104, 104, 111, 105, 106, 103, 104, 105, 107, 103, 104, 104, 103, 105, 104, 109, 104, 109, 111, 107, 109, 104, 103, 104, 103, 104, 107, 110, 104, 104, 108, 105, 103, 105, 104, 104, 108, 107, 103, 107, 107, 107, 113, 110, 103, 110, 103, 103, 108, 105, 103, 104, 104, 102, 108, 106, 104, 108, 110, 108, 103, 102, 105, 103, 105, 105, 102, 110, 112, 105, 111, 103, 104, 104, 108, 105, 103, 105, 107, 107];Eredmények csoportosítva;{105: 13, 103: 22, 108: 9, 109: 4, 111: 5, 104: 20, 106: 3, 112: 3, 107: 11, 102: 4, 110: 5, 113: 1}
FFDRatio-ra5-rt100; ;Átlag;102.32;Összes futási eredmény;[103, 102, 102, 102, 102, 102, 102, 103, 103, 102, 102, 102, 102, 102, 103, 102, 102, 102, 103, 103, 102, 103, 102, 103, 102, 102, 102, 102, 103, 102, 102, 102, 102, 102, 103, 102, 103, 102, 103, 102, 102, 102, 102, 102, 103, 102, 103, 102, 102, 102, 102, 103, 102, 103, 102, 102, 102, 102, 103, 102, 102, 102, 103, 103, 102, 102, 102, 102, 102, 102, 103, 102, 102, 102, 103, 102, 103, 102, 102, 102, 103, 102, 102, 102, 102, 103, 102, 103, 103, 103, 103, 102, 102, 103, 103, 103, 102, 103, 102, 102];Eredmények csoportosítva;{103: 32, 102: 68}
FFDRatio-ra10-rt100; ;Átlag;101.74;Összes futási eredmény;[101, 102, 102, 102, 102, 101, 102, 102, 101, 102, 102, 102, 101, 102, 102, 101, 102, 102, 102, 102, 102, 102, 102, 102, 102, 102, 102, 101, 102, 102, 101, 102, 102, 102, 102, 101, 101, 102, 102, 101, 102, 102, 102, 102, 102, 101, 102, 102, 102, 102, 102, 101, 102, 101, 102, 102, 102, 102, 102, 102, 101, 102, 102, 101, 102, 102, 102, 102, 101, 101, 101, 101, 101, 102, 102, 102, 101, 102, 102, 102, 101, 102, 102, 102, 102, 102, 102, 101, 102, 102, 102, 101, 102, 102, 102, 102, 102, 101, 101, 102];Eredmények csoportosítva;{101: 26, 102: 74}
FFDRatio-ra15-rt100; ;Átlag;101.06;Összes futási eredmény;[101, 101, 101, 101, 101, 101, 102, 101, 101, 101, 101, 101, 102, 101, 101, 101, 101, 101, 101, 101, 101, 101, 101, 101, 101, 101, 101, 101, 101, 101, 101, 102, 101, 101, 101, 101, 101, 101, 101, 101, 101, 101, 101, 101, 101, 101, 101, 101, 102, 101, 101, 101, 101, 101, 101, 101, 101, 101, 101, 101, 101, 101, 101, 101, 101, 101, 101, 101, 101, 101, 101, 101, 101, 101, 101, 101, 101, 101, 101, 101, 101, 101, 101, 101, 101, 102, 101, 101, 101, 101, 101, 101, 102, 101, 101, 101, 101, 101, 101, 101];Eredmények csoportosítva;{101: 94, 102: 6}
FFDVal-rt100; ;Átlag;104.97;Összes futási eredmény;[105, 105, 105, 105, 105, 105, 105, 105, 105, 105, 106, 105, 105, 105, 105, 105, 105, 105, 105, 105, 105, 105, 104, 105, 105, 105, 104, 105, 105, 105, 105, 104, 105, 105, 105, 105, 105, 105, 105, 105, 105, 105, 105, 105, 105, 105, 105, 105, 106, 105, 105, 105, 105, 104, 104, 105, 105, 105, 105, 106, 105, 105, 106, 105, 105, 104, 105, 105, 105, 105, 105, 105, 105, 105, 105, 105, 105, 105, 105, 105, 105, 105, 105, 105, 105, 105, 105, 105, 105, 105, 105, 105, 104, 105, 105, 105, 105, 105, 105, 105];Eredmények csoportosítva;{105: 89, 106: 4, 104: 7}
L2NotDet-gp1-rn50; ;Átlag;101.0;Összes futási eredmény;[101, 101, 101, 101, 101, 101, 101, 101, 101, 101, 101, 101, 101, 101, 101, 101, 101, 101, 101, 101, 101, 101, 101, 101, 101, 101, 101, 101, 101, 101, 101, 101, 101, 101, 101, 101, 101, 101, 101, 101, 101, 101, 101, 101, 101, 101, 101, 101, 101, 101];Eredmények csoportosítva;{101: 50}
L2NotDet-gp3-rn50; ;Átlag;100.76;Összes futási eredmény;[101, 100, 101, 101, 100, 100, 101, 101, 101, 101, 101, 101, 101, 101, 101, 101, 101, 100, 101, 101, 101, 101, 101, 101, 101, 100, 101, 100, 101, 100, 100, 100, 101, 100, 101, 100, 101, 101, 101, 101, 101, 101, 101, 101, 101, 101, 101, 100, 101, 101];Eredmények csoportosítva;{101: 38, 100: 12}
L2NotDet-gp5-rn50; ;Átlag;100.84;Összes futási eredmény;[100, 101, 100, 101, 101, 100, 101, 101, 101, 101, 101, 101, 101, 100, 101, 101, 101, 101, 101, 101, 100, 101, 101, 101, 101, 101, 101, 101, 101, 101, 101, 101, 101, 101, 100, 101, 101, 101, 101, 101, 101, 100, 101, 100, 101, 101, 101, 101, 101, 101];Eredmények csoportosítva;{100: 8, 101: 42}
Alsó Korlát;99
Alsó Korlát;99
Alsó Korlát;99
