Alsó Korlát;26
FFD-bin-sum;28
FFD-bin-avg;28
FFD-bin-prod;28
FFD-item-sum;26
FFD-item-avg;26
FFD-item-prod;26
dotP-gp1;26
dotP-gp2;26
dotP-gp3;26
dotP-gp4;27
dotP-gp5;27
L2-gp1;26
L2-gp2;26
L2-gp3;26
L2-gp4;27
L2-gp5;27
FFDRev;29
FFDRevAdv;29
FFDMP-1.0;26
FFDMP-0.9;26
FFDMP-0.8;26
FFDMP-0.75;26
FFDBG-gn3-bx5-rt100; ;Átlag;26.0;Összes futási eredmény;[26, 26, 26, 26, 26, 26, 26, 26, 26, 26, 26, 26, 26, 26, 26, 26, 26, 26, 26, 26, 26, 26, 26, 26, 26, 26, 26, 26, 26, 26, 26, 26, 26, 26, 26, 26, 26, 26, 26, 26, 26, 26, 26, 26, 26, 26, 26, 26, 26, 26, 26, 26, 26, 26, 26, 26, 26, 26, 26, 26, 26, 26, 26, 26, 26, 26, 26, 26, 26, 26, 26, 26, 26, 26, 26, 26, 26, 26, 26, 26, 26, 26, 26, 26, 26, 26, 26, 26, 26, 26, 26, 26, 26, 26, 26, 26, 26, 26, 26, 26];Eredmények csoportosítva;{26: 100}
FFDBG-gn3-bx3-rt100; ;Átlag;26.0;Összes futási eredmény;[26, 26, 26, 26, 26, 26, 26, 26, 26, 26, 26, 26, 26, 26, 26, 26, 26, 26, 26, 26, 26, 26, 26, 26, 26, 26, 26, 26, 26, 26, 26, 26, 26, 26, 26, 26, 26, 26, 26, 26, 26, 26, 26, 26, 26, 26, 26, 26, 26, 26, 26, 26, 26, 26, 26, 26, 26, 26, 26, 26, 26, 26, 26, 26, 26, 26, 26, 26, 26, 26, 26, 26, 26, 26, 26, 26, 26, 26, 26, 26, 26, 26, 26, 26, 26, 26, 26, 26, 26, 26, 26, 26, 26, 26, 26, 26, 26, 26, 26, 26];Eredmények csoportosítva;{26: 100}
FFDBG-gn4-bx5-rt100; ;Átlag;26.01;Összes futási eredmény;[26, 26, 26, 26, 26, 26, 26, 27, 26, 26, 26, 26, 26, 26, 26, 26, 26, 26, 26, 26, 26, 26, 26, 26, 26, 26, 26, 26, 26, 26, 26, 26, 26, 26, 26, 26, 26, 26, 26, 26, 26, 26, 26, 26, 26, 26, 26, 26, 26, 26, 26, 26, 26, 26, 26, 26, 26, 26, 26, 26, 26, 26, 26, 26, 26, 26, 26, 26, 26, 26, 26, 26, 26, 26, 26, 26, 26, 26, 26, 26, 26, 26, 26, 26, 26, 26, 26, 26, 26, 26, 26, 26, 26, 26, 26, 26, 26, 26, 26, 26];Eredmények csoportosítva;{26: 99, 27: 1}
FFDBG-gn4-bx4-rt100; ;Átlag;26.0;Összes futási eredmény;[26, 26, 26, 26, 26, 26, 26, 26, 26, 26, 26, 26, 26, 26, 26, 26, 26, 26, 26, 26, 26, 26, 26, 26, 26, 26, 26, 26, 26, 26, 26, 26, 26, 26, 26, 26, 26, 26, 26, 26, 26, 26, 26, 26, 26, 26, 26, 26, 26, 26, 26, 26, 26, 26, 26, 26, 26, 26, 26, 26, 26, 26, 26, 26, 26, 26, 26, 26, 26, 26, 26, 26, 26, 26, 26, 26, 26, 26, 26, 26, 26, 26, 26, 26, 26, 26, 26, 26, 26, 26, 26, 26, 26, 26, 26, 26, 26, 26, 26, 26];Eredmények csoportosítva;{26: 100}
FFDBG-gn5-bx3-rt100; ;Átlag;26.0;Összes futási eredmény;[26, 26, 26, 26, 26, 26, 26, 26, 26, 26, 26, 26, 26, 26, 26, 26, 26, 26, 26, 26, 26, 26, 26, 26, 26, 26, 26, 26, 26, 26, 26, 26, 26, 26, 26, 26, 26, 26, 26, 26, 26, 26, 26, 26, 26, 26, 26, 26, 26, 26, 26, 26, 26, 26, 26, 26, 26, 26, 26, 26, 26, 26, 26, 26, 26, 26, 26, 26, 26, 26, 26, 26, 26, 26, 26, 26, 26, 26, 26, 26, 26, 26, 26, 26, 26, 26, 26, 26, 26, 26, 26, 26, 26, 26, 26, 26, 26, 26, 26, 26];Eredmények csoportosítva;{26: 100}
FFDBox-bx3-rt100; ;Átlag;26.0;Összes futási eredmény;[26, 26, 26, 26, 26, 26, 26, 26, 26, 26, 26, 26, 26, 26, 26, 26, 26, 26, 26, 26, 26, 26, 26, 26, 26, 26, 26, 26, 26, 26, 26, 26, 26, 26, 26, 26, 26, 26, 26, 26, 26, 26, 26, 26, 26, 26, 26, 26, 26, 26, 26, 26, 26, 26, 26, 26, 26, 26, 26, 26, 26, 26, 26, 26, 26, 26, 26, 26, 26, 26, 26, 26, 26, 26, 26, 26, 26, 26, 26, 26, 26, 26, 26, 26, 26, 26, 26, 26, 26, 26, 26, 26, 26, 26, 26, 26, 26, 26, 26, 26];Eredmények csoportosítva;{26: 100}
FFDBox-bx4-rt100; ;Átlag;26.0;Összes futási eredmény;[26, 26, 26, 26, 26, 26, 26, 26, 26, 26, 26, 26, 26, 26, 26, 26, 26, 26, 26, 26, 26, 26, 26, 26, 26, 26, 26, 26, 26, 26, 26, 26, 26, 26, 26, 26, 26, 26, 26, 26, 26, 26, 26, 26, 26, 26, 26, 26, 26, 26, 26, 26, 26, 26, 26, 26, 26, 26, 26, 26, 26, 26, 26, 26, 26, 26, 26, 26, 26, 26, 26, 26, 26, 26, 26, 26, 26, 26, 26, 26, 26, 26, 26, 26, 26, 26, 26, 26, 26, 26, 26, 26, 26, 26, 26, 26, 26, 26, 26, 26];Eredmények csoportosítva;{26: 100}
FFDBox-bx5-rt100; ;Átlag;26.01;Összes futási eredmény;[26, 26, 26, 26, 26, 26, 26, 26, 26, 26, 26, 26, 26, 26, 26, 26, 26, 26, 26, 26, 26, 26, 26, 26, 26, 26, 26, 26, 26, 26, 26, 26, 26, 26, 26, 26, 26, 26, 26, 26, 26, 26, 26, 26, 26, 26, 26, 26, 26, 26, 26, 26, 26, 26, 26, 26, 26, 26, 26, 26, 26, 26, 26, 26, 26, 26, 26, 26, 26, 26, 26, 26, 26, 26, 26, 26, 26, 26, 26, 26, 26, 26, 26, 27, 26, 26, 26, 26, 26, 26, 26, 26, 26, 26, 26, 26, 26, 26, 26, 26];Eredmények csoportosítva;{26: 99, 27: 1}
FFDBox-bx6-rt100; ;Átlag;26.06;Összes futási eredmény;[26, 26, 26, 27, 26, 26, 26, 26, 26, 26, 26, 26, 26, 26, 26, 26, 26, 26, 26, 26, 26, 26, 26, 26, 26, 26, 26, 26, 26, 26, 26, 26, 26, 26, 26, 26, 26, 26, 26, 26, 26, 26, 27, 26, 26, 26, 26, 27, 26, 26, 26, 26, 26, 26, 26, 27, 26, 26, 26, 26, 26, 26, 26, 26, 26, 26, 26, 26, 26, 26, 26, 26, 26, 26, 26, 26, 26, 26, 26, 26, 26, 26, 26, 26, 26, 26, 26, 27, 26, 26, 26, 26, 26, 26, 26, 26, 26, 26, 26, 27];Eredmények csoportosítva;{26: 94, 27: 6}
FFDGroups-gn3-rt100; ;Átlag;26.44;Összes futási eredmény;[27, 26, 26, 27, 27, 26, 26, 27, 26, 26, 27, 26, 26, 27, 27, 26, 26, 26, 26, 27, 26, 26, 27, 27, 26, 27, 26, 27, 27, 26, 26, 27, 27, 26, 26, 26, 26, 26, 26, 26, 27, 26, 26, 27, 26, 26, 27, 27, 26, 27, 26, 27, 27, 26, 27, 27, 26, 27, 27, 26, 26, 26, 26, 27, 26, 27, 26, 26, 26, 27, 26, 26, 27, 26, 26, 26, 26, 26, 27, 26, 26, 27, 27, 27, 26, 27, 27, 26, 27, 26, 27, 27, 27, 26, 27, 27, 27, 27, 26, 26];Eredmények csoportosítva;{27: 44, 26: 56}
FFDGroups-gn4-rt100; ;Átlag;26.55;Összes futási eredmény;[27, 26, 27, 26, 26, 27, 27, 27, 27, 27, 26, 27, 27, 26, 26, 26, 27, 27, 26, 26, 26, 27, 27, 26, 27, 27, 26, 27, 27, 26, 27, 26, 27, 27, 27, 26, 26, 27, 27, 26, 27, 26, 26, 27, 27, 27, 27, 26, 26, 27, 27, 27, 27, 27, 27, 26, 26, 27, 27, 26, 26, 27, 26, 26, 27, 27, 26, 27, 26, 27, 26, 26, 27, 26, 27, 27, 26, 26, 26, 27, 26, 26, 26, 27, 26, 27, 27, 26, 27, 27, 26, 27, 26, 27, 27, 26, 26, 26, 27, 27];Eredmények csoportosítva;{27: 55, 26: 45}
FFDGroups-gn5-rt100; ;Átlag;26.5;Összes futási eredmény;[27, 26, 26, 27, 27, 26, 26, 27, 26, 27, 27, 26, 26, 27, 27, 26, 26, 26, 26, 26, 27, 27, 27, 27, 27, 26, 27, 26, 26, 26, 26, 26, 26, 26, 27, 27, 27, 27, 27, 26, 27, 26, 26, 27, 26, 26, 27, 26, 27, 26, 26, 27, 26, 27, 27, 26, 27, 26, 26, 27, 27, 27, 27, 26, 26, 26, 27, 27, 27, 26, 26, 27, 27, 26, 26, 27, 27, 26, 26, 26, 27, 27, 27, 26, 27, 27, 27, 26, 27, 26, 26, 27, 26, 26, 27, 26, 26, 27, 27, 27];Eredmények csoportosítva;{27: 50, 26: 50}
FFDGroups-gn6-rt100; ;Átlag;26.56;Összes futási eredmény;[27, 26, 27, 27, 26, 26, 27, 27, 26, 27, 27, 27, 26, 26, 27, 26, 26, 27, 27, 26, 27, 26, 26, 26, 26, 27, 27, 27, 26, 27, 26, 26, 26, 26, 27, 27, 27, 26, 26, 27, 27, 27, 26, 27, 27, 27, 26, 26, 27, 26, 26, 27, 27, 27, 26, 27, 26, 26, 27, 26, 27, 26, 26, 26, 26, 26, 27, 27, 27, 27, 27, 27, 27, 27, 26, 26, 27, 27, 27, 27, 26, 26, 27, 26, 26, 27, 27, 27, 27, 27, 27, 27, 26, 26, 26, 27, 26, 27, 27, 27];Eredmények csoportosítva;{27: 56, 26: 44}
FFDRatio-ra2-rt100; ;Átlag;28.42;Összes futási eredmény;[29, 29, 29, 27, 29, 30, 27, 28, 28, 29, 27, 29, 28, 28, 29, 27, 29, 28, 29, 29, 29, 30, 28, 29, 29, 29, 29, 29, 29, 29, 27, 27, 29, 29, 29, 28, 29, 28, 29, 28, 29, 29, 29, 29, 29, 27, 29, 28, 29, 29, 27, 27, 29, 29, 28, 29, 29, 27, 28, 29, 28, 29, 28, 29, 29, 29, 28, 29, 29, 28, 28, 29, 28, 29, 26, 28, 28, 29, 30, 28, 28, 26, 29, 29, 29, 28, 27, 29, 29, 29, 29, 29, 27, 28, 27, 27, 29, 28, 27, 29];Eredmények csoportosítva;{29: 55, 27: 15, 30: 3, 28: 25, 26: 2}
FFDRatio-ra3-rt100; ;Átlag;27.18;Összes futási eredmény;[27, 27, 27, 27, 27, 28, 27, 27, 27, 28, 27, 27, 27, 27, 28, 27, 27, 28, 28, 27, 27, 27, 27, 27, 27, 28, 27, 27, 28, 27, 27, 27, 27, 28, 27, 28, 27, 27, 27, 27, 27, 27, 28, 27, 27, 27, 27, 27, 27, 27, 28, 27, 28, 27, 27, 27, 27, 28, 27, 27, 27, 27, 27, 28, 27, 28, 27, 27, 27, 28, 27, 27, 27, 27, 27, 27, 27, 27, 27, 27, 28, 27, 27, 27, 27, 27, 27, 27, 27, 27, 27, 27, 27, 27, 27, 27, 27, 27, 28, 27];Eredmények csoportosítva;{27: 82, 28: 18}
FFDRatio-ra4-rt100; ;Átlag;27.09;Összes futási eredmény;[27, 27, 27, 28, 27, 27, 27, 27, 28, 27, 27, 27, 27, 27, 27, 27, 27, 27, 27, 28, 27, 27, 27, 27, 27, 27, 27, 27, 27, 27, 27, 28, 27, 27, 27, 27, 27, 27, 27, 27, 27, 27, 27, 28, 27, 27, 27, 27, 27, 27, 27, 27, 27, 27, 27, 27, 28, 27, 27, 27, 28, 27, 27, 28, 27, 27, 27, 27, 27, 27, 27, 27, 27, 27, 27, 27, 28, 27, 27, 27, 27, 27, 27, 27, 27, 27, 27, 27, 27, 27, 27, 27, 27, 27, 27, 27, 27, 27, 27, 27];Eredmények csoportosítva;{27: 91, 28: 9}
FFDRatio-ra5-rt100; ;Átlag;27.01;Összes futási eredmény;[27, 27, 27, 27, 27, 27, 27, 27, 27, 27, 27, 27, 27, 27, 27, 27, 27, 27, 27, 27, 28, 27, 27, 27, 27, 27, 27, 27, 27, 27, 27, 27, 27, 27, 27, 27, 27, 27, 27, 27, 27, 27, 27, 27, 27, 27, 27, 27, 27, 27, 27, 27, 27, 27, 27, 27, 27, 27, 27, 27, 27, 27, 27, 27, 27, 27, 27, 27, 27, 27, 27, 27, 27, 27, 27, 27, 27, 27, 27, 27, 27, 27, 27, 27, 27, 27, 27, 27, 27, 27, 27, 27, 27, 27, 27, 27, 27, 27, 27, 27];Eredmények csoportosítva;{27: 99, 28: 1}
FFDRatio-ra10-rt100; ;Átlag;26.83;Összes futási eredmény;[27, 27, 27, 27, 27, 27, 26, 27, 27, 27, 27, 27, 26, 27, 27, 27, 27, 27, 26, 27, 27, 27, 26, 27, 27, 27, 27, 27, 27, 27, 27, 26, 27, 27, 27, 27, 27, 27, 27, 27, 27, 27, 27, 27, 27, 26, 27, 27, 27, 27, 26, 27, 27, 27, 27, 27, 26, 27, 26, 27, 27, 27, 27, 27, 26, 26, 27, 27, 27, 27, 27, 26, 27, 27, 27, 27, 27, 27, 27, 27, 27, 27, 27, 27, 27, 26, 26, 27, 27, 26, 27, 27, 27, 26, 27, 27, 27, 27, 27, 26];Eredmények csoportosítva;{27: 83, 26: 17}
FFDVal-rt100; ;Átlag;27.28;Összes futási eredmény;[27, 28, 27, 27, 28, 28, 28, 27, 27, 28, 27, 28, 27, 27, 27, 28, 28, 28, 27, 27, 28, 27, 28, 28, 27, 27, 27, 27, 27, 27, 27, 28, 27, 28, 27, 28, 27, 28, 27, 27, 27, 27, 27, 27, 27, 27, 28, 27, 28, 28, 28, 27, 27, 27, 27, 28, 27, 27, 27, 28, 27, 28, 27, 27, 27, 27, 27, 27, 27, 27, 28, 27, 27, 27, 28, 27, 27, 27, 27, 27, 27, 27, 27, 27, 27, 27, 28, 27, 27, 27, 28, 28, 27, 27, 27, 27, 27, 27, 27, 27];Eredmények csoportosítva;{27: 72, 28: 28}
L2NotDet-gp1-rn25; ;Átlag;26.0;Összes futási eredmény;[26, 26, 26, 26, 26, 26, 26, 26, 26, 26, 26, 26, 26, 26, 26, 26, 26, 26, 26, 26, 26, 26, 26, 26, 26];Eredmények csoportosítva;{26: 25}
L2NotDet-gp3-rn25; ;Átlag;26.0;Összes futási eredmény;[26, 26, 26, 26, 26, 26, 26, 26, 26, 26, 26, 26, 26, 26, 26, 26, 26, 26, 26, 26, 26, 26, 26, 26, 26];Eredmények csoportosítva;{26: 25}
L2NotDet-gp5-rn25; ;Átlag;26.08;Összes futási eredmény;[27, 26, 26, 26, 26, 26, 26, 26, 26, 26, 26, 26, 26, 26, 26, 26, 26, 26, 26, 26, 26, 26, 26, 27, 26];Eredmények csoportosítva;{27: 2, 26: 23}
