Alsó Korlát;26
FFD-bin-sum;28
FFD-bin-avg;28
FFD-bin-prod;28
FFD-item-sum;26
FFD-item-avg;26
FFD-item-prod;26
dotP-gp1;26
dotP-gp2;26
dotP-gp3;26
dotP-gp4;26
dotP-gp5;27
L2-gp1;26
L2-gp2;26
L2-gp3;26
L2-gp4;26
L2-gp5;27
FFDRev;28
FFDRevAdv;28
FFDMP-1.0;26
FFDMP-0.9;26
FFDMP-0.8;26
FFDMP-0.75;26
FFDBG-gn3-bx5-rt100; ;Átlag;26.0;Összes futási eredmény;[26, 26, 26, 26, 26, 26, 26, 26, 26, 26, 26, 26, 26, 26, 26, 26, 26, 26, 26, 26, 26, 26, 26, 26, 26, 26, 26, 26, 26, 26, 26, 26, 26, 26, 26, 26, 26, 26, 26, 26, 26, 26, 26, 26, 26, 26, 26, 26, 26, 26, 26, 26, 26, 26, 26, 26, 26, 26, 26, 26, 26, 26, 26, 26, 26, 26, 26, 26, 26, 26, 26, 26, 26, 26, 26, 26, 26, 26, 26, 26, 26, 26, 26, 26, 26, 26, 26, 26, 26, 26, 26, 26, 26, 26, 26, 26, 26, 26, 26, 26];Eredmények csoportosítva;{26: 100}
FFDBG-gn3-bx3-rt100; ;Átlag;26.0;Összes futási eredmény;[26, 26, 26, 26, 26, 26, 26, 26, 26, 26, 26, 26, 26, 26, 26, 26, 26, 26, 26, 26, 26, 26, 26, 26, 26, 26, 26, 26, 26, 26, 26, 26, 26, 26, 26, 26, 26, 26, 26, 26, 26, 26, 26, 26, 26, 26, 26, 26, 26, 26, 26, 26, 26, 26, 26, 26, 26, 26, 26, 26, 26, 26, 26, 26, 26, 26, 26, 26, 26, 26, 26, 26, 26, 26, 26, 26, 26, 26, 26, 26, 26, 26, 26, 26, 26, 26, 26, 26, 26, 26, 26, 26, 26, 26, 26, 26, 26, 26, 26, 26];Eredmények csoportosítva;{26: 100}
FFDBG-gn4-bx5-rt100; ;Átlag;26.0;Összes futási eredmény;[26, 26, 26, 26, 26, 26, 26, 26, 26, 26, 26, 26, 26, 26, 26, 26, 26, 26, 26, 26, 26, 26, 26, 26, 26, 26, 26, 26, 26, 26, 26, 26, 26, 26, 26, 26, 26, 26, 26, 26, 26, 26, 26, 26, 26, 26, 26, 26, 26, 26, 26, 26, 26, 26, 26, 26, 26, 26, 26, 26, 26, 26, 26, 26, 26, 26, 26, 26, 26, 26, 26, 26, 26, 26, 26, 26, 26, 26, 26, 26, 26, 26, 26, 26, 26, 26, 26, 26, 26, 26, 26, 26, 26, 26, 26, 26, 26, 26, 26, 26];Eredmények csoportosítva;{26: 100}
FFDBG-gn4-bx4-rt100; ;Átlag;26.0;Összes futási eredmény;[26, 26, 26, 26, 26, 26, 26, 26, 26, 26, 26, 26, 26, 26, 26, 26, 26, 26, 26, 26, 26, 26, 26, 26, 26, 26, 26, 26, 26, 26, 26, 26, 26, 26, 26, 26, 26, 26, 26, 26, 26, 26, 26, 26, 26, 26, 26, 26, 26, 26, 26, 26, 26, 26, 26, 26, 26, 26, 26, 26, 26, 26, 26, 26, 26, 26, 26, 26, 26, 26, 26, 26, 26, 26, 26, 26, 26, 26, 26, 26, 26, 26, 26, 26, 26, 26, 26, 26, 26, 26, 26, 26, 26, 26, 26, 26, 26, 26, 26, 26];Eredmények csoportosítva;{26: 100}
FFDBG-gn5-bx3-rt100; ;Átlag;26.0;Összes futási eredmény;[26, 26, 26, 26, 26, 26, 26, 26, 26, 26, 26, 26, 26, 26, 26, 26, 26, 26, 26, 26, 26, 26, 26, 26, 26, 26, 26, 26, 26, 26, 26, 26, 26, 26, 26, 26, 26, 26, 26, 26, 26, 26, 26, 26, 26, 26, 26, 26, 26, 26, 26, 26, 26, 26, 26, 26, 26, 26, 26, 26, 26, 26, 26, 26, 26, 26, 26, 26, 26, 26, 26, 26, 26, 26, 26, 26, 26, 26, 26, 26, 26, 26, 26, 26, 26, 26, 26, 26, 26, 26, 26, 26, 26, 26, 26, 26, 26, 26, 26, 26];Eredmények csoportosítva;{26: 100}
FFDBox-bx3-rt100; ;Átlag;26.0;Összes futási eredmény;[26, 26, 26, 26, 26, 26, 26, 26, 26, 26, 26, 26, 26, 26, 26, 26, 26, 26, 26, 26, 26, 26, 26, 26, 26, 26, 26, 26, 26, 26, 26, 26, 26, 26, 26, 26, 26, 26, 26, 26, 26, 26, 26, 26, 26, 26, 26, 26, 26, 26, 26, 26, 26, 26, 26, 26, 26, 26, 26, 26, 26, 26, 26, 26, 26, 26, 26, 26, 26, 26, 26, 26, 26, 26, 26, 26, 26, 26, 26, 26, 26, 26, 26, 26, 26, 26, 26, 26, 26, 26, 26, 26, 26, 26, 26, 26, 26, 26, 26, 26];Eredmények csoportosítva;{26: 100}
FFDBox-bx4-rt100; ;Átlag;26.0;Összes futási eredmény;[26, 26, 26, 26, 26, 26, 26, 26, 26, 26, 26, 26, 26, 26, 26, 26, 26, 26, 26, 26, 26, 26, 26, 26, 26, 26, 26, 26, 26, 26, 26, 26, 26, 26, 26, 26, 26, 26, 26, 26, 26, 26, 26, 26, 26, 26, 26, 26, 26, 26, 26, 26, 26, 26, 26, 26, 26, 26, 26, 26, 26, 26, 26, 26, 26, 26, 26, 26, 26, 26, 26, 26, 26, 26, 26, 26, 26, 26, 26, 26, 26, 26, 26, 26, 26, 26, 26, 26, 26, 26, 26, 26, 26, 26, 26, 26, 26, 26, 26, 26];Eredmények csoportosítva;{26: 100}
FFDBox-bx5-rt100; ;Átlag;26.0;Összes futási eredmény;[26, 26, 26, 26, 26, 26, 26, 26, 26, 26, 26, 26, 26, 26, 26, 26, 26, 26, 26, 26, 26, 26, 26, 26, 26, 26, 26, 26, 26, 26, 26, 26, 26, 26, 26, 26, 26, 26, 26, 26, 26, 26, 26, 26, 26, 26, 26, 26, 26, 26, 26, 26, 26, 26, 26, 26, 26, 26, 26, 26, 26, 26, 26, 26, 26, 26, 26, 26, 26, 26, 26, 26, 26, 26, 26, 26, 26, 26, 26, 26, 26, 26, 26, 26, 26, 26, 26, 26, 26, 26, 26, 26, 26, 26, 26, 26, 26, 26, 26, 26];Eredmények csoportosítva;{26: 100}
FFDBox-bx6-rt100; ;Átlag;26.0;Összes futási eredmény;[26, 26, 26, 26, 26, 26, 26, 26, 26, 26, 26, 26, 26, 26, 26, 26, 26, 26, 26, 26, 26, 26, 26, 26, 26, 26, 26, 26, 26, 26, 26, 26, 26, 26, 26, 26, 26, 26, 26, 26, 26, 26, 26, 26, 26, 26, 26, 26, 26, 26, 26, 26, 26, 26, 26, 26, 26, 26, 26, 26, 26, 26, 26, 26, 26, 26, 26, 26, 26, 26, 26, 26, 26, 26, 26, 26, 26, 26, 26, 26, 26, 26, 26, 26, 26, 26, 26, 26, 26, 26, 26, 26, 26, 26, 26, 26, 26, 26, 26, 26];Eredmények csoportosítva;{26: 100}
FFDGroups-gn3-rt100; ;Átlag;26.09;Összes futási eredmény;[26, 26, 27, 26, 26, 26, 26, 26, 26, 26, 26, 26, 26, 26, 27, 26, 26, 26, 26, 26, 26, 27, 26, 26, 26, 26, 26, 26, 26, 26, 26, 26, 26, 26, 26, 26, 26, 26, 26, 26, 26, 26, 26, 26, 26, 26, 26, 26, 26, 26, 26, 26, 26, 26, 26, 27, 26, 27, 26, 26, 26, 26, 26, 26, 26, 26, 27, 26, 26, 26, 26, 26, 27, 26, 26, 26, 26, 26, 26, 26, 26, 26, 26, 26, 27, 26, 26, 26, 26, 26, 26, 26, 26, 26, 26, 26, 26, 26, 26, 27];Eredmények csoportosítva;{26: 91, 27: 9}
FFDGroups-gn4-rt100; ;Átlag;26.02;Összes futási eredmény;[26, 26, 26, 26, 26, 27, 26, 26, 26, 26, 26, 26, 26, 26, 26, 26, 26, 26, 26, 26, 26, 26, 26, 26, 26, 26, 26, 26, 26, 26, 26, 26, 26, 26, 26, 26, 26, 26, 26, 26, 26, 26, 26, 26, 26, 26, 26, 26, 26, 26, 26, 26, 26, 26, 26, 26, 26, 27, 26, 26, 26, 26, 26, 26, 26, 26, 26, 26, 26, 26, 26, 26, 26, 26, 26, 26, 26, 26, 26, 26, 26, 26, 26, 26, 26, 26, 26, 26, 26, 26, 26, 26, 26, 26, 26, 26, 26, 26, 26, 26];Eredmények csoportosítva;{26: 98, 27: 2}
FFDGroups-gn5-rt100; ;Átlag;26.12;Összes futási eredmény;[26, 27, 26, 26, 26, 26, 26, 27, 26, 26, 26, 26, 26, 26, 26, 26, 26, 26, 26, 26, 26, 26, 26, 26, 26, 26, 26, 27, 26, 26, 26, 26, 26, 26, 26, 26, 26, 26, 26, 26, 26, 26, 26, 27, 26, 26, 26, 26, 26, 26, 26, 26, 26, 26, 26, 26, 26, 26, 26, 26, 26, 26, 26, 26, 26, 26, 27, 26, 26, 27, 26, 26, 26, 26, 26, 26, 27, 26, 26, 26, 26, 26, 26, 26, 26, 27, 26, 27, 27, 27, 27, 26, 26, 26, 26, 26, 26, 26, 26, 26];Eredmények csoportosítva;{26: 88, 27: 12}
FFDGroups-gn6-rt100; ;Átlag;26.0;Összes futási eredmény;[26, 26, 26, 26, 26, 26, 26, 26, 26, 26, 26, 26, 26, 26, 26, 26, 26, 26, 26, 26, 26, 26, 26, 26, 26, 26, 26, 26, 26, 26, 26, 26, 26, 26, 26, 26, 26, 26, 26, 26, 26, 26, 26, 26, 26, 26, 26, 26, 26, 26, 26, 26, 26, 26, 26, 26, 26, 26, 26, 26, 26, 26, 26, 26, 26, 26, 26, 26, 26, 26, 26, 26, 26, 26, 26, 26, 26, 26, 26, 26, 26, 26, 26, 26, 26, 26, 26, 26, 26, 26, 26, 26, 26, 26, 26, 26, 26, 26, 26, 26];Eredmények csoportosítva;{26: 100}
FFDRatio-ra2-rt100; ;Átlag;28.16;Összes futási eredmény;[27, 28, 29, 28, 29, 29, 27, 29, 28, 28, 28, 27, 29, 28, 29, 29, 29, 29, 27, 27, 27, 28, 29, 28, 28, 29, 29, 28, 27, 29, 28, 28, 28, 27, 29, 27, 28, 27, 28, 29, 29, 29, 28, 28, 28, 28, 29, 29, 27, 29, 28, 28, 28, 29, 29, 29, 28, 29, 29, 28, 29, 29, 27, 27, 27, 28, 29, 28, 27, 28, 28, 29, 29, 28, 29, 27, 27, 28, 27, 29, 28, 28, 28, 28, 28, 28, 28, 29, 29, 28, 27, 28, 29, 28, 27, 28, 27, 29, 29, 28];Eredmények csoportosítva;{27: 21, 28: 42, 29: 37}
FFDRatio-ra3-rt100; ;Átlag;27.2;Összes futási eredmény;[27, 27, 27, 26, 28, 27, 28, 27, 27, 27, 27, 27, 27, 27, 27, 27, 27, 27, 28, 27, 27, 27, 27, 28, 27, 27, 27, 27, 27, 28, 27, 27, 27, 27, 27, 27, 27, 27, 27, 28, 28, 27, 27, 27, 28, 27, 27, 28, 27, 27, 27, 28, 27, 27, 27, 27, 27, 27, 28, 27, 27, 28, 28, 27, 27, 27, 27, 27, 27, 27, 27, 28, 27, 27, 28, 27, 28, 28, 27, 27, 27, 28, 27, 27, 27, 28, 27, 27, 27, 27, 27, 27, 28, 27, 27, 28, 27, 27, 27, 27];Eredmények csoportosítva;{27: 78, 26: 1, 28: 21}
FFDRatio-ra4-rt100; ;Átlag;26.99;Összes futási eredmény;[27, 27, 27, 27, 27, 27, 27, 27, 27, 27, 27, 27, 27, 27, 27, 27, 27, 27, 27, 27, 27, 27, 27, 27, 27, 27, 27, 27, 27, 27, 27, 27, 27, 27, 27, 27, 28, 27, 27, 27, 27, 27, 27, 27, 27, 27, 27, 27, 27, 27, 27, 27, 27, 28, 27, 27, 27, 26, 27, 27, 27, 27, 27, 27, 28, 27, 27, 27, 26, 27, 27, 27, 27, 26, 27, 27, 27, 27, 27, 27, 27, 26, 27, 27, 27, 27, 27, 27, 27, 27, 27, 27, 27, 27, 27, 27, 27, 27, 27, 27];Eredmények csoportosítva;{27: 93, 28: 3, 26: 4}
FFDRatio-ra5-rt100; ;Átlag;26.84;Összes futási eredmény;[27, 26, 27, 26, 27, 27, 27, 26, 27, 27, 27, 27, 27, 27, 27, 27, 27, 27, 27, 27, 27, 27, 27, 26, 27, 27, 26, 26, 27, 27, 27, 27, 26, 27, 26, 27, 27, 27, 27, 27, 27, 27, 26, 26, 27, 27, 27, 27, 27, 27, 27, 27, 27, 27, 27, 27, 27, 27, 27, 27, 26, 27, 27, 27, 27, 27, 27, 27, 27, 27, 26, 27, 26, 27, 27, 27, 27, 27, 26, 27, 27, 27, 26, 26, 27, 27, 27, 27, 27, 27, 27, 27, 27, 27, 27, 27, 27, 27, 27, 27];Eredmények csoportosítva;{27: 84, 26: 16}
FFDRatio-ra10-rt100; ;Átlag;26.17;Összes futási eredmény;[27, 26, 26, 26, 27, 26, 26, 26, 26, 26, 26, 26, 26, 26, 26, 26, 26, 26, 26, 26, 27, 26, 26, 26, 26, 26, 27, 26, 26, 26, 26, 26, 26, 26, 26, 26, 26, 26, 26, 26, 26, 27, 27, 26, 26, 26, 26, 26, 26, 26, 26, 27, 26, 26, 26, 27, 27, 26, 26, 26, 26, 26, 26, 26, 26, 26, 26, 26, 26, 26, 27, 26, 27, 26, 26, 26, 26, 26, 26, 26, 26, 26, 27, 27, 26, 27, 26, 26, 26, 26, 26, 26, 26, 27, 26, 26, 27, 27, 26, 26];Eredmények csoportosítva;{27: 17, 26: 83}
FFDVal-rt100; ;Átlag;27.13;Összes futási eredmény;[27, 27, 27, 27, 27, 27, 27, 27, 27, 27, 27, 27, 27, 27, 27, 28, 28, 28, 27, 27, 27, 28, 27, 27, 27, 27, 27, 28, 27, 27, 28, 27, 28, 27, 27, 27, 27, 27, 27, 27, 28, 28, 27, 27, 27, 27, 27, 27, 28, 27, 28, 27, 27, 27, 27, 27, 27, 27, 27, 27, 27, 27, 28, 27, 27, 27, 27, 27, 27, 27, 27, 27, 27, 27, 28, 27, 27, 27, 27, 27, 27, 27, 27, 27, 27, 27, 27, 27, 27, 27, 27, 27, 27, 27, 27, 27, 27, 27, 27, 27];Eredmények csoportosítva;{27: 87, 28: 13}
L2NotDet-gp1-rn25; ;Átlag;26.0;Összes futási eredmény;[26, 26, 26, 26, 26, 26, 26, 26, 26, 26, 26, 26, 26, 26, 26, 26, 26, 26, 26, 26, 26, 26, 26, 26, 26];Eredmények csoportosítva;{26: 25}
L2NotDet-gp3-rn25; ;Átlag;26.0;Összes futási eredmény;[26, 26, 26, 26, 26, 26, 26, 26, 26, 26, 26, 26, 26, 26, 26, 26, 26, 26, 26, 26, 26, 26, 26, 26, 26];Eredmények csoportosítva;{26: 25}
L2NotDet-gp5-rn25; ;Átlag;26.0;Összes futási eredmény;[26, 26, 26, 26, 26, 26, 26, 26, 26, 26, 26, 26, 26, 26, 26, 26, 26, 26, 26, 26, 26, 26, 26, 26, 26];Eredmények csoportosítva;{26: 25}
