Alsó Korlát;101
FFD-bin-sum;105
FFD-bin-avg;105
FFD-bin-prod;105
FFD-item-sum;103
FFD-item-avg;103
FFD-item-prod;103
dotP-gp1;103
dotP-gp2;103
dotP-gp3;103
dotP-gp4;103
L2-gp1;103
L2-gp2;103
L2-gp3;103
L2-gp4;103
FFDRev;113
FFDRevAdv;113
FFDMP-1.0;103
FFDMP-0.9;103
FFDMP-0.8;103
FFDMP-0.75;103
FFDBox-bx3-rt100; ;Átlag;102.9;Összes futási eredmény;[103, 103, 103, 103, 103, 103, 103, 103, 103, 103, 103, 103, 103, 103, 103, 103, 103, 103, 103, 103, 103, 103, 103, 103, 103, 103, 103, 103, 102, 103, 103, 103, 103, 102, 103, 103, 103, 103, 103, 103, 103, 103, 103, 103, 102, 102, 102, 103, 103, 103, 103, 103, 103, 103, 103, 103, 103, 103, 103, 103, 103, 102, 103, 103, 103, 103, 103, 103, 102, 103, 103, 103, 103, 103, 103, 102, 103, 103, 103, 103, 103, 103, 102, 103, 103, 103, 103, 103, 103, 103, 103, 103, 102, 103, 103, 103, 103, 103, 103, 103];Eredmények csoportosítva;{103: 90, 102: 10}
FFDBox-bx4-rt100; ;Átlag;102.85;Összes futási eredmény;[103, 103, 103, 103, 102, 103, 103, 103, 103, 102, 103, 103, 103, 103, 103, 103, 103, 103, 102, 103, 103, 103, 103, 103, 103, 102, 103, 103, 103, 103, 103, 102, 103, 103, 102, 103, 103, 103, 103, 103, 103, 103, 103, 102, 103, 103, 103, 103, 103, 103, 103, 103, 103, 102, 103, 103, 103, 103, 103, 103, 103, 103, 103, 102, 103, 103, 102, 103, 103, 103, 103, 102, 103, 103, 103, 103, 103, 103, 103, 103, 103, 103, 103, 103, 103, 103, 103, 103, 102, 102, 103, 103, 102, 103, 103, 102, 103, 103, 103, 103];Eredmények csoportosítva;{103: 85, 102: 15}
FFDBox-bx5-rt100; ;Átlag;102.85;Összes futási eredmény;[103, 103, 103, 103, 103, 103, 103, 102, 103, 102, 102, 103, 103, 103, 103, 103, 103, 103, 103, 102, 103, 102, 103, 103, 103, 103, 103, 102, 103, 103, 103, 103, 103, 103, 103, 103, 103, 103, 103, 103, 103, 103, 103, 103, 103, 103, 103, 102, 103, 103, 103, 103, 103, 103, 103, 103, 103, 103, 103, 103, 103, 102, 103, 103, 103, 103, 103, 103, 103, 103, 103, 102, 103, 102, 102, 102, 103, 103, 103, 102, 103, 103, 103, 103, 103, 103, 102, 103, 102, 103, 103, 103, 103, 103, 103, 103, 103, 103, 103, 103];Eredmények csoportosítva;{103: 85, 102: 15}
FFDBox-bx6-rt100; ;Átlag;102.89;Összes futási eredmény;[103, 102, 103, 103, 103, 103, 103, 103, 103, 103, 102, 103, 103, 103, 103, 103, 103, 103, 103, 103, 102, 103, 103, 103, 103, 103, 103, 103, 103, 102, 103, 102, 103, 103, 103, 103, 103, 103, 103, 103, 103, 102, 103, 103, 103, 103, 103, 103, 103, 103, 103, 102, 103, 103, 103, 103, 103, 103, 103, 103, 103, 103, 103, 103, 103, 103, 103, 103, 103, 103, 102, 103, 103, 103, 103, 103, 103, 103, 103, 103, 103, 103, 103, 102, 103, 102, 103, 103, 103, 103, 103, 103, 103, 103, 103, 102, 103, 103, 103, 103];Eredmények csoportosítva;{103: 89, 102: 11}
FFDGroups-gn4-rt100; ;Átlag;103.42;Összes futási eredmény;[103, 103, 104, 103, 104, 103, 104, 103, 103, 104, 103, 103, 104, 104, 103, 104, 103, 103, 104, 104, 103, 104, 103, 103, 104, 104, 103, 104, 103, 103, 104, 104, 104, 103, 104, 103, 104, 103, 104, 103, 103, 103, 104, 103, 104, 103, 104, 104, 103, 103, 103, 104, 104, 104, 104, 103, 104, 103, 104, 103, 103, 104, 103, 103, 103, 103, 103, 103, 103, 103, 104, 104, 103, 104, 103, 104, 103, 103, 104, 104, 103, 103, 103, 103, 103, 103, 103, 104, 104, 104, 103, 104, 103, 104, 103, 103, 104, 103, 103, 103];Eredmények csoportosítva;{103: 58, 104: 42}
FFDGroups-gn6-rt100; ;Átlag;103.31;Összes futási eredmény;[104, 103, 104, 104, 103, 103, 104, 104, 103, 103, 103, 103, 103, 103, 103, 104, 104, 103, 103, 103, 103, 103, 104, 103, 103, 103, 103, 104, 103, 103, 103, 103, 104, 104, 103, 103, 104, 103, 103, 103, 104, 103, 103, 103, 104, 103, 103, 104, 103, 103, 103, 103, 103, 104, 103, 103, 103, 103, 103, 104, 103, 103, 103, 103, 103, 103, 103, 103, 104, 104, 103, 104, 103, 104, 104, 103, 103, 104, 104, 104, 103, 104, 103, 103, 103, 103, 103, 103, 103, 103, 103, 104, 103, 103, 103, 104, 103, 104, 104, 104];Eredmények csoportosítva;{104: 31, 103: 69}
FFDGroups-gn10-rt100; ;Átlag;103.03;Összes futási eredmény;[103, 103, 103, 103, 103, 103, 103, 103, 103, 103, 103, 103, 103, 104, 103, 103, 103, 103, 103, 103, 103, 103, 103, 104, 103, 103, 103, 103, 103, 103, 103, 103, 103, 103, 103, 103, 103, 103, 103, 103, 103, 103, 103, 103, 103, 103, 103, 103, 103, 103, 103, 103, 103, 103, 103, 103, 103, 103, 103, 103, 103, 103, 103, 103, 103, 103, 103, 103, 103, 103, 103, 103, 103, 103, 103, 103, 103, 103, 103, 103, 103, 103, 103, 103, 103, 104, 103, 103, 103, 103, 103, 103, 103, 103, 103, 103, 103, 103, 103, 103];Eredmények csoportosítva;{103: 97, 104: 3}
FFDGroups-gn20-rt100; ;Átlag;103.0;Összes futási eredmény;[103, 103, 103, 103, 103, 103, 103, 103, 103, 103, 103, 103, 103, 103, 103, 103, 103, 103, 103, 103, 103, 103, 103, 103, 103, 103, 103, 103, 103, 103, 103, 103, 103, 103, 103, 103, 103, 103, 103, 103, 103, 103, 103, 103, 103, 103, 103, 103, 103, 103, 103, 103, 103, 103, 103, 103, 103, 103, 103, 103, 103, 103, 103, 103, 103, 103, 103, 103, 103, 103, 103, 103, 103, 103, 103, 103, 103, 103, 103, 103, 103, 103, 103, 103, 103, 103, 103, 103, 103, 103, 103, 103, 103, 103, 103, 103, 103, 103, 103, 103];Eredmények csoportosítva;{103: 100}
FFDBG-gn4-bx4-rt100; ;Átlag;102.94;Összes futási eredmény;[103, 103, 103, 103, 102, 103, 103, 102, 103, 103, 103, 103, 103, 103, 103, 103, 103, 103, 103, 103, 103, 103, 103, 103, 103, 103, 102, 103, 103, 103, 103, 103, 103, 103, 102, 103, 103, 103, 103, 103, 103, 103, 103, 103, 103, 103, 103, 103, 102, 103, 103, 103, 103, 103, 103, 102, 103, 103, 103, 103, 103, 103, 103, 103, 103, 103, 103, 103, 103, 103, 103, 103, 103, 103, 103, 103, 103, 103, 103, 103, 103, 103, 103, 103, 103, 103, 103, 103, 103, 103, 103, 103, 103, 103, 103, 103, 103, 103, 103, 103];Eredmények csoportosítva;{103: 94, 102: 6}
FFDBG-gn6-bx4-rt100; ;Átlag;102.93;Összes futási eredmény;[103, 103, 103, 103, 103, 103, 103, 103, 103, 103, 103, 103, 103, 103, 103, 103, 102, 103, 103, 103, 103, 103, 103, 103, 103, 102, 102, 103, 103, 103, 103, 103, 103, 103, 103, 103, 103, 103, 103, 103, 103, 103, 103, 103, 103, 103, 103, 103, 102, 103, 103, 103, 103, 103, 103, 103, 103, 103, 103, 102, 103, 103, 103, 103, 103, 103, 103, 103, 103, 103, 103, 103, 103, 103, 103, 103, 103, 102, 103, 103, 103, 103, 103, 103, 103, 103, 103, 103, 103, 103, 103, 103, 103, 103, 103, 103, 103, 103, 102, 103];Eredmények csoportosítva;{103: 93, 102: 7}
FFDBG-gn5-bx3-rt100; ;Átlag;102.92;Összes futási eredmény;[103, 103, 103, 103, 103, 103, 103, 103, 103, 103, 103, 103, 103, 103, 103, 103, 103, 103, 103, 103, 103, 103, 102, 103, 103, 103, 103, 103, 103, 103, 103, 103, 103, 103, 103, 103, 103, 103, 103, 103, 102, 102, 103, 102, 103, 103, 103, 103, 103, 103, 103, 102, 103, 103, 103, 103, 103, 103, 103, 103, 103, 103, 102, 103, 103, 103, 103, 103, 103, 103, 103, 103, 103, 103, 103, 103, 103, 103, 103, 103, 103, 103, 102, 103, 103, 103, 103, 103, 103, 103, 103, 103, 103, 103, 103, 103, 103, 103, 103, 102];Eredmények csoportosítva;{103: 92, 102: 8}
FFDRatio-ra2-rt100; ;Átlag;112.43;Összes futási eredmény;[110, 112, 116, 113, 112, 112, 110, 107, 114, 115, 110, 115, 115, 109, 114, 116, 115, 111, 110, 107, 114, 110, 115, 108, 111, 115, 108, 115, 108, 114, 114, 115, 111, 113, 110, 115, 107, 116, 116, 116, 112, 110, 115, 109, 115, 116, 110, 115, 108, 109, 111, 113, 110, 114, 111, 111, 116, 115, 115, 109, 116, 107, 110, 113, 115, 110, 115, 110, 113, 110, 115, 114, 108, 113, 111, 115, 115, 113, 116, 115, 111, 114, 109, 109, 115, 111, 115, 114, 115, 112, 114, 116, 110, 109, 113, 115, 113, 114, 114, 108];Eredmények csoportosítva;{110: 14, 112: 5, 116: 10, 113: 9, 107: 4, 114: 12, 115: 24, 109: 7, 111: 9, 108: 6}
FFDRatio-ra5-rt100; ;Átlag;105.67;Összes futási eredmény;[106, 106, 106, 106, 106, 106, 106, 106, 106, 106, 105, 105, 106, 106, 105, 105, 106, 105, 105, 106, 106, 106, 106, 106, 106, 106, 106, 106, 105, 105, 106, 106, 106, 105, 106, 106, 105, 105, 106, 106, 106, 105, 105, 105, 106, 105, 106, 106, 106, 106, 106, 106, 106, 106, 106, 106, 105, 105, 106, 105, 106, 105, 105, 106, 106, 106, 106, 105, 105, 106, 106, 105, 105, 106, 105, 106, 106, 106, 106, 106, 106, 106, 106, 106, 106, 106, 105, 106, 106, 104, 106, 106, 106, 105, 105, 105, 105, 106, 105, 106];Eredmények csoportosítva;{106: 68, 105: 31, 104: 1}
FFDRatio-ra10-rt100; ;Átlag;103.92;Összes futási eredmény;[104, 104, 104, 104, 103, 104, 104, 104, 104, 104, 104, 104, 103, 104, 104, 104, 104, 104, 104, 104, 105, 104, 103, 104, 104, 103, 104, 104, 104, 104, 104, 104, 103, 103, 105, 104, 104, 104, 104, 105, 104, 104, 104, 104, 104, 104, 104, 104, 104, 104, 104, 103, 105, 103, 105, 104, 104, 104, 104, 103, 104, 104, 104, 103, 104, 104, 104, 104, 104, 104, 104, 104, 104, 103, 104, 103, 104, 105, 104, 104, 104, 104, 104, 104, 105, 104, 103, 104, 104, 103, 103, 104, 104, 104, 104, 104, 104, 104, 104, 104];Eredmények csoportosítva;{104: 78, 103: 15, 105: 7}
FFDRatio-ra15-rt100; ;Átlag;103.17;Összes futási eredmény;[103, 103, 103, 103, 103, 103, 104, 103, 104, 103, 103, 103, 103, 104, 103, 103, 103, 103, 103, 103, 103, 103, 103, 103, 103, 103, 103, 103, 103, 103, 103, 103, 103, 103, 103, 103, 103, 103, 104, 104, 104, 103, 103, 103, 103, 103, 103, 104, 103, 104, 103, 103, 103, 104, 103, 103, 103, 103, 103, 103, 103, 103, 103, 103, 103, 103, 103, 103, 103, 103, 104, 103, 103, 104, 104, 103, 104, 103, 103, 103, 103, 103, 104, 103, 103, 104, 103, 103, 103, 103, 103, 103, 103, 103, 104, 104, 103, 103, 103, 103];Eredmények csoportosítva;{103: 83, 104: 17}
FFDVal-rt100; ;Átlag;106.87;Összes futási eredmény;[107, 106, 107, 106, 107, 107, 106, 107, 107, 107, 107, 106, 107, 107, 107, 107, 107, 106, 107, 106, 107, 107, 107, 107, 107, 106, 106, 107, 107, 107, 108, 107, 107, 106, 106, 106, 107, 107, 107, 107, 108, 107, 107, 106, 107, 107, 106, 107, 109, 107, 108, 107, 107, 107, 106, 106, 107, 107, 107, 107, 109, 107, 107, 106, 107, 107, 107, 108, 107, 107, 107, 107, 106, 107, 106, 107, 107, 108, 107, 107, 107, 106, 107, 107, 106, 106, 107, 107, 107, 106, 107, 107, 108, 107, 106, 107, 107, 107, 107, 107];Eredmények csoportosítva;{107: 69, 106: 23, 108: 6, 109: 2}
L2NotDet-gp1-rn50; ;Átlag;103.0;Összes futási eredmény;[103, 103, 103, 103, 103, 103, 103, 103, 103, 103, 103, 103, 103, 103, 103, 103, 103, 103, 103, 103, 103, 103, 103, 103, 103, 103, 103, 103, 103, 103, 103, 103, 103, 103, 103, 103, 103, 103, 103, 103, 103, 103, 103, 103, 103, 103, 103, 103, 103, 103];Eredmények csoportosítva;{103: 50}
L2NotDet-gp3-rn50; ;Átlag;102.94;Összes futási eredmény;[103, 103, 103, 103, 103, 103, 103, 103, 103, 103, 103, 103, 103, 103, 103, 103, 103, 103, 103, 103, 103, 102, 103, 103, 102, 103, 103, 103, 103, 103, 103, 103, 103, 103, 103, 103, 103, 103, 103, 103, 103, 103, 103, 103, 103, 102, 103, 103, 103, 103];Eredmények csoportosítva;{103: 47, 102: 3}
L2NotDet-gp5-rn50; ;Átlag;102.94;Összes futási eredmény;[103, 103, 103, 103, 103, 103, 103, 103, 103, 103, 103, 103, 103, 103, 103, 103, 102, 103, 103, 102, 103, 103, 103, 103, 103, 103, 103, 103, 103, 103, 103, 102, 103, 103, 103, 103, 103, 103, 103, 103, 103, 103, 103, 103, 103, 103, 103, 103, 103, 103];Eredmények csoportosítva;{103: 47, 102: 3}
Alsó Korlát;101
Alsó Korlát;101
Alsó Korlát;101
