Alsó Korlát;27
FFD-bin-sum;29
FFD-bin-avg;29
FFD-bin-prod;29
FFD-item-sum;27
FFD-item-avg;27
FFD-item-prod;27
dotP-gp1;27
dotP-gp2;27
dotP-gp3;27
dotP-gp4;28
dotP-gp5;28
L2-gp1;27
L2-gp2;27
L2-gp3;27
L2-gp4;28
L2-gp5;28
FFDRev;31
FFDRevAdv;31
FFDMP-1.0;27
FFDMP-0.9;27
FFDMP-0.8;27
FFDMP-0.75;27
FFDBG-gn3-bx5-rt100; ;Átlag;27.0;Összes futási eredmény;[27, 27, 27, 27, 27, 27, 27, 27, 27, 27, 27, 27, 27, 27, 27, 27, 27, 27, 27, 27, 27, 27, 27, 27, 27, 27, 27, 27, 27, 27, 27, 27, 27, 27, 27, 27, 27, 27, 27, 27, 27, 27, 27, 27, 27, 27, 27, 27, 27, 27, 27, 27, 27, 27, 27, 27, 27, 27, 27, 27, 27, 27, 27, 27, 27, 27, 27, 27, 27, 27, 27, 27, 27, 27, 27, 27, 27, 27, 27, 27, 27, 27, 27, 27, 27, 27, 27, 27, 27, 27, 27, 27, 27, 27, 27, 27, 27, 27, 27, 27];Eredmények csoportosítva;{27: 100}
FFDBG-gn3-bx3-rt100; ;Átlag;27.0;Összes futási eredmény;[27, 27, 27, 27, 27, 27, 27, 27, 27, 27, 27, 27, 27, 27, 27, 27, 27, 27, 27, 27, 27, 27, 27, 27, 27, 27, 27, 27, 27, 27, 27, 27, 27, 27, 27, 27, 27, 27, 27, 27, 27, 27, 27, 27, 27, 27, 27, 27, 27, 27, 27, 27, 27, 27, 27, 27, 27, 27, 27, 27, 27, 27, 27, 27, 27, 27, 27, 27, 27, 27, 27, 27, 27, 27, 27, 27, 27, 27, 27, 27, 27, 27, 27, 27, 27, 27, 27, 27, 27, 27, 27, 27, 27, 27, 27, 27, 27, 27, 27, 27];Eredmények csoportosítva;{27: 100}
FFDBG-gn4-bx5-rt100; ;Átlag;27.0;Összes futási eredmény;[27, 27, 27, 27, 27, 27, 27, 27, 27, 27, 27, 27, 27, 27, 27, 27, 27, 27, 27, 27, 27, 27, 27, 27, 27, 27, 27, 27, 27, 27, 27, 27, 27, 27, 27, 27, 27, 27, 27, 27, 27, 27, 27, 27, 27, 27, 27, 27, 27, 27, 27, 27, 27, 27, 27, 27, 27, 27, 27, 27, 27, 27, 27, 27, 27, 27, 27, 27, 27, 27, 27, 27, 27, 27, 27, 27, 27, 27, 27, 27, 27, 27, 27, 27, 27, 27, 27, 27, 27, 27, 27, 27, 27, 27, 27, 27, 27, 27, 27, 27];Eredmények csoportosítva;{27: 100}
FFDBG-gn4-bx4-rt100; ;Átlag;27.0;Összes futási eredmény;[27, 27, 27, 27, 27, 27, 27, 27, 27, 27, 27, 27, 27, 27, 27, 27, 27, 27, 27, 27, 27, 27, 27, 27, 27, 27, 27, 27, 27, 27, 27, 27, 27, 27, 27, 27, 27, 27, 27, 27, 27, 27, 27, 27, 27, 27, 27, 27, 27, 27, 27, 27, 27, 27, 27, 27, 27, 27, 27, 27, 27, 27, 27, 27, 27, 27, 27, 27, 27, 27, 27, 27, 27, 27, 27, 27, 27, 27, 27, 27, 27, 27, 27, 27, 27, 27, 27, 27, 27, 27, 27, 27, 27, 27, 27, 27, 27, 27, 27, 27];Eredmények csoportosítva;{27: 100}
FFDBG-gn5-bx3-rt100; ;Átlag;27.0;Összes futási eredmény;[27, 27, 27, 27, 27, 27, 27, 27, 27, 27, 27, 27, 27, 27, 27, 27, 27, 27, 27, 27, 27, 27, 27, 27, 27, 27, 27, 27, 27, 27, 27, 27, 27, 27, 27, 27, 27, 27, 27, 27, 27, 27, 27, 27, 27, 27, 27, 27, 27, 27, 27, 27, 27, 27, 27, 27, 27, 27, 27, 27, 27, 27, 27, 27, 27, 27, 27, 27, 27, 27, 27, 27, 27, 27, 27, 27, 27, 27, 27, 27, 27, 27, 27, 27, 27, 27, 27, 27, 27, 27, 27, 27, 27, 27, 27, 27, 27, 27, 27, 27];Eredmények csoportosítva;{27: 100}
FFDBox-bx3-rt100; ;Átlag;27.0;Összes futási eredmény;[27, 27, 27, 27, 27, 27, 27, 27, 27, 27, 27, 27, 27, 27, 27, 27, 27, 27, 27, 27, 27, 27, 27, 27, 27, 27, 27, 27, 27, 27, 27, 27, 27, 27, 27, 27, 27, 27, 27, 27, 27, 27, 27, 27, 27, 27, 27, 27, 27, 27, 27, 27, 27, 27, 27, 27, 27, 27, 27, 27, 27, 27, 27, 27, 27, 27, 27, 27, 27, 27, 27, 27, 27, 27, 27, 27, 27, 27, 27, 27, 27, 27, 27, 27, 27, 27, 27, 27, 27, 27, 27, 27, 27, 27, 27, 27, 27, 27, 27, 27];Eredmények csoportosítva;{27: 100}
FFDBox-bx4-rt100; ;Átlag;27.0;Összes futási eredmény;[27, 27, 27, 27, 27, 27, 27, 27, 27, 27, 27, 27, 27, 27, 27, 27, 27, 27, 27, 27, 27, 27, 27, 27, 27, 27, 27, 27, 27, 27, 27, 27, 27, 27, 27, 27, 27, 27, 27, 27, 27, 27, 27, 27, 27, 27, 27, 27, 27, 27, 27, 27, 27, 27, 27, 27, 27, 27, 27, 27, 27, 27, 27, 27, 27, 27, 27, 27, 27, 27, 27, 27, 27, 27, 27, 27, 27, 27, 27, 27, 27, 27, 27, 27, 27, 27, 27, 27, 27, 27, 27, 27, 27, 27, 27, 27, 27, 27, 27, 27];Eredmények csoportosítva;{27: 100}
FFDBox-bx5-rt100; ;Átlag;27.0;Összes futási eredmény;[27, 27, 27, 27, 27, 27, 27, 27, 27, 27, 27, 27, 27, 27, 27, 27, 27, 27, 27, 27, 27, 27, 27, 27, 27, 27, 27, 27, 27, 27, 27, 27, 27, 27, 27, 27, 27, 27, 27, 27, 27, 27, 27, 27, 27, 27, 27, 27, 27, 27, 27, 27, 27, 27, 27, 27, 27, 27, 27, 27, 27, 27, 27, 27, 27, 27, 27, 27, 27, 27, 27, 27, 27, 27, 27, 27, 27, 27, 27, 27, 27, 27, 27, 27, 27, 27, 27, 27, 27, 27, 27, 27, 27, 27, 27, 27, 27, 27, 27, 27];Eredmények csoportosítva;{27: 100}
FFDBox-bx6-rt100; ;Átlag;27.0;Összes futási eredmény;[27, 27, 27, 27, 27, 27, 27, 27, 27, 27, 27, 27, 27, 27, 27, 27, 27, 27, 27, 27, 27, 27, 27, 27, 27, 27, 27, 27, 27, 27, 27, 27, 27, 27, 27, 27, 27, 27, 27, 27, 27, 27, 27, 27, 27, 27, 27, 27, 27, 27, 27, 27, 27, 27, 27, 27, 27, 27, 27, 27, 27, 27, 27, 27, 27, 27, 27, 27, 27, 27, 27, 27, 27, 27, 27, 27, 27, 27, 27, 27, 27, 27, 27, 27, 27, 27, 27, 27, 27, 27, 27, 27, 27, 27, 27, 27, 27, 27, 27, 27];Eredmények csoportosítva;{27: 100}
FFDGroups-gn3-rt100; ;Átlag;27.58;Összes futási eredmény;[28, 28, 27, 27, 28, 28, 28, 27, 28, 28, 28, 28, 28, 27, 27, 27, 28, 28, 28, 28, 28, 27, 27, 27, 27, 28, 28, 28, 28, 28, 28, 28, 27, 27, 27, 28, 28, 27, 28, 27, 28, 27, 27, 27, 28, 27, 28, 27, 28, 28, 27, 27, 27, 27, 28, 27, 27, 28, 28, 28, 28, 28, 28, 27, 28, 28, 28, 28, 28, 28, 27, 28, 27, 27, 27, 27, 28, 27, 28, 28, 27, 27, 27, 28, 27, 28, 28, 27, 28, 28, 28, 27, 27, 28, 27, 27, 28, 28, 28, 28];Eredmények csoportosítva;{28: 58, 27: 42}
FFDGroups-gn4-rt100; ;Átlag;27.94;Összes futási eredmény;[28, 27, 28, 28, 28, 28, 28, 27, 28, 28, 28, 28, 28, 28, 28, 28, 27, 28, 28, 28, 27, 28, 28, 28, 27, 28, 28, 28, 28, 28, 28, 28, 28, 28, 28, 28, 28, 28, 28, 28, 28, 28, 28, 28, 28, 28, 28, 28, 28, 28, 28, 28, 28, 28, 28, 28, 28, 28, 28, 28, 28, 28, 28, 28, 28, 28, 28, 28, 28, 28, 28, 28, 28, 28, 28, 28, 28, 28, 28, 28, 28, 28, 28, 28, 28, 28, 27, 28, 28, 28, 28, 28, 28, 28, 28, 28, 28, 28, 28, 28];Eredmények csoportosítva;{28: 94, 27: 6}
FFDGroups-gn5-rt100; ;Átlag;27.24;Összes futási eredmény;[27, 28, 27, 27, 27, 27, 28, 27, 27, 27, 27, 27, 27, 27, 27, 27, 28, 27, 27, 28, 27, 27, 27, 27, 28, 28, 28, 27, 27, 28, 27, 27, 27, 27, 27, 27, 27, 27, 27, 27, 27, 27, 27, 27, 27, 27, 27, 27, 27, 27, 27, 27, 27, 28, 27, 28, 27, 28, 27, 27, 27, 28, 28, 27, 27, 28, 28, 27, 27, 27, 27, 27, 28, 27, 27, 27, 27, 28, 27, 27, 27, 28, 27, 27, 27, 27, 28, 27, 27, 27, 28, 28, 28, 28, 27, 27, 27, 27, 27, 28];Eredmények csoportosítva;{27: 76, 28: 24}
FFDGroups-gn6-rt100; ;Átlag;27.13;Összes futási eredmény;[27, 28, 27, 27, 27, 27, 27, 28, 27, 27, 27, 27, 27, 27, 27, 27, 27, 27, 27, 27, 27, 27, 27, 27, 27, 27, 27, 27, 28, 28, 27, 27, 27, 27, 27, 27, 27, 28, 27, 27, 27, 27, 27, 27, 28, 27, 27, 27, 27, 27, 27, 27, 27, 27, 27, 27, 27, 27, 28, 27, 27, 27, 28, 27, 27, 27, 27, 28, 27, 27, 27, 27, 27, 27, 28, 27, 27, 27, 27, 27, 27, 27, 28, 27, 27, 27, 27, 27, 27, 27, 27, 27, 27, 27, 28, 27, 27, 27, 28, 27];Eredmények csoportosítva;{27: 87, 28: 13}
FFDRatio-ra2-rt100; ;Átlag;29.96;Összes futási eredmény;[31, 30, 30, 30, 31, 30, 31, 30, 30, 30, 29, 30, 30, 30, 29, 30, 30, 29, 31, 30, 30, 31, 30, 29, 30, 30, 30, 30, 30, 30, 30, 30, 30, 29, 30, 30, 31, 30, 30, 30, 30, 30, 30, 30, 29, 30, 31, 30, 30, 29, 30, 30, 29, 30, 30, 30, 30, 29, 31, 30, 29, 30, 30, 30, 30, 30, 30, 31, 31, 30, 29, 30, 30, 31, 30, 30, 30, 30, 29, 30, 30, 29, 30, 30, 30, 30, 30, 30, 30, 29, 30, 30, 30, 30, 30, 29, 29, 31, 30, 30];Eredmények csoportosítva;{31: 12, 30: 72, 29: 16}
FFDRatio-ra3-rt100; ;Átlag;29.19;Összes futási eredmény;[29, 29, 30, 29, 29, 29, 29, 29, 29, 29, 29, 29, 30, 30, 29, 29, 29, 29, 30, 29, 29, 29, 30, 30, 29, 29, 29, 29, 29, 30, 29, 28, 30, 29, 29, 29, 29, 29, 29, 29, 29, 29, 29, 29, 30, 29, 29, 30, 29, 29, 29, 29, 29, 29, 29, 30, 29, 28, 29, 30, 29, 29, 29, 29, 29, 29, 30, 30, 29, 29, 29, 29, 30, 29, 29, 29, 29, 29, 29, 30, 29, 29, 29, 29, 31, 29, 29, 29, 30, 29, 30, 29, 30, 29, 29, 29, 29, 29, 29, 29];Eredmények csoportosítva;{29: 78, 30: 19, 28: 2, 31: 1}
FFDRatio-ra4-rt100; ;Átlag;28.66;Összes futási eredmény;[28, 28, 30, 29, 29, 29, 29, 29, 28, 29, 28, 29, 29, 29, 29, 29, 28, 29, 29, 29, 29, 29, 28, 28, 29, 28, 29, 28, 28, 29, 28, 29, 28, 29, 28, 29, 29, 28, 28, 28, 29, 28, 28, 29, 30, 28, 28, 29, 29, 28, 28, 28, 29, 28, 29, 29, 29, 29, 29, 29, 29, 29, 28, 29, 28, 29, 29, 29, 28, 29, 29, 29, 29, 29, 28, 29, 28, 28, 29, 28, 29, 29, 29, 29, 29, 28, 28, 29, 29, 29, 29, 28, 29, 28, 29, 29, 28, 29, 29, 29];Eredmények csoportosítva;{28: 36, 30: 2, 29: 62}
FFDRatio-ra5-rt100; ;Átlag;28.2;Összes futási eredmény;[28, 28, 29, 28, 29, 28, 29, 28, 28, 28, 28, 28, 29, 29, 28, 28, 28, 28, 28, 28, 28, 28, 29, 28, 28, 28, 28, 28, 29, 28, 28, 28, 29, 28, 28, 28, 28, 28, 28, 29, 28, 28, 28, 28, 28, 29, 29, 29, 28, 28, 29, 29, 28, 28, 29, 28, 28, 28, 29, 28, 28, 28, 28, 28, 28, 28, 28, 28, 29, 28, 28, 28, 28, 28, 28, 28, 28, 28, 28, 28, 28, 28, 28, 28, 28, 28, 28, 29, 29, 28, 28, 28, 28, 28, 28, 28, 28, 28, 28, 29];Eredmények csoportosítva;{28: 80, 29: 20}
FFDRatio-ra10-rt100; ;Átlag;27.98;Összes futási eredmény;[28, 28, 28, 28, 28, 28, 28, 28, 28, 28, 28, 28, 28, 28, 28, 28, 28, 28, 28, 28, 28, 28, 28, 28, 28, 28, 28, 28, 28, 28, 28, 28, 28, 28, 28, 28, 28, 28, 28, 28, 28, 28, 28, 28, 28, 28, 28, 28, 27, 28, 28, 28, 28, 28, 28, 28, 28, 28, 28, 28, 28, 28, 27, 28, 28, 28, 28, 28, 28, 28, 28, 28, 28, 28, 28, 28, 28, 28, 28, 28, 28, 28, 28, 28, 28, 28, 28, 28, 28, 28, 28, 28, 28, 28, 28, 28, 28, 28, 28, 28];Eredmények csoportosítva;{28: 98, 27: 2}
FFDVal-rt100; ;Átlag;29.02;Összes futási eredmény;[29, 29, 29, 29, 29, 29, 29, 29, 29, 29, 29, 29, 28, 29, 29, 30, 29, 29, 29, 29, 29, 29, 29, 29, 29, 29, 29, 29, 29, 29, 29, 29, 29, 29, 29, 29, 29, 29, 29, 28, 29, 29, 29, 29, 30, 29, 29, 29, 29, 28, 29, 29, 28, 29, 30, 29, 29, 29, 29, 28, 30, 29, 29, 30, 29, 30, 29, 29, 29, 29, 29, 29, 29, 28, 29, 29, 29, 30, 29, 29, 29, 29, 29, 28, 28, 29, 30, 29, 29, 29, 29, 29, 30, 29, 29, 29, 29, 29, 29, 30];Eredmények csoportosítva;{29: 82, 28: 8, 30: 10}
L2NotDet-gp1-rn25; ;Átlag;27.0;Összes futási eredmény;[27, 27, 27, 27, 27, 27, 27, 27, 27, 27, 27, 27, 27, 27, 27, 27, 27, 27, 27, 27, 27, 27, 27, 27, 27];Eredmények csoportosítva;{27: 25}
L2NotDet-gp3-rn25; ;Átlag;27.0;Összes futási eredmény;[27, 27, 27, 27, 27, 27, 27, 27, 27, 27, 27, 27, 27, 27, 27, 27, 27, 27, 27, 27, 27, 27, 27, 27, 27];Eredmények csoportosítva;{27: 25}
L2NotDet-gp5-rn25; ;Átlag;27.04;Összes futási eredmény;[27, 27, 28, 27, 27, 27, 27, 27, 27, 27, 27, 27, 27, 27, 27, 27, 27, 27, 27, 27, 27, 27, 27, 27, 27];Eredmények csoportosítva;{27: 24, 28: 1}
