Alsó Korlát;254
FFD-bin-sum;260
FFD-bin-avg;260
FFD-bin-prod;260
FFD-item-sum;258
FFD-item-avg;258
FFD-item-prod;258
dotP-gp1;258
dotP-gp2;258
dotP-gp3;258
dotP-gp4;258
L2-gp1;258
L2-gp2;258
L2-gp3;258
L2-gp4;258
FFDRev;294
FFDRevAdv;294
FFDMP-1.0;258
FFDMP-0.9;258
FFDMP-0.8;258
FFDMP-0.75;258
FFDBox-bx3-rt100; ;Átlag;258.0;Összes futási eredmény;[258, 258, 258, 258, 258, 258, 258, 258, 258, 258, 258, 258, 258, 258, 258, 258, 258, 258, 258, 258, 258, 258, 258, 258, 258, 258, 258, 258, 258, 258, 258, 258, 258, 258, 258, 258, 258, 258, 258, 258, 258, 258, 258, 258, 258, 258, 258, 258, 258, 258, 258, 258, 258, 258, 258, 258, 258, 258, 258, 258, 258, 258, 258, 258, 258, 258, 258, 258, 258, 258, 258, 258, 258, 258, 258, 258, 258, 258, 258, 258, 258, 258, 258, 258, 258, 258, 258, 258, 258, 258, 258, 258, 258, 258, 258, 258, 258, 258, 258, 258];Eredmények csoportosítva;{258: 100}
FFDBox-bx4-rt100; ;Átlag;258.0;Összes futási eredmény;[258, 258, 258, 258, 258, 258, 258, 258, 258, 258, 258, 258, 258, 258, 258, 258, 258, 258, 258, 258, 258, 258, 258, 258, 258, 258, 258, 258, 258, 258, 258, 258, 258, 258, 258, 258, 258, 258, 258, 258, 258, 258, 258, 258, 258, 258, 258, 258, 258, 258, 258, 258, 258, 258, 258, 258, 258, 258, 258, 258, 258, 258, 258, 258, 258, 258, 258, 258, 258, 258, 258, 258, 258, 258, 258, 258, 258, 258, 258, 258, 258, 258, 258, 258, 258, 258, 258, 258, 258, 258, 258, 258, 258, 258, 258, 258, 258, 258, 258, 258];Eredmények csoportosítva;{258: 100}
FFDBox-bx5-rt100; ;Átlag;258.0;Összes futási eredmény;[258, 258, 258, 258, 258, 258, 258, 258, 258, 258, 258, 258, 258, 258, 258, 258, 258, 258, 258, 258, 258, 258, 258, 258, 258, 258, 258, 258, 258, 258, 258, 258, 258, 258, 258, 258, 258, 258, 258, 258, 258, 258, 258, 258, 258, 258, 258, 258, 258, 258, 258, 258, 258, 258, 258, 258, 258, 258, 258, 258, 258, 258, 258, 258, 258, 258, 258, 258, 258, 258, 258, 258, 258, 258, 258, 258, 258, 258, 258, 258, 258, 258, 258, 258, 258, 258, 258, 258, 258, 258, 258, 258, 258, 258, 258, 258, 258, 258, 258, 258];Eredmények csoportosítva;{258: 100}
FFDBox-bx6-rt100; ;Átlag;258.01;Összes futási eredmény;[258, 258, 258, 258, 258, 258, 258, 258, 258, 258, 258, 258, 258, 258, 258, 258, 258, 258, 258, 258, 258, 258, 258, 258, 258, 258, 258, 258, 258, 258, 258, 258, 258, 258, 258, 258, 258, 258, 258, 258, 258, 258, 258, 258, 258, 258, 258, 258, 258, 258, 258, 258, 258, 258, 258, 258, 258, 258, 258, 258, 258, 258, 258, 258, 258, 258, 258, 258, 258, 258, 258, 258, 258, 258, 258, 258, 258, 258, 258, 258, 258, 258, 258, 258, 258, 258, 258, 258, 258, 258, 258, 259, 258, 258, 258, 258, 258, 258, 258, 258];Eredmények csoportosítva;{258: 99, 259: 1}
FFDGroups-gn4-rt100; ;Átlag;260.07;Összes futási eredmény;[260, 260, 261, 260, 260, 259, 260, 261, 261, 260, 260, 260, 260, 260, 261, 259, 260, 260, 260, 260, 260, 261, 260, 260, 261, 260, 260, 260, 260, 259, 260, 261, 260, 260, 260, 260, 260, 260, 260, 260, 260, 260, 260, 260, 260, 260, 259, 260, 260, 260, 260, 260, 260, 260, 260, 260, 260, 260, 261, 260, 260, 261, 261, 260, 260, 260, 260, 260, 260, 261, 260, 260, 260, 260, 260, 259, 260, 260, 260, 260, 260, 260, 260, 261, 260, 260, 260, 260, 260, 260, 260, 259, 260, 260, 260, 260, 260, 260, 260, 261];Eredmények csoportosítva;{260: 81, 261: 13, 259: 6}
FFDGroups-gn6-rt100; ;Átlag;258.76;Összes futási eredmény;[259, 259, 259, 259, 259, 259, 259, 259, 259, 259, 259, 258, 259, 259, 259, 259, 259, 259, 258, 258, 259, 259, 258, 259, 258, 258, 259, 259, 259, 259, 259, 259, 258, 259, 259, 259, 259, 259, 259, 259, 258, 259, 259, 259, 259, 259, 259, 259, 259, 259, 258, 259, 258, 259, 259, 258, 259, 258, 259, 258, 259, 258, 258, 259, 259, 259, 259, 258, 258, 259, 259, 259, 259, 259, 259, 259, 259, 259, 258, 258, 259, 259, 259, 258, 259, 259, 259, 259, 259, 259, 259, 258, 258, 259, 258, 259, 258, 259, 259, 259];Eredmények csoportosítva;{259: 76, 258: 24}
FFDGroups-gn10-rt100; ;Átlag;258.84;Összes futási eredmény;[259, 259, 259, 259, 258, 259, 259, 259, 258, 259, 259, 259, 259, 259, 259, 259, 259, 259, 259, 259, 259, 259, 259, 259, 259, 259, 259, 259, 258, 259, 259, 259, 259, 259, 258, 259, 259, 259, 259, 259, 259, 259, 259, 258, 259, 259, 259, 259, 259, 258, 258, 258, 259, 259, 259, 258, 259, 259, 259, 259, 258, 259, 259, 258, 259, 259, 258, 259, 259, 259, 259, 259, 258, 259, 259, 259, 259, 259, 259, 260, 259, 259, 259, 259, 259, 259, 259, 258, 259, 259, 259, 259, 259, 259, 259, 259, 258, 258, 258, 259];Eredmények csoportosítva;{259: 82, 258: 17, 260: 1}
FFDGroups-gn20-rt100; ;Átlag;258.88;Összes futási eredmény;[259, 259, 259, 259, 259, 259, 259, 259, 259, 258, 259, 259, 259, 259, 259, 259, 259, 259, 259, 259, 259, 259, 259, 259, 259, 259, 259, 258, 259, 259, 258, 259, 259, 259, 259, 258, 259, 259, 258, 259, 259, 259, 259, 259, 258, 259, 259, 259, 259, 259, 259, 259, 259, 259, 259, 259, 259, 259, 258, 259, 259, 259, 259, 259, 259, 259, 259, 259, 259, 259, 259, 259, 258, 258, 259, 259, 259, 259, 259, 259, 259, 259, 259, 259, 259, 259, 258, 259, 259, 259, 259, 259, 259, 259, 259, 259, 258, 258, 259, 259];Eredmények csoportosítva;{259: 88, 258: 12}
FFDBG-gn4-bx4-rt100; ;Átlag;258.0;Összes futási eredmény;[258, 258, 258, 258, 258, 258, 258, 258, 258, 258, 258, 258, 258, 258, 258, 258, 258, 258, 258, 258, 258, 258, 258, 258, 258, 258, 258, 258, 258, 258, 258, 258, 258, 258, 258, 258, 258, 258, 258, 258, 258, 258, 258, 258, 258, 258, 258, 258, 258, 258, 258, 258, 258, 258, 258, 258, 258, 258, 258, 258, 258, 258, 258, 258, 258, 258, 258, 258, 258, 258, 258, 258, 258, 258, 258, 258, 258, 258, 258, 258, 258, 258, 258, 258, 258, 258, 258, 258, 258, 258, 258, 258, 258, 258, 258, 258, 258, 258, 258, 258];Eredmények csoportosítva;{258: 100}
FFDBG-gn6-bx4-rt100; ;Átlag;258.0;Összes futási eredmény;[258, 258, 258, 258, 258, 258, 258, 258, 258, 258, 258, 258, 258, 258, 258, 258, 258, 258, 258, 258, 258, 258, 258, 258, 258, 258, 258, 258, 258, 258, 258, 258, 258, 258, 258, 258, 258, 258, 258, 258, 258, 258, 258, 258, 258, 258, 258, 258, 258, 258, 258, 258, 258, 258, 258, 258, 258, 258, 258, 258, 258, 258, 258, 258, 258, 258, 258, 258, 258, 258, 258, 258, 258, 258, 258, 258, 258, 258, 258, 258, 258, 258, 258, 258, 258, 258, 258, 258, 258, 258, 258, 258, 258, 258, 258, 258, 258, 258, 258, 258];Eredmények csoportosítva;{258: 100}
FFDBG-gn5-bx3-rt100; ;Átlag;258.0;Összes futási eredmény;[258, 258, 258, 258, 258, 258, 258, 258, 258, 258, 258, 258, 258, 258, 258, 258, 258, 258, 258, 258, 258, 258, 258, 258, 258, 258, 258, 258, 258, 258, 258, 258, 258, 258, 258, 258, 258, 258, 258, 258, 258, 258, 258, 258, 258, 258, 258, 258, 258, 258, 258, 258, 258, 258, 258, 258, 258, 258, 258, 258, 258, 258, 258, 258, 258, 258, 258, 258, 258, 258, 258, 258, 258, 258, 258, 258, 258, 258, 258, 258, 258, 258, 258, 258, 258, 258, 258, 258, 258, 258, 258, 258, 258, 258, 258, 258, 258, 258, 258, 258];Eredmények csoportosítva;{258: 100}
FFDRatio-ra2-rt100; ;Átlag;284.47;Összes futási eredmény;[282, 289, 289, 283, 290, 281, 288, 288, 288, 288, 284, 289, 289, 289, 280, 290, 287, 284, 283, 289, 277, 289, 290, 289, 285, 281, 287, 290, 288, 276, 279, 289, 288, 290, 270, 289, 288, 282, 279, 290, 288, 277, 289, 290, 292, 290, 274, 279, 289, 273, 268, 290, 277, 266, 279, 290, 289, 289, 280, 270, 287, 289, 277, 278, 287, 289, 289, 290, 285, 287, 278, 286, 289, 288, 281, 289, 279, 288, 278, 279, 289, 290, 289, 286, 289, 289, 272, 288, 287, 288, 278, 289, 282, 286, 282, 278, 266, 285, 288, 288];Eredmények csoportosítva;{282: 4, 289: 24, 283: 2, 290: 12, 281: 3, 288: 14, 284: 2, 280: 2, 287: 6, 277: 4, 285: 3, 276: 1, 279: 6, 270: 2, 292: 1, 274: 1, 273: 1, 268: 1, 266: 2, 278: 5, 286: 3, 272: 1}
FFDRatio-ra5-rt100; ;Átlag;264.45;Összes futási eredmény;[264, 264, 265, 264, 265, 264, 263, 264, 264, 264, 265, 264, 264, 264, 265, 265, 264, 264, 264, 265, 264, 264, 264, 264, 264, 266, 264, 264, 263, 264, 266, 265, 266, 263, 265, 264, 264, 264, 267, 264, 264, 263, 263, 264, 264, 267, 263, 264, 266, 265, 264, 263, 264, 263, 264, 264, 264, 266, 264, 263, 265, 267, 265, 266, 265, 265, 264, 266, 264, 266, 264, 264, 264, 265, 264, 266, 264, 266, 267, 263, 267, 265, 265, 264, 264, 266, 264, 264, 265, 266, 265, 263, 264, 264, 263, 264, 264, 264, 264, 264];Eredmények csoportosítva;{264: 53, 265: 18, 263: 12, 266: 12, 267: 5}
FFDRatio-ra10-rt100; ;Átlag;262.34;Összes futási eredmény;[262, 262, 262, 263, 262, 262, 262, 262, 263, 262, 262, 263, 262, 263, 263, 262, 262, 262, 263, 262, 262, 262, 262, 262, 262, 262, 262, 262, 262, 263, 263, 263, 262, 263, 262, 263, 263, 262, 262, 262, 262, 262, 262, 263, 263, 263, 262, 262, 262, 262, 262, 262, 262, 262, 263, 263, 262, 262, 263, 262, 263, 262, 262, 262, 262, 262, 263, 262, 262, 262, 262, 262, 262, 263, 262, 263, 263, 263, 263, 262, 263, 263, 263, 262, 262, 263, 263, 262, 262, 262, 262, 262, 263, 262, 262, 263, 263, 262, 262, 263];Eredmények csoportosítva;{262: 66, 263: 34}
FFDRatio-ra15-rt100; ;Átlag;261.39;Összes futási eredmény;[261, 261, 261, 261, 261, 262, 262, 262, 262, 261, 262, 261, 262, 261, 261, 261, 261, 261, 261, 261, 262, 261, 261, 262, 261, 262, 261, 261, 262, 261, 262, 262, 261, 261, 262, 262, 261, 261, 262, 262, 261, 261, 262, 261, 262, 262, 261, 262, 262, 261, 261, 262, 261, 262, 261, 262, 261, 261, 261, 261, 262, 262, 261, 262, 262, 261, 261, 261, 261, 262, 261, 261, 261, 262, 262, 261, 262, 261, 261, 262, 262, 261, 261, 261, 261, 261, 262, 261, 261, 261, 261, 261, 261, 261, 262, 261, 261, 262, 262, 262];Eredmények csoportosítva;{261: 61, 262: 39}
FFDVal-rt100; ;Átlag;268.69;Összes futási eredmény;[269, 269, 268, 268, 268, 268, 268, 268, 269, 268, 268, 269, 269, 269, 269, 268, 270, 269, 269, 269, 268, 269, 268, 268, 268, 270, 268, 268, 268, 269, 269, 269, 269, 269, 270, 268, 269, 269, 269, 268, 269, 269, 270, 269, 268, 268, 269, 269, 269, 269, 270, 270, 269, 268, 269, 269, 269, 269, 268, 269, 269, 268, 268, 269, 270, 268, 270, 269, 268, 269, 268, 268, 268, 269, 269, 269, 268, 269, 268, 268, 268, 269, 268, 269, 269, 270, 269, 268, 269, 267, 269, 269, 268, 268, 269, 269, 268, 269, 269, 269];Eredmények csoportosítva;{269: 52, 268: 38, 270: 9, 267: 1}
L2NotDet-gp1-rn50; ;Átlag;258.0;Összes futási eredmény;[258, 258, 258, 258, 258, 258, 258, 258, 258, 258, 258, 258, 258, 258, 258, 258, 258, 258, 258, 258, 258, 258, 258, 258, 258, 258, 258, 258, 258, 258, 258, 258, 258, 258, 258, 258, 258, 258, 258, 258, 258, 258, 258, 258, 258, 258, 258, 258, 258, 258];Eredmények csoportosítva;{258: 50}
L2NotDet-gp3-rn50; ;Átlag;258.0;Összes futási eredmény;[258, 258, 258, 258, 258, 258, 258, 258, 258, 258, 258, 258, 258, 258, 258, 258, 258, 258, 258, 258, 258, 258, 258, 258, 258, 258, 258, 258, 258, 258, 258, 258, 258, 258, 258, 258, 258, 258, 258, 258, 258, 258, 258, 258, 258, 258, 258, 258, 258, 258];Eredmények csoportosítva;{258: 50}
L2NotDet-gp5-rn50; ;Átlag;258.0;Összes futási eredmény;[258, 258, 258, 258, 258, 258, 258, 258, 258, 258, 258, 258, 258, 258, 258, 258, 258, 258, 258, 258, 258, 258, 258, 258, 258, 258, 258, 258, 258, 258, 258, 258, 258, 258, 258, 258, 258, 258, 258, 258, 258, 258, 258, 258, 258, 258, 258, 258, 258, 258];Eredmények csoportosítva;{258: 50}
