Alsó Korlát;202
FFD-bin-sum;206
FFD-bin-avg;206
FFD-bin-prod;206
FFD-item-sum;204
FFD-item-avg;204
FFD-item-prod;204
dotP-gp1;204
dotP-gp2;204
dotP-gp3;204
dotP-gp4;205
L2-gp1;204
L2-gp2;204
L2-gp3;204
L2-gp4;205
FFDRev;227
FFDRevAdv;227
FFDMP-1.0;204
FFDMP-0.9;204
FFDMP-0.8;204
FFDMP-0.75;204
FFDBox-bx3-rt100; ;Átlag;204.0;Összes futási eredmény;[204, 204, 204, 204, 204, 204, 204, 204, 204, 204, 204, 204, 204, 204, 204, 204, 204, 204, 204, 204, 204, 204, 204, 204, 204, 204, 204, 204, 204, 204, 204, 204, 204, 204, 204, 204, 204, 204, 204, 204, 204, 204, 204, 204, 204, 204, 204, 204, 204, 204, 204, 204, 204, 204, 204, 204, 204, 204, 204, 204, 204, 204, 204, 204, 204, 204, 204, 204, 204, 204, 204, 204, 204, 204, 204, 204, 204, 204, 204, 204, 204, 204, 204, 204, 204, 204, 204, 204, 204, 204, 204, 204, 204, 204, 204, 204, 204, 204, 204, 204];Eredmények csoportosítva;{204: 100}
FFDBox-bx4-rt100; ;Átlag;204.0;Összes futási eredmény;[204, 204, 204, 204, 204, 204, 204, 204, 204, 204, 204, 204, 204, 204, 204, 204, 204, 204, 204, 204, 204, 204, 204, 204, 204, 204, 204, 204, 204, 204, 204, 204, 204, 204, 204, 204, 204, 204, 204, 204, 204, 204, 204, 204, 204, 204, 204, 204, 204, 204, 204, 204, 204, 204, 204, 204, 204, 204, 204, 204, 204, 204, 204, 204, 204, 204, 204, 204, 204, 204, 204, 204, 204, 204, 204, 204, 204, 204, 204, 204, 204, 204, 204, 204, 204, 204, 204, 204, 204, 204, 204, 204, 204, 204, 204, 204, 204, 204, 204, 204];Eredmények csoportosítva;{204: 100}
FFDBox-bx5-rt100; ;Átlag;204.0;Összes futási eredmény;[204, 204, 204, 204, 204, 204, 204, 204, 204, 204, 204, 204, 204, 204, 204, 204, 204, 204, 204, 204, 204, 204, 204, 204, 204, 204, 204, 204, 204, 204, 204, 204, 204, 204, 204, 204, 204, 204, 204, 204, 204, 204, 204, 204, 204, 204, 204, 204, 204, 204, 204, 204, 204, 204, 204, 204, 204, 204, 204, 204, 204, 204, 204, 204, 204, 204, 204, 204, 204, 204, 204, 204, 204, 204, 204, 204, 204, 204, 204, 204, 204, 204, 204, 204, 204, 204, 204, 204, 204, 204, 204, 204, 204, 204, 204, 204, 204, 204, 204, 204];Eredmények csoportosítva;{204: 100}
FFDBox-bx6-rt100; ;Átlag;204.01;Összes futási eredmény;[204, 204, 204, 204, 204, 204, 204, 204, 204, 204, 204, 204, 204, 204, 204, 204, 204, 204, 204, 204, 204, 204, 204, 204, 204, 204, 204, 204, 204, 204, 204, 204, 204, 204, 204, 204, 204, 204, 204, 204, 204, 204, 204, 204, 204, 204, 204, 204, 204, 204, 204, 204, 204, 204, 204, 204, 204, 204, 204, 204, 204, 204, 204, 204, 204, 204, 204, 204, 204, 204, 204, 204, 204, 204, 204, 204, 204, 204, 205, 204, 204, 204, 204, 204, 204, 204, 204, 204, 204, 204, 204, 204, 204, 204, 204, 204, 204, 204, 204, 204];Eredmények csoportosítva;{204: 99, 205: 1}
FFDGroups-gn4-rt100; ;Átlag;206.24;Összes futási eredmény;[207, 206, 207, 207, 206, 206, 206, 206, 206, 206, 206, 206, 206, 206, 206, 206, 207, 207, 206, 206, 206, 206, 207, 207, 206, 206, 206, 206, 206, 206, 206, 207, 206, 206, 206, 207, 207, 206, 206, 207, 206, 206, 206, 207, 206, 206, 207, 206, 206, 206, 206, 206, 206, 207, 206, 207, 206, 206, 206, 207, 207, 207, 206, 206, 205, 207, 206, 206, 206, 206, 206, 206, 207, 206, 206, 206, 206, 206, 206, 206, 206, 207, 206, 207, 207, 206, 206, 206, 206, 206, 207, 206, 206, 206, 206, 206, 206, 206, 207, 206];Eredmények csoportosítva;{207: 25, 206: 74, 205: 1}
FFDGroups-gn6-rt100; ;Átlag;205.01;Összes futási eredmény;[205, 205, 205, 205, 205, 205, 205, 205, 205, 206, 205, 205, 205, 205, 205, 205, 205, 205, 205, 205, 206, 205, 205, 205, 205, 205, 205, 205, 205, 205, 205, 205, 205, 205, 205, 204, 205, 205, 205, 205, 205, 205, 205, 205, 205, 205, 205, 205, 205, 205, 206, 205, 204, 205, 205, 205, 205, 205, 205, 205, 205, 204, 205, 205, 205, 205, 205, 204, 205, 205, 205, 205, 206, 205, 205, 205, 205, 205, 205, 205, 205, 205, 205, 205, 205, 205, 204, 205, 205, 205, 205, 205, 206, 205, 205, 205, 206, 205, 205, 205];Eredmények csoportosítva;{205: 89, 206: 6, 204: 5}
FFDGroups-gn10-rt100; ;Átlag;204.57;Összes futási eredmény;[205, 204, 204, 204, 204, 205, 205, 204, 204, 205, 205, 205, 204, 204, 204, 205, 205, 205, 205, 204, 205, 204, 204, 204, 204, 205, 205, 204, 205, 204, 205, 204, 205, 204, 205, 205, 204, 204, 205, 204, 205, 205, 205, 205, 204, 205, 204, 205, 204, 205, 205, 204, 204, 205, 204, 205, 205, 204, 205, 204, 205, 205, 204, 204, 205, 204, 205, 205, 204, 204, 205, 205, 205, 205, 204, 205, 204, 205, 205, 204, 204, 205, 205, 205, 204, 205, 205, 205, 205, 204, 205, 205, 205, 205, 205, 204, 204, 204, 205, 205];Eredmények csoportosítva;{205: 57, 204: 43}
FFDGroups-gn20-rt100; ;Átlag;204.81;Összes futási eredmény;[205, 205, 205, 205, 205, 205, 205, 205, 205, 204, 205, 205, 205, 205, 205, 204, 205, 205, 204, 205, 205, 205, 205, 204, 205, 205, 205, 204, 205, 204, 205, 205, 205, 205, 205, 205, 205, 204, 205, 205, 205, 205, 204, 205, 204, 205, 204, 205, 205, 205, 205, 204, 205, 205, 205, 204, 205, 205, 204, 205, 205, 205, 205, 204, 205, 205, 204, 205, 204, 205, 205, 205, 205, 205, 205, 204, 205, 205, 205, 205, 205, 205, 205, 205, 204, 205, 204, 205, 205, 205, 205, 205, 205, 205, 205, 205, 205, 205, 205, 205];Eredmények csoportosítva;{205: 81, 204: 19}
FFDBG-gn4-bx4-rt100; ;Átlag;204.0;Összes futási eredmény;[204, 204, 204, 204, 204, 204, 204, 204, 204, 204, 204, 204, 204, 204, 204, 204, 204, 204, 204, 204, 204, 204, 204, 204, 204, 204, 204, 204, 204, 204, 204, 204, 204, 204, 204, 204, 204, 204, 204, 204, 204, 204, 204, 204, 204, 204, 204, 204, 204, 204, 204, 204, 204, 204, 204, 204, 204, 204, 204, 204, 204, 204, 204, 204, 204, 204, 204, 204, 204, 204, 204, 204, 204, 204, 204, 204, 204, 204, 204, 204, 204, 204, 204, 204, 204, 204, 204, 204, 204, 204, 204, 204, 204, 204, 204, 204, 204, 204, 204, 204];Eredmények csoportosítva;{204: 100}
FFDBG-gn6-bx4-rt100; ;Átlag;204.0;Összes futási eredmény;[204, 204, 204, 204, 204, 204, 204, 204, 204, 204, 204, 204, 204, 204, 204, 204, 204, 204, 204, 204, 204, 204, 204, 204, 204, 204, 204, 204, 204, 204, 204, 204, 204, 204, 204, 204, 204, 204, 204, 204, 204, 204, 204, 204, 204, 204, 204, 204, 204, 204, 204, 204, 204, 204, 204, 204, 204, 204, 204, 204, 204, 204, 204, 204, 204, 204, 204, 204, 204, 204, 204, 204, 204, 204, 204, 204, 204, 204, 204, 204, 204, 204, 204, 204, 204, 204, 204, 204, 204, 204, 204, 204, 204, 204, 204, 204, 204, 204, 204, 204];Eredmények csoportosítva;{204: 100}
FFDBG-gn5-bx3-rt100; ;Átlag;204.0;Összes futási eredmény;[204, 204, 204, 204, 204, 204, 204, 204, 204, 204, 204, 204, 204, 204, 204, 204, 204, 204, 204, 204, 204, 204, 204, 204, 204, 204, 204, 204, 204, 204, 204, 204, 204, 204, 204, 204, 204, 204, 204, 204, 204, 204, 204, 204, 204, 204, 204, 204, 204, 204, 204, 204, 204, 204, 204, 204, 204, 204, 204, 204, 204, 204, 204, 204, 204, 204, 204, 204, 204, 204, 204, 204, 204, 204, 204, 204, 204, 204, 204, 204, 204, 204, 204, 204, 204, 204, 204, 204, 204, 204, 204, 204, 204, 204, 204, 204, 204, 204, 204, 204];Eredmények csoportosítva;{204: 100}
FFDRatio-ra2-rt100; ;Átlag;221.99;Összes futási eredmény;[219, 231, 232, 231, 225, 218, 226, 230, 230, 216, 231, 231, 216, 223, 219, 230, 211, 231, 211, 228, 214, 209, 230, 214, 222, 214, 221, 231, 220, 223, 213, 212, 212, 217, 218, 229, 224, 226, 230, 219, 216, 231, 220, 213, 229, 230, 232, 225, 226, 216, 230, 219, 218, 230, 216, 217, 217, 212, 216, 231, 227, 211, 217, 229, 212, 220, 231, 230, 224, 221, 226, 228, 221, 212, 231, 217, 230, 213, 213, 220, 223, 220, 224, 227, 216, 224, 231, 218, 211, 232, 210, 222, 231, 226, 215, 221, 228, 232, 212, 212];Eredmények csoportosítva;{219: 4, 231: 12, 232: 4, 225: 2, 218: 4, 226: 5, 230: 10, 216: 7, 223: 3, 211: 4, 228: 3, 214: 3, 209: 1, 222: 2, 221: 4, 220: 5, 213: 4, 212: 7, 217: 5, 229: 3, 224: 4, 227: 2, 210: 1, 215: 1}
FFDRatio-ra5-rt100; ;Átlag;209.0;Összes futási eredmény;[210, 209, 208, 209, 208, 210, 209, 209, 209, 208, 209, 209, 209, 209, 208, 210, 209, 209, 209, 209, 209, 210, 209, 209, 209, 209, 209, 209, 209, 209, 209, 209, 208, 209, 209, 209, 209, 210, 209, 209, 209, 209, 208, 209, 209, 209, 209, 209, 209, 211, 209, 209, 209, 209, 209, 209, 209, 210, 209, 209, 209, 209, 208, 209, 209, 209, 209, 208, 209, 209, 209, 209, 209, 210, 209, 209, 209, 209, 210, 209, 208, 209, 209, 209, 209, 209, 209, 209, 209, 209, 210, 209, 208, 209, 209, 209, 209, 209, 209, 208];Eredmények csoportosítva;{210: 9, 209: 79, 208: 11, 211: 1}
FFDRatio-ra10-rt100; ;Átlag;207.11;Összes futási eredmény;[207, 207, 207, 208, 207, 208, 208, 207, 207, 208, 207, 207, 207, 207, 207, 207, 207, 207, 207, 207, 207, 208, 207, 207, 207, 207, 207, 207, 207, 208, 207, 207, 207, 207, 208, 207, 207, 207, 207, 207, 207, 207, 207, 207, 207, 207, 207, 208, 207, 207, 207, 208, 207, 207, 207, 208, 207, 207, 207, 207, 207, 207, 207, 207, 207, 207, 207, 207, 207, 207, 207, 207, 207, 208, 207, 207, 207, 207, 207, 207, 207, 207, 207, 207, 207, 207, 207, 207, 207, 207, 207, 207, 207, 207, 207, 207, 207, 207, 207, 207];Eredmények csoportosítva;{207: 89, 208: 11}
FFDRatio-ra15-rt100; ;Átlag;206.54;Összes futási eredmény;[206, 207, 206, 207, 207, 207, 206, 206, 207, 207, 206, 207, 207, 206, 207, 206, 207, 206, 206, 207, 206, 206, 206, 207, 207, 207, 207, 207, 207, 206, 207, 207, 206, 207, 207, 206, 206, 206, 207, 206, 207, 206, 207, 206, 207, 206, 206, 206, 207, 207, 206, 206, 207, 207, 206, 207, 207, 206, 207, 206, 206, 207, 206, 206, 207, 206, 207, 207, 206, 207, 207, 206, 206, 207, 207, 206, 207, 207, 206, 206, 207, 206, 206, 207, 207, 207, 207, 206, 207, 207, 206, 206, 207, 207, 206, 206, 207, 207, 206, 207];Eredmények csoportosítva;{206: 46, 207: 54}
FFDVal-rt100; ;Átlag;214.05;Összes futási eredmény;[214, 214, 214, 214, 214, 214, 214, 214, 214, 215, 214, 214, 214, 214, 214, 214, 215, 214, 215, 215, 214, 215, 214, 215, 214, 213, 214, 214, 213, 214, 214, 214, 214, 214, 214, 216, 215, 214, 214, 213, 215, 214, 213, 214, 214, 214, 214, 213, 215, 215, 214, 213, 214, 214, 214, 213, 214, 214, 214, 214, 214, 213, 214, 214, 214, 215, 214, 214, 214, 214, 214, 214, 214, 214, 215, 214, 214, 213, 215, 214, 213, 214, 214, 214, 215, 214, 213, 213, 213, 215, 214, 214, 214, 215, 214, 214, 214, 214, 214, 214];Eredmények csoportosítva;{214: 70, 215: 16, 213: 13, 216: 1}
L2NotDet-gp1-rn50; ;Átlag;204.0;Összes futási eredmény;[204, 204, 204, 204, 204, 204, 204, 204, 204, 204, 204, 204, 204, 204, 204, 204, 204, 204, 204, 204, 204, 204, 204, 204, 204, 204, 204, 204, 204, 204, 204, 204, 204, 204, 204, 204, 204, 204, 204, 204, 204, 204, 204, 204, 204, 204, 204, 204, 204, 204];Eredmények csoportosítva;{204: 50}
L2NotDet-gp3-rn50; ;Átlag;204.0;Összes futási eredmény;[204, 204, 204, 204, 204, 204, 204, 204, 204, 204, 204, 204, 204, 204, 204, 204, 204, 204, 204, 204, 204, 204, 204, 204, 204, 204, 204, 204, 204, 204, 204, 204, 204, 204, 204, 204, 204, 204, 204, 204, 204, 204, 204, 204, 204, 204, 204, 204, 204, 204];Eredmények csoportosítva;{204: 50}
L2NotDet-gp5-rn50; ;Átlag;204.02;Összes futási eredmény;[204, 204, 204, 204, 204, 204, 204, 204, 204, 204, 204, 204, 204, 204, 204, 205, 204, 204, 204, 204, 204, 204, 204, 204, 204, 204, 204, 204, 204, 204, 204, 204, 204, 204, 204, 204, 204, 204, 204, 204, 204, 204, 204, 204, 204, 204, 204, 204, 204, 204];Eredmények csoportosítva;{204: 49, 205: 1}
