Alsó Korlát;102
FFD-bin-sum;105
FFD-bin-avg;105
FFD-bin-prod;105
FFD-item-sum;103
FFD-item-avg;103
FFD-item-prod;103
dotP-gp1;103
dotP-gp2;103
dotP-gp3;103
dotP-gp4;103
L2-gp1;103
L2-gp2;103
L2-gp3;103
L2-gp4;103
FFDRev;115
FFDRevAdv;115
FFDMP-1.0;103
FFDMP-0.9;103
FFDMP-0.8;103
FFDMP-0.75;103
FFDBox-bx3-rt100; ;Átlag;103.0;Összes futási eredmény;[103, 103, 103, 103, 103, 103, 103, 103, 103, 103, 103, 103, 103, 103, 103, 103, 103, 103, 103, 103, 103, 103, 103, 103, 103, 103, 103, 103, 103, 103, 103, 103, 103, 103, 103, 103, 103, 103, 103, 103, 103, 103, 103, 103, 103, 103, 103, 103, 103, 103, 103, 103, 103, 103, 103, 103, 103, 103, 103, 103, 103, 103, 103, 103, 103, 103, 103, 103, 103, 103, 103, 103, 103, 103, 103, 103, 103, 103, 103, 103, 103, 103, 103, 103, 103, 103, 103, 103, 103, 103, 103, 103, 103, 103, 103, 103, 103, 103, 103, 103];Eredmények csoportosítva;{103: 100}
FFDBox-bx4-rt100; ;Átlag;103.0;Összes futási eredmény;[103, 103, 103, 103, 103, 103, 103, 103, 103, 103, 103, 103, 103, 103, 103, 103, 103, 103, 103, 103, 103, 103, 103, 103, 103, 103, 103, 103, 103, 103, 103, 103, 103, 103, 103, 103, 103, 103, 103, 103, 103, 103, 103, 103, 103, 103, 103, 103, 103, 103, 103, 103, 103, 103, 103, 103, 103, 103, 103, 103, 103, 103, 103, 103, 103, 103, 103, 103, 103, 103, 103, 103, 103, 103, 103, 103, 103, 103, 103, 103, 103, 103, 103, 103, 103, 103, 103, 103, 103, 103, 103, 103, 103, 103, 103, 103, 103, 103, 103, 103];Eredmények csoportosítva;{103: 100}
FFDBox-bx5-rt100; ;Átlag;103.0;Összes futási eredmény;[103, 103, 103, 103, 103, 103, 103, 103, 103, 103, 103, 103, 103, 103, 103, 103, 103, 103, 103, 103, 103, 103, 103, 103, 103, 103, 103, 103, 103, 103, 103, 103, 103, 103, 103, 103, 103, 103, 103, 103, 103, 103, 103, 103, 103, 103, 103, 103, 103, 103, 103, 103, 103, 103, 103, 103, 103, 103, 103, 103, 103, 103, 103, 103, 103, 103, 103, 103, 103, 103, 103, 103, 103, 103, 103, 103, 103, 103, 103, 103, 103, 103, 103, 103, 103, 103, 103, 103, 103, 103, 103, 103, 103, 103, 103, 103, 103, 103, 103, 103];Eredmények csoportosítva;{103: 100}
FFDBox-bx6-rt100; ;Átlag;103.0;Összes futási eredmény;[103, 103, 103, 103, 103, 103, 103, 103, 103, 103, 103, 103, 103, 103, 103, 103, 103, 103, 103, 103, 103, 103, 103, 103, 103, 103, 103, 103, 103, 103, 103, 103, 103, 103, 103, 103, 103, 103, 103, 103, 103, 103, 103, 103, 103, 103, 103, 103, 103, 103, 103, 103, 103, 103, 103, 103, 103, 103, 103, 103, 103, 103, 103, 103, 103, 103, 103, 103, 103, 103, 103, 103, 103, 103, 103, 103, 103, 103, 103, 103, 103, 103, 103, 103, 103, 103, 103, 103, 103, 103, 103, 103, 103, 103, 103, 103, 103, 103, 103, 103];Eredmények csoportosítva;{103: 100}
FFDGroups-gn4-rt100; ;Átlag;104.1;Összes futási eredmény;[104, 105, 104, 104, 104, 104, 105, 104, 104, 104, 104, 104, 104, 104, 104, 104, 104, 104, 104, 104, 104, 104, 104, 104, 104, 104, 104, 105, 104, 104, 104, 104, 104, 105, 104, 104, 104, 104, 104, 104, 104, 104, 104, 104, 104, 104, 105, 104, 105, 104, 104, 104, 104, 104, 104, 104, 104, 104, 104, 104, 105, 104, 104, 104, 104, 104, 104, 104, 104, 104, 104, 104, 104, 104, 104, 104, 104, 104, 104, 104, 104, 104, 104, 104, 105, 104, 104, 105, 104, 104, 104, 104, 104, 104, 104, 105, 104, 104, 104, 104];Eredmények csoportosítva;{104: 90, 105: 10}
FFDGroups-gn6-rt100; ;Átlag;103.19;Összes futási eredmény;[104, 103, 103, 103, 103, 103, 104, 104, 103, 103, 103, 103, 103, 103, 104, 103, 103, 103, 104, 103, 103, 103, 103, 103, 103, 103, 103, 103, 104, 104, 104, 103, 103, 104, 103, 103, 103, 103, 103, 103, 103, 104, 104, 103, 104, 103, 103, 103, 103, 103, 104, 103, 103, 103, 103, 104, 103, 104, 103, 103, 103, 103, 103, 103, 103, 103, 103, 103, 103, 104, 103, 103, 103, 103, 103, 103, 104, 104, 103, 103, 104, 103, 103, 103, 103, 103, 103, 103, 103, 103, 103, 103, 103, 103, 103, 103, 103, 103, 103, 103];Eredmények csoportosítva;{104: 19, 103: 81}
FFDGroups-gn10-rt100; ;Átlag;103.03;Összes futási eredmény;[103, 103, 103, 104, 103, 103, 103, 103, 103, 103, 103, 103, 103, 103, 103, 103, 103, 103, 103, 103, 103, 103, 103, 103, 103, 103, 103, 103, 103, 103, 103, 103, 103, 103, 103, 103, 103, 103, 103, 103, 103, 103, 104, 103, 103, 103, 103, 103, 103, 103, 103, 103, 103, 103, 103, 103, 103, 103, 103, 103, 103, 103, 103, 103, 103, 103, 103, 103, 103, 103, 103, 103, 103, 103, 104, 103, 103, 103, 103, 103, 103, 103, 103, 103, 103, 103, 103, 103, 103, 103, 103, 103, 103, 103, 103, 103, 103, 103, 103, 103];Eredmények csoportosítva;{103: 97, 104: 3}
FFDGroups-gn20-rt100; ;Átlag;103.0;Összes futási eredmény;[103, 103, 103, 103, 103, 103, 103, 103, 103, 103, 103, 103, 103, 103, 103, 103, 103, 103, 103, 103, 103, 103, 103, 103, 103, 103, 103, 103, 103, 103, 103, 103, 103, 103, 103, 103, 103, 103, 103, 103, 103, 103, 103, 103, 103, 103, 103, 103, 103, 103, 103, 103, 103, 103, 103, 103, 103, 103, 103, 103, 103, 103, 103, 103, 103, 103, 103, 103, 103, 103, 103, 103, 103, 103, 103, 103, 103, 103, 103, 103, 103, 103, 103, 103, 103, 103, 103, 103, 103, 103, 103, 103, 103, 103, 103, 103, 103, 103, 103, 103];Eredmények csoportosítva;{103: 100}
FFDBG-gn4-bx4-rt100; ;Átlag;103.0;Összes futási eredmény;[103, 103, 103, 103, 103, 103, 103, 103, 103, 103, 103, 103, 103, 103, 103, 103, 103, 103, 103, 103, 103, 103, 103, 103, 103, 103, 103, 103, 103, 103, 103, 103, 103, 103, 103, 103, 103, 103, 103, 103, 103, 103, 103, 103, 103, 103, 103, 103, 103, 103, 103, 103, 103, 103, 103, 103, 103, 103, 103, 103, 103, 103, 103, 103, 103, 103, 103, 103, 103, 103, 103, 103, 103, 103, 103, 103, 103, 103, 103, 103, 103, 103, 103, 103, 103, 103, 103, 103, 103, 103, 103, 103, 103, 103, 103, 103, 103, 103, 103, 103];Eredmények csoportosítva;{103: 100}
FFDBG-gn6-bx4-rt100; ;Átlag;103.0;Összes futási eredmény;[103, 103, 103, 103, 103, 103, 103, 103, 103, 103, 103, 103, 103, 103, 103, 103, 103, 103, 103, 103, 103, 103, 103, 103, 103, 103, 103, 103, 103, 103, 103, 103, 103, 103, 103, 103, 103, 103, 103, 103, 103, 103, 103, 103, 103, 103, 103, 103, 103, 103, 103, 103, 103, 103, 103, 103, 103, 103, 103, 103, 103, 103, 103, 103, 103, 103, 103, 103, 103, 103, 103, 103, 103, 103, 103, 103, 103, 103, 103, 103, 103, 103, 103, 103, 103, 103, 103, 103, 103, 103, 103, 103, 103, 103, 103, 103, 103, 103, 103, 103];Eredmények csoportosítva;{103: 100}
FFDBG-gn5-bx3-rt100; ;Átlag;103.0;Összes futási eredmény;[103, 103, 103, 103, 103, 103, 103, 103, 103, 103, 103, 103, 103, 103, 103, 103, 103, 103, 103, 103, 103, 103, 103, 103, 103, 103, 103, 103, 103, 103, 103, 103, 103, 103, 103, 103, 103, 103, 103, 103, 103, 103, 103, 103, 103, 103, 103, 103, 103, 103, 103, 103, 103, 103, 103, 103, 103, 103, 103, 103, 103, 103, 103, 103, 103, 103, 103, 103, 103, 103, 103, 103, 103, 103, 103, 103, 103, 103, 103, 103, 103, 103, 103, 103, 103, 103, 103, 103, 103, 103, 103, 103, 103, 103, 103, 103, 103, 103, 103, 103];Eredmények csoportosítva;{103: 100}
FFDRatio-ra2-rt100; ;Átlag;112.29;Összes futási eredmény;[115, 112, 115, 112, 114, 105, 116, 115, 114, 106, 114, 109, 112, 114, 113, 116, 112, 108, 112, 115, 114, 115, 115, 112, 115, 114, 111, 115, 114, 111, 116, 106, 108, 110, 109, 112, 114, 115, 108, 116, 106, 110, 113, 112, 115, 114, 107, 108, 115, 114, 115, 115, 115, 115, 106, 115, 115, 109, 110, 115, 115, 113, 114, 113, 110, 115, 115, 114, 105, 115, 114, 115, 112, 108, 115, 114, 110, 115, 109, 114, 115, 113, 109, 115, 107, 110, 109, 112, 107, 115, 114, 112, 115, 113, 111, 115, 109, 108, 114, 108];Eredmények csoportosítva;{115: 30, 112: 11, 114: 17, 105: 2, 116: 4, 106: 4, 109: 7, 113: 6, 108: 7, 111: 3, 110: 6, 107: 3}
FFDRatio-ra5-rt100; ;Átlag;105.03;Összes futási eredmény;[105, 105, 105, 105, 105, 105, 105, 105, 105, 105, 105, 105, 105, 105, 105, 105, 105, 105, 105, 105, 105, 106, 105, 105, 105, 105, 105, 105, 105, 105, 105, 105, 105, 105, 106, 105, 105, 105, 105, 105, 105, 105, 104, 105, 105, 105, 105, 105, 105, 105, 105, 105, 105, 105, 105, 105, 105, 104, 105, 105, 105, 105, 104, 105, 105, 105, 105, 105, 105, 106, 105, 105, 105, 105, 105, 106, 104, 105, 106, 105, 106, 105, 105, 106, 105, 105, 105, 105, 105, 105, 105, 106, 105, 104, 105, 105, 105, 106, 104, 105];Eredmények csoportosítva;{105: 85, 106: 9, 104: 6}
FFDRatio-ra10-rt100; ;Átlag;103.75;Összes futási eredmény;[104, 103, 103, 104, 104, 104, 104, 104, 104, 103, 103, 104, 104, 103, 104, 103, 104, 103, 104, 103, 104, 105, 104, 104, 104, 104, 103, 104, 104, 104, 103, 104, 103, 104, 104, 104, 104, 103, 103, 104, 104, 104, 103, 104, 104, 103, 104, 103, 103, 104, 104, 104, 104, 104, 103, 104, 104, 104, 104, 104, 104, 104, 104, 104, 104, 104, 104, 104, 103, 103, 104, 104, 104, 103, 104, 104, 103, 104, 104, 103, 104, 104, 104, 103, 104, 104, 104, 104, 104, 104, 104, 104, 104, 104, 103, 104, 104, 104, 104, 103];Eredmények csoportosítva;{104: 73, 103: 26, 105: 1}
FFDRatio-ra15-rt100; ;Átlag;103.07;Összes futási eredmény;[103, 103, 103, 103, 103, 103, 103, 103, 103, 103, 103, 103, 103, 103, 103, 103, 103, 103, 103, 103, 104, 103, 103, 103, 104, 103, 103, 103, 104, 104, 103, 103, 103, 103, 103, 104, 103, 103, 103, 103, 103, 103, 103, 103, 103, 103, 103, 103, 103, 103, 103, 103, 104, 103, 103, 103, 103, 103, 103, 103, 104, 103, 103, 103, 103, 103, 103, 103, 103, 103, 103, 103, 103, 103, 103, 103, 103, 103, 103, 103, 103, 103, 103, 103, 103, 103, 103, 103, 103, 103, 103, 103, 103, 103, 103, 103, 103, 103, 103, 103];Eredmények csoportosítva;{103: 93, 104: 7}
FFDVal-rt100; ;Átlag;107.39;Összes futási eredmény;[108, 107, 107, 108, 107, 107, 108, 108, 108, 107, 108, 107, 107, 107, 108, 108, 108, 108, 108, 108, 108, 106, 108, 108, 107, 108, 107, 108, 108, 107, 107, 107, 108, 107, 107, 107, 107, 107, 108, 107, 106, 107, 107, 107, 107, 106, 108, 108, 107, 107, 107, 108, 108, 107, 107, 107, 107, 107, 106, 108, 108, 107, 107, 107, 107, 108, 107, 108, 107, 108, 107, 107, 108, 108, 107, 108, 107, 106, 108, 107, 106, 108, 107, 107, 108, 108, 107, 107, 108, 109, 107, 108, 107, 108, 107, 109, 108, 107, 107, 108];Eredmények csoportosítva;{108: 41, 107: 51, 106: 6, 109: 2}
L2NotDet-gp1-rn50; ;Átlag;103.0;Összes futási eredmény;[103, 103, 103, 103, 103, 103, 103, 103, 103, 103, 103, 103, 103, 103, 103, 103, 103, 103, 103, 103, 103, 103, 103, 103, 103, 103, 103, 103, 103, 103, 103, 103, 103, 103, 103, 103, 103, 103, 103, 103, 103, 103, 103, 103, 103, 103, 103, 103, 103, 103];Eredmények csoportosítva;{103: 50}
L2NotDet-gp3-rn50; ;Átlag;103.0;Összes futási eredmény;[103, 103, 103, 103, 103, 103, 103, 103, 103, 103, 103, 103, 103, 103, 103, 103, 103, 103, 103, 103, 103, 103, 103, 103, 103, 103, 103, 103, 103, 103, 103, 103, 103, 103, 103, 103, 103, 103, 103, 103, 103, 103, 103, 103, 103, 103, 103, 103, 103, 103];Eredmények csoportosítva;{103: 50}
L2NotDet-gp5-rn50; ;Átlag;103.0;Összes futási eredmény;[103, 103, 103, 103, 103, 103, 103, 103, 103, 103, 103, 103, 103, 103, 103, 103, 103, 103, 103, 103, 103, 103, 103, 103, 103, 103, 103, 103, 103, 103, 103, 103, 103, 103, 103, 103, 103, 103, 103, 103, 103, 103, 103, 103, 103, 103, 103, 103, 103, 103];Eredmények csoportosítva;{103: 50}
