Alsó Korlát;48
FFD-bin-sum;51
FFD-bin-avg;51
FFD-bin-prod;51
FFD-item-sum;49
FFD-item-avg;49
FFD-item-prod;49
dotP-gp1;49
dotP-gp2;49
dotP-gp3;49
dotP-gp4;49
L2-gp1;49
L2-gp2;49
L2-gp3;49
L2-gp4;49
FFDRev;50
FFDRevAdv;50
FFDMP-1.0;49
FFDMP-0.9;49
FFDMP-0.8;49
FFDMP-0.75;49
FFDBox-bx3-rt100; ;Átlag;49.0;Összes futási eredmény;[49, 49, 49, 49, 49, 49, 49, 49, 49, 49, 49, 49, 49, 49, 49, 49, 49, 49, 49, 49, 49, 49, 49, 49, 49, 49, 49, 49, 49, 49, 49, 49, 49, 49, 49, 49, 49, 49, 49, 49, 49, 49, 49, 49, 49, 49, 49, 49, 49, 49, 49, 49, 49, 49, 49, 49, 49, 49, 49, 49, 49, 49, 49, 49, 49, 49, 49, 49, 49, 49, 49, 49, 49, 49, 49, 49, 49, 49, 49, 49, 49, 49, 49, 49, 49, 49, 49, 49, 49, 49, 49, 49, 49, 49, 49, 49, 49, 49, 49, 49];Eredmények csoportosítva;{49: 100}
FFDBox-bx4-rt100; ;Átlag;49.0;Összes futási eredmény;[49, 49, 49, 49, 49, 49, 49, 49, 49, 49, 49, 49, 49, 49, 49, 49, 49, 49, 49, 49, 49, 49, 49, 49, 49, 49, 49, 49, 49, 49, 49, 49, 49, 49, 49, 49, 49, 49, 49, 49, 49, 49, 49, 49, 49, 49, 49, 49, 49, 49, 49, 49, 49, 49, 49, 49, 49, 49, 49, 49, 49, 49, 49, 49, 49, 49, 49, 49, 49, 49, 49, 49, 49, 49, 49, 49, 49, 49, 49, 49, 49, 49, 49, 49, 49, 49, 49, 49, 49, 49, 49, 49, 49, 49, 49, 49, 49, 49, 49, 49];Eredmények csoportosítva;{49: 100}
FFDBox-bx5-rt100; ;Átlag;49.0;Összes futási eredmény;[49, 49, 49, 49, 49, 49, 49, 49, 49, 49, 49, 49, 49, 49, 49, 49, 49, 49, 49, 49, 49, 49, 49, 49, 49, 49, 49, 49, 49, 49, 49, 49, 49, 49, 49, 49, 49, 49, 49, 49, 49, 49, 49, 49, 49, 49, 49, 49, 49, 49, 49, 49, 49, 49, 49, 49, 49, 49, 49, 49, 49, 49, 49, 49, 49, 49, 49, 49, 49, 49, 49, 49, 49, 49, 49, 49, 49, 49, 49, 49, 49, 49, 49, 49, 49, 49, 49, 49, 49, 49, 49, 49, 49, 49, 49, 49, 49, 49, 49, 49];Eredmények csoportosítva;{49: 100}
FFDBox-bx6-rt100; ;Átlag;49.0;Összes futási eredmény;[49, 49, 49, 49, 49, 49, 49, 49, 49, 49, 49, 49, 49, 49, 49, 49, 49, 49, 49, 49, 49, 49, 49, 49, 49, 49, 49, 49, 49, 49, 49, 49, 49, 49, 49, 49, 49, 49, 49, 49, 49, 49, 49, 49, 49, 49, 49, 49, 49, 49, 49, 49, 49, 49, 49, 49, 49, 49, 49, 49, 49, 49, 49, 49, 49, 49, 49, 49, 49, 49, 49, 49, 49, 49, 49, 49, 49, 49, 49, 49, 49, 49, 49, 49, 49, 49, 49, 49, 49, 49, 49, 49, 49, 49, 49, 49, 49, 49, 49, 49];Eredmények csoportosítva;{49: 100}
FFDGroups-gn4-rt100; ;Átlag;49.28;Összes futási eredmény;[50, 49, 50, 50, 49, 50, 50, 49, 49, 49, 49, 49, 49, 49, 49, 50, 49, 50, 49, 49, 50, 49, 49, 49, 49, 49, 49, 50, 49, 50, 49, 49, 49, 50, 49, 49, 49, 50, 50, 50, 50, 49, 49, 49, 49, 49, 49, 49, 50, 49, 49, 49, 50, 49, 50, 49, 50, 49, 49, 49, 49, 49, 49, 50, 49, 50, 49, 49, 50, 50, 49, 49, 49, 49, 49, 50, 49, 49, 49, 50, 49, 49, 49, 49, 49, 49, 49, 50, 49, 49, 49, 50, 50, 49, 49, 49, 49, 49, 49, 49];Eredmények csoportosítva;{50: 28, 49: 72}
FFDGroups-gn6-rt100; ;Átlag;49.46;Összes futási eredmény;[50, 49, 49, 49, 49, 49, 49, 49, 50, 49, 49, 49, 50, 49, 49, 49, 49, 50, 49, 50, 50, 49, 49, 49, 50, 49, 49, 49, 49, 50, 49, 50, 50, 50, 49, 49, 49, 50, 50, 49, 49, 49, 49, 49, 49, 50, 50, 50, 49, 50, 50, 49, 49, 50, 49, 49, 50, 50, 49, 50, 50, 49, 50, 49, 50, 49, 50, 49, 49, 49, 50, 50, 50, 50, 49, 49, 50, 50, 49, 49, 50, 50, 49, 49, 50, 50, 50, 49, 50, 50, 50, 50, 50, 50, 50, 49, 50, 49, 49, 50];Eredmények csoportosítva;{50: 46, 49: 54}
FFDGroups-gn10-rt100; ;Átlag;49.03;Összes futási eredmény;[49, 49, 49, 49, 49, 49, 49, 49, 49, 49, 49, 50, 49, 49, 49, 49, 49, 49, 49, 49, 49, 49, 49, 49, 49, 49, 49, 49, 49, 49, 49, 49, 49, 49, 49, 49, 49, 49, 49, 49, 49, 49, 49, 49, 49, 49, 49, 49, 49, 49, 49, 49, 49, 49, 49, 49, 49, 49, 49, 49, 49, 49, 49, 49, 49, 49, 49, 49, 49, 49, 50, 49, 49, 49, 49, 49, 49, 49, 49, 49, 49, 49, 49, 49, 49, 49, 49, 49, 49, 49, 49, 50, 49, 49, 49, 49, 49, 49, 49, 49];Eredmények csoportosítva;{49: 97, 50: 3}
FFDGroups-gn20-rt100; ;Átlag;49.01;Összes futási eredmény;[49, 49, 49, 49, 49, 49, 49, 49, 49, 49, 49, 49, 49, 49, 49, 49, 49, 49, 49, 49, 49, 49, 49, 49, 49, 49, 49, 49, 49, 49, 49, 49, 49, 49, 49, 49, 49, 49, 49, 49, 49, 49, 49, 49, 49, 49, 49, 49, 49, 49, 49, 49, 49, 49, 49, 50, 49, 49, 49, 49, 49, 49, 49, 49, 49, 49, 49, 49, 49, 49, 49, 49, 49, 49, 49, 49, 49, 49, 49, 49, 49, 49, 49, 49, 49, 49, 49, 49, 49, 49, 49, 49, 49, 49, 49, 49, 49, 49, 49, 49];Eredmények csoportosítva;{49: 99, 50: 1}
FFDBG-gn4-bx4-rt100; ;Átlag;49.0;Összes futási eredmény;[49, 49, 49, 49, 49, 49, 49, 49, 49, 49, 49, 49, 49, 49, 49, 49, 49, 49, 49, 49, 49, 49, 49, 49, 49, 49, 49, 49, 49, 49, 49, 49, 49, 49, 49, 49, 49, 49, 49, 49, 49, 49, 49, 49, 49, 49, 49, 49, 49, 49, 49, 49, 49, 49, 49, 49, 49, 49, 49, 49, 49, 49, 49, 49, 49, 49, 49, 49, 49, 49, 49, 49, 49, 49, 49, 49, 49, 49, 49, 49, 49, 49, 49, 49, 49, 49, 49, 49, 49, 49, 49, 49, 49, 49, 49, 49, 49, 49, 49, 49];Eredmények csoportosítva;{49: 100}
FFDBG-gn6-bx4-rt100; ;Átlag;49.0;Összes futási eredmény;[49, 49, 49, 49, 49, 49, 49, 49, 49, 49, 49, 49, 49, 49, 49, 49, 49, 49, 49, 49, 49, 49, 49, 49, 49, 49, 49, 49, 49, 49, 49, 49, 49, 49, 49, 49, 49, 49, 49, 49, 49, 49, 49, 49, 49, 49, 49, 49, 49, 49, 49, 49, 49, 49, 49, 49, 49, 49, 49, 49, 49, 49, 49, 49, 49, 49, 49, 49, 49, 49, 49, 49, 49, 49, 49, 49, 49, 49, 49, 49, 49, 49, 49, 49, 49, 49, 49, 49, 49, 49, 49, 49, 49, 49, 49, 49, 49, 49, 49, 49];Eredmények csoportosítva;{49: 100}
FFDBG-gn5-bx3-rt100; ;Átlag;49.0;Összes futási eredmény;[49, 49, 49, 49, 49, 49, 49, 49, 49, 49, 49, 49, 49, 49, 49, 49, 49, 49, 49, 49, 49, 49, 49, 49, 49, 49, 49, 49, 49, 49, 49, 49, 49, 49, 49, 49, 49, 49, 49, 49, 49, 49, 49, 49, 49, 49, 49, 49, 49, 49, 49, 49, 49, 49, 49, 49, 49, 49, 49, 49, 49, 49, 49, 49, 49, 49, 49, 49, 49, 49, 49, 49, 49, 49, 49, 49, 49, 49, 49, 49, 49, 49, 49, 49, 49, 49, 49, 49, 49, 49, 49, 49, 49, 49, 49, 49, 49, 49, 49, 49];Eredmények csoportosítva;{49: 100}
FFDRatio-ra2-rt100; ;Átlag;51.16;Összes futási eredmény;[51, 51, 53, 50, 50, 52, 50, 53, 52, 50, 51, 51, 51, 50, 51, 52, 50, 51, 51, 52, 51, 52, 51, 51, 51, 53, 51, 51, 51, 51, 51, 51, 53, 51, 53, 50, 50, 53, 50, 50, 51, 50, 51, 52, 51, 52, 52, 51, 51, 50, 52, 51, 50, 51, 51, 53, 51, 51, 51, 52, 52, 51, 51, 53, 51, 50, 50, 51, 51, 51, 54, 51, 52, 50, 52, 50, 52, 51, 51, 50, 50, 51, 51, 50, 50, 52, 51, 52, 51, 53, 50, 52, 51, 52, 51, 51, 50, 51, 51, 51];Eredmények csoportosítva;{51: 49, 53: 9, 50: 23, 52: 18, 54: 1}
FFDRatio-ra5-rt100; ;Átlag;50.0;Összes futási eredmény;[50, 50, 50, 50, 50, 50, 50, 50, 50, 50, 50, 50, 50, 50, 50, 50, 50, 50, 50, 50, 50, 50, 50, 50, 50, 50, 50, 50, 50, 50, 50, 50, 50, 50, 50, 50, 50, 50, 50, 50, 49, 50, 50, 50, 50, 50, 50, 50, 50, 50, 50, 50, 50, 50, 50, 50, 50, 50, 50, 50, 50, 50, 50, 50, 50, 50, 51, 50, 50, 50, 50, 50, 50, 50, 50, 50, 50, 50, 50, 50, 50, 50, 50, 50, 50, 50, 50, 50, 50, 50, 50, 50, 50, 50, 50, 50, 50, 50, 50, 50];Eredmények csoportosítva;{50: 98, 49: 1, 51: 1}
FFDRatio-ra10-rt100; ;Átlag;49.1;Összes futási eredmény;[49, 49, 49, 49, 49, 49, 49, 49, 49, 49, 49, 49, 50, 49, 49, 49, 49, 49, 49, 49, 49, 49, 49, 49, 49, 49, 49, 49, 49, 49, 50, 49, 50, 49, 49, 49, 49, 49, 49, 49, 50, 49, 50, 49, 49, 49, 50, 49, 49, 49, 49, 49, 49, 49, 49, 49, 49, 49, 49, 49, 49, 49, 49, 49, 49, 49, 49, 49, 49, 50, 49, 49, 49, 49, 49, 49, 49, 49, 49, 49, 50, 49, 49, 49, 49, 50, 49, 49, 49, 49, 49, 49, 49, 49, 49, 49, 49, 49, 49, 50];Eredmények csoportosítva;{49: 90, 50: 10}
FFDRatio-ra15-rt100; ;Átlag;49.0;Összes futási eredmény;[49, 49, 49, 49, 49, 49, 49, 49, 49, 49, 49, 49, 49, 49, 49, 49, 49, 49, 49, 49, 49, 49, 49, 49, 49, 49, 49, 49, 49, 49, 49, 49, 49, 49, 49, 49, 49, 49, 49, 49, 49, 49, 49, 49, 49, 49, 49, 49, 49, 49, 49, 49, 49, 49, 49, 49, 49, 49, 49, 49, 49, 49, 49, 49, 49, 49, 49, 49, 49, 49, 49, 49, 49, 49, 49, 49, 49, 49, 49, 49, 49, 49, 49, 49, 49, 49, 49, 49, 49, 49, 49, 49, 49, 49, 49, 49, 49, 49, 49, 49];Eredmények csoportosítva;{49: 100}
FFDVal-rt100; ;Átlag;50.87;Összes futási eredmény;[51, 51, 50, 51, 50, 51, 51, 51, 51, 51, 51, 51, 51, 52, 51, 50, 51, 51, 51, 51, 50, 51, 51, 51, 51, 51, 50, 51, 51, 51, 51, 51, 51, 51, 50, 51, 51, 51, 51, 51, 50, 51, 51, 51, 50, 51, 51, 51, 51, 51, 51, 51, 51, 51, 51, 51, 51, 51, 51, 51, 50, 51, 51, 51, 51, 51, 50, 51, 51, 51, 51, 50, 50, 51, 51, 51, 51, 51, 51, 51, 51, 51, 51, 51, 51, 51, 51, 51, 51, 51, 51, 50, 51, 51, 51, 50, 51, 51, 51, 51];Eredmények csoportosítva;{51: 85, 50: 14, 52: 1}
L2NotDet-gp1-rn50; ;Átlag;49.0;Összes futási eredmény;[49, 49, 49, 49, 49, 49, 49, 49, 49, 49, 49, 49, 49, 49, 49, 49, 49, 49, 49, 49, 49, 49, 49, 49, 49, 49, 49, 49, 49, 49, 49, 49, 49, 49, 49, 49, 49, 49, 49, 49, 49, 49, 49, 49, 49, 49, 49, 49, 49, 49];Eredmények csoportosítva;{49: 50}
L2NotDet-gp3-rn50; ;Átlag;49.0;Összes futási eredmény;[49, 49, 49, 49, 49, 49, 49, 49, 49, 49, 49, 49, 49, 49, 49, 49, 49, 49, 49, 49, 49, 49, 49, 49, 49, 49, 49, 49, 49, 49, 49, 49, 49, 49, 49, 49, 49, 49, 49, 49, 49, 49, 49, 49, 49, 49, 49, 49, 49, 49];Eredmények csoportosítva;{49: 50}
L2NotDet-gp5-rn50; ;Átlag;49.0;Összes futási eredmény;[49, 49, 49, 49, 49, 49, 49, 49, 49, 49, 49, 49, 49, 49, 49, 49, 49, 49, 49, 49, 49, 49, 49, 49, 49, 49, 49, 49, 49, 49, 49, 49, 49, 49, 49, 49, 49, 49, 49, 49, 49, 49, 49, 49, 49, 49, 49, 49, 49, 49];Eredmények csoportosítva;{49: 50}
