Alsó Korlát;256
FFD-bin-sum;261
FFD-bin-avg;261
FFD-bin-prod;261
FFD-item-sum;259
FFD-item-avg;259
FFD-item-prod;259
dotP-gp1;259
dotP-gp2;259
dotP-gp3;259
dotP-gp4;259
L2-gp1;259
L2-gp2;259
L2-gp3;259
L2-gp4;259
FFDRev;296
FFDRevAdv;296
FFDMP-1.0;259
FFDMP-0.9;259
FFDMP-0.8;259
FFDMP-0.75;259
FFDBox-bx3-rt100; ;Átlag;259.0;Összes futási eredmény;[259, 259, 259, 259, 259, 259, 259, 259, 259, 259, 259, 259, 259, 259, 259, 259, 259, 259, 259, 259, 259, 259, 259, 259, 259, 259, 259, 259, 259, 259, 259, 259, 259, 259, 259, 259, 259, 259, 259, 259, 259, 259, 259, 259, 259, 259, 259, 259, 259, 259, 259, 259, 259, 259, 259, 259, 259, 259, 259, 259, 259, 259, 259, 259, 259, 259, 259, 259, 259, 259, 259, 259, 259, 259, 259, 259, 259, 259, 259, 259, 259, 259, 259, 259, 259, 259, 259, 259, 259, 259, 259, 259, 259, 259, 259, 259, 259, 259, 259, 259];Eredmények csoportosítva;{259: 100}
FFDBox-bx4-rt100; ;Átlag;259.0;Összes futási eredmény;[259, 259, 259, 259, 259, 259, 259, 259, 259, 259, 259, 259, 259, 259, 259, 259, 259, 259, 259, 259, 259, 259, 259, 259, 259, 259, 259, 259, 259, 259, 259, 259, 259, 259, 259, 259, 259, 259, 259, 259, 259, 259, 259, 259, 259, 259, 259, 259, 259, 259, 259, 259, 259, 259, 259, 259, 259, 259, 259, 259, 259, 259, 259, 259, 259, 259, 259, 259, 259, 259, 259, 259, 259, 259, 259, 259, 259, 259, 259, 259, 259, 259, 259, 259, 259, 259, 259, 259, 259, 259, 259, 259, 259, 259, 259, 259, 259, 259, 259, 259];Eredmények csoportosítva;{259: 100}
FFDBox-bx5-rt100; ;Átlag;259.0;Összes futási eredmény;[259, 259, 259, 259, 259, 259, 259, 259, 259, 259, 259, 259, 259, 259, 259, 259, 259, 259, 259, 259, 259, 259, 259, 259, 259, 259, 259, 259, 259, 259, 259, 259, 259, 259, 259, 259, 259, 259, 259, 259, 259, 259, 259, 259, 259, 259, 259, 259, 259, 259, 259, 259, 259, 259, 259, 259, 259, 259, 259, 259, 259, 259, 259, 259, 259, 259, 259, 259, 259, 259, 259, 259, 259, 259, 259, 259, 259, 259, 259, 259, 259, 259, 259, 259, 259, 259, 259, 259, 259, 259, 259, 259, 259, 259, 259, 259, 259, 259, 259, 259];Eredmények csoportosítva;{259: 100}
FFDBox-bx6-rt100; ;Átlag;259.0;Összes futási eredmény;[259, 259, 259, 259, 259, 259, 259, 259, 259, 259, 259, 259, 259, 259, 259, 259, 259, 259, 259, 259, 259, 259, 259, 259, 259, 259, 259, 259, 259, 259, 259, 259, 259, 259, 259, 259, 259, 259, 259, 259, 259, 259, 259, 259, 259, 259, 259, 259, 259, 259, 259, 259, 259, 259, 259, 259, 259, 259, 259, 259, 259, 259, 259, 259, 259, 259, 259, 259, 259, 259, 259, 259, 259, 259, 259, 259, 259, 259, 259, 259, 259, 259, 259, 259, 259, 259, 259, 259, 259, 259, 259, 259, 259, 259, 259, 259, 259, 259, 259, 259];Eredmények csoportosítva;{259: 100}
FFDGroups-gn4-rt100; ;Átlag;261.82;Összes futási eredmény;[262, 262, 261, 262, 262, 261, 262, 263, 261, 262, 262, 262, 261, 262, 262, 262, 261, 262, 261, 261, 262, 262, 262, 261, 261, 262, 262, 262, 262, 262, 262, 262, 262, 263, 262, 261, 262, 261, 262, 261, 262, 261, 262, 262, 262, 261, 261, 262, 262, 261, 262, 262, 262, 262, 262, 262, 262, 262, 261, 262, 262, 262, 262, 262, 263, 262, 261, 262, 262, 262, 262, 262, 262, 261, 261, 262, 263, 262, 261, 262, 262, 261, 261, 263, 261, 262, 261, 262, 262, 262, 262, 262, 263, 263, 263, 262, 261, 262, 262, 262];Eredmények csoportosítva;{262: 66, 261: 26, 263: 8}
FFDGroups-gn6-rt100; ;Átlag;260.56;Összes futási eredmény;[260, 261, 261, 261, 260, 261, 260, 261, 261, 261, 260, 261, 261, 261, 261, 261, 260, 261, 261, 261, 260, 261, 260, 260, 261, 261, 261, 260, 261, 260, 260, 260, 260, 261, 261, 260, 260, 261, 260, 261, 261, 261, 261, 261, 260, 260, 260, 261, 261, 260, 261, 260, 261, 261, 261, 261, 260, 260, 261, 260, 260, 260, 261, 260, 260, 261, 260, 261, 261, 261, 261, 260, 261, 261, 261, 260, 261, 261, 260, 260, 260, 260, 261, 260, 261, 261, 260, 261, 261, 261, 261, 260, 260, 260, 260, 260, 261, 261, 260, 260];Eredmények csoportosítva;{260: 44, 261: 56}
FFDGroups-gn10-rt100; ;Átlag;260.3;Összes futási eredmény;[260, 260, 261, 261, 260, 260, 260, 260, 260, 261, 261, 261, 260, 261, 260, 260, 260, 261, 260, 260, 260, 261, 260, 260, 260, 261, 260, 260, 260, 261, 261, 261, 260, 261, 261, 261, 261, 260, 260, 260, 260, 260, 260, 260, 261, 260, 261, 260, 260, 260, 260, 260, 260, 260, 260, 260, 261, 261, 260, 260, 261, 260, 260, 260, 261, 261, 260, 260, 260, 260, 260, 260, 260, 260, 260, 260, 261, 260, 260, 260, 260, 261, 260, 260, 260, 260, 261, 260, 260, 260, 260, 261, 261, 260, 261, 261, 260, 260, 260, 260];Eredmények csoportosítva;{260: 70, 261: 30}
FFDGroups-gn20-rt100; ;Átlag;259.01;Összes futási eredmény;[259, 259, 259, 259, 259, 259, 259, 259, 259, 259, 259, 259, 259, 259, 259, 259, 259, 259, 259, 259, 259, 259, 259, 259, 259, 259, 259, 259, 259, 259, 259, 259, 259, 259, 259, 259, 259, 259, 259, 259, 259, 259, 259, 259, 259, 259, 259, 259, 259, 259, 259, 259, 259, 259, 259, 259, 259, 259, 259, 259, 259, 259, 259, 259, 259, 259, 259, 259, 259, 259, 259, 259, 259, 259, 259, 259, 259, 259, 259, 259, 259, 259, 259, 259, 259, 259, 259, 260, 259, 259, 259, 259, 259, 259, 259, 259, 259, 259, 259, 259];Eredmények csoportosítva;{259: 99, 260: 1}
FFDBG-gn4-bx4-rt100; ;Átlag;259.0;Összes futási eredmény;[259, 259, 259, 259, 259, 259, 259, 259, 259, 259, 259, 259, 259, 259, 259, 259, 259, 259, 259, 259, 259, 259, 259, 259, 259, 259, 259, 259, 259, 259, 259, 259, 259, 259, 259, 259, 259, 259, 259, 259, 259, 259, 259, 259, 259, 259, 259, 259, 259, 259, 259, 259, 259, 259, 259, 259, 259, 259, 259, 259, 259, 259, 259, 259, 259, 259, 259, 259, 259, 259, 259, 259, 259, 259, 259, 259, 259, 259, 259, 259, 259, 259, 259, 259, 259, 259, 259, 259, 259, 259, 259, 259, 259, 259, 259, 259, 259, 259, 259, 259];Eredmények csoportosítva;{259: 100}
FFDBG-gn6-bx4-rt100; ;Átlag;259.0;Összes futási eredmény;[259, 259, 259, 259, 259, 259, 259, 259, 259, 259, 259, 259, 259, 259, 259, 259, 259, 259, 259, 259, 259, 259, 259, 259, 259, 259, 259, 259, 259, 259, 259, 259, 259, 259, 259, 259, 259, 259, 259, 259, 259, 259, 259, 259, 259, 259, 259, 259, 259, 259, 259, 259, 259, 259, 259, 259, 259, 259, 259, 259, 259, 259, 259, 259, 259, 259, 259, 259, 259, 259, 259, 259, 259, 259, 259, 259, 259, 259, 259, 259, 259, 259, 259, 259, 259, 259, 259, 259, 259, 259, 259, 259, 259, 259, 259, 259, 259, 259, 259, 259];Eredmények csoportosítva;{259: 100}
FFDBG-gn5-bx3-rt100; ;Átlag;259.0;Összes futási eredmény;[259, 259, 259, 259, 259, 259, 259, 259, 259, 259, 259, 259, 259, 259, 259, 259, 259, 259, 259, 259, 259, 259, 259, 259, 259, 259, 259, 259, 259, 259, 259, 259, 259, 259, 259, 259, 259, 259, 259, 259, 259, 259, 259, 259, 259, 259, 259, 259, 259, 259, 259, 259, 259, 259, 259, 259, 259, 259, 259, 259, 259, 259, 259, 259, 259, 259, 259, 259, 259, 259, 259, 259, 259, 259, 259, 259, 259, 259, 259, 259, 259, 259, 259, 259, 259, 259, 259, 259, 259, 259, 259, 259, 259, 259, 259, 259, 259, 259, 259, 259];Eredmények csoportosítva;{259: 100}
FFDRatio-ra2-rt100; ;Átlag;291.23;Összes futási eredmény;[292, 290, 292, 293, 290, 292, 291, 292, 292, 292, 291, 293, 292, 291, 291, 291, 292, 292, 291, 294, 292, 289, 293, 289, 291, 291, 293, 292, 293, 291, 293, 294, 288, 291, 291, 292, 291, 292, 293, 290, 291, 292, 289, 293, 291, 292, 289, 292, 291, 288, 289, 293, 292, 292, 292, 294, 290, 293, 291, 293, 291, 293, 287, 292, 292, 292, 292, 292, 291, 290, 292, 291, 292, 293, 293, 292, 292, 294, 294, 272, 292, 292, 293, 294, 290, 291, 292, 293, 276, 287, 291, 292, 292, 290, 292, 292, 293, 292, 291, 291];Eredmények csoportosítva;{292: 36, 290: 7, 293: 17, 291: 23, 294: 6, 289: 5, 288: 2, 287: 2, 272: 1, 276: 1}
FFDRatio-ra5-rt100; ;Átlag;268.11;Összes futási eredmény;[269, 269, 269, 269, 268, 267, 269, 268, 268, 269, 267, 269, 269, 269, 269, 268, 269, 269, 269, 269, 267, 268, 269, 269, 268, 269, 269, 268, 268, 268, 268, 269, 269, 267, 269, 268, 268, 268, 267, 267, 267, 267, 268, 268, 269, 269, 267, 267, 267, 267, 267, 267, 268, 267, 269, 267, 268, 269, 267, 267, 268, 267, 269, 267, 269, 269, 268, 267, 269, 269, 268, 268, 270, 267, 269, 269, 267, 269, 266, 269, 269, 270, 267, 269, 267, 265, 269, 267, 267, 267, 268, 267, 266, 269, 269, 269, 269, 269, 268, 269];Eredmények csoportosítva;{269: 43, 268: 23, 267: 29, 270: 2, 266: 2, 265: 1}
FFDRatio-ra10-rt100; ;Átlag;263.09;Összes futási eredmény;[263, 262, 263, 264, 263, 262, 264, 264, 263, 263, 264, 263, 263, 264, 263, 263, 264, 263, 263, 263, 262, 263, 264, 264, 263, 264, 264, 264, 263, 263, 263, 263, 263, 263, 262, 262, 263, 262, 263, 263, 263, 262, 263, 263, 263, 264, 263, 263, 263, 262, 263, 264, 263, 263, 263, 262, 263, 264, 264, 263, 263, 263, 263, 263, 263, 264, 263, 263, 263, 263, 264, 263, 264, 263, 264, 262, 264, 263, 263, 263, 263, 262, 263, 264, 262, 263, 263, 263, 263, 263, 262, 263, 261, 263, 264, 264, 263, 263, 263, 264];Eredmények csoportosítva;{263: 62, 262: 13, 264: 24, 261: 1}
FFDRatio-ra15-rt100; ;Átlag;261.22;Összes futási eredmény;[261, 261, 261, 261, 261, 261, 261, 261, 262, 261, 261, 261, 261, 261, 261, 261, 261, 261, 261, 261, 262, 261, 261, 261, 261, 261, 261, 261, 261, 261, 261, 261, 261, 261, 261, 261, 261, 261, 261, 261, 262, 261, 261, 261, 261, 262, 262, 262, 261, 261, 261, 262, 261, 262, 262, 261, 261, 261, 262, 261, 262, 261, 261, 262, 261, 263, 262, 261, 262, 261, 261, 262, 261, 262, 261, 261, 261, 261, 261, 262, 261, 261, 261, 261, 261, 261, 262, 262, 261, 261, 261, 261, 261, 261, 262, 261, 261, 261, 261, 261];Eredmények csoportosítva;{261: 79, 262: 20, 263: 1}
FFDVal-rt100; ;Átlag;270.89;Összes futási eredmény;[271, 271, 271, 270, 271, 272, 270, 271, 270, 271, 271, 270, 271, 271, 270, 271, 270, 272, 271, 272, 271, 272, 271, 271, 272, 273, 271, 270, 271, 271, 270, 270, 271, 271, 271, 271, 270, 271, 272, 271, 273, 271, 271, 271, 271, 272, 271, 271, 270, 270, 270, 271, 270, 270, 270, 271, 271, 271, 271, 271, 270, 273, 270, 272, 271, 271, 270, 271, 271, 271, 271, 270, 270, 272, 273, 271, 271, 271, 270, 271, 271, 271, 271, 270, 270, 271, 269, 272, 271, 272, 271, 271, 271, 271, 272, 270, 270, 270, 272, 268];Eredmények csoportosítva;{271: 54, 270: 27, 272: 13, 273: 4, 269: 1, 268: 1}
L2NotDet-gp1-rn50; ;Átlag;259.0;Összes futási eredmény;[259, 259, 259, 259, 259, 259, 259, 259, 259, 259, 259, 259, 259, 259, 259, 259, 259, 259, 259, 259, 259, 259, 259, 259, 259, 259, 259, 259, 259, 259, 259, 259, 259, 259, 259, 259, 259, 259, 259, 259, 259, 259, 259, 259, 259, 259, 259, 259, 259, 259];Eredmények csoportosítva;{259: 50}
L2NotDet-gp3-rn50; ;Átlag;259.0;Összes futási eredmény;[259, 259, 259, 259, 259, 259, 259, 259, 259, 259, 259, 259, 259, 259, 259, 259, 259, 259, 259, 259, 259, 259, 259, 259, 259, 259, 259, 259, 259, 259, 259, 259, 259, 259, 259, 259, 259, 259, 259, 259, 259, 259, 259, 259, 259, 259, 259, 259, 259, 259];Eredmények csoportosítva;{259: 50}
L2NotDet-gp5-rn50; ;Átlag;259.0;Összes futási eredmény;[259, 259, 259, 259, 259, 259, 259, 259, 259, 259, 259, 259, 259, 259, 259, 259, 259, 259, 259, 259, 259, 259, 259, 259, 259, 259, 259, 259, 259, 259, 259, 259, 259, 259, 259, 259, 259, 259, 259, 259, 259, 259, 259, 259, 259, 259, 259, 259, 259, 259];Eredmények csoportosítva;{259: 50}
Alsó Korlát;256
Alsó Korlát;256
