Alsó Korlát;202
FFD-bin-sum;218
FFD-bin-avg;218
FFD-bin-prod;218
FFD-item-sum;216
FFD-item-avg;216
FFD-item-prod;214
dotP-gp1;208
dotP-gp2;209
dotP-gp3;210
dotP-gp4;209
L2-gp1;208
L2-gp2;208
L2-gp3;208
L2-gp4;209
FFDRev;233
FFDRevAdv;232
FFDMP-1.0;216
FFDMP-0.9;216
FFDMP-0.8;216
FFDMP-0.75;215
FFDBox-bx3-rt100; ;Átlag;216.59;Összes futási eredmény;[218, 215, 215, 218, 217, 218, 217, 216, 217, 215, 217, 215, 217, 217, 216, 219, 216, 216, 217, 217, 217, 216, 216, 216, 218, 216, 218, 217, 216, 216, 218, 218, 216, 216, 215, 217, 215, 217, 216, 216, 217, 216, 218, 216, 217, 218, 216, 215, 218, 217, 216, 216, 217, 218, 215, 217, 219, 217, 216, 217, 217, 217, 217, 216, 216, 216, 218, 217, 217, 215, 215, 216, 218, 218, 217, 218, 217, 215, 217, 215, 215, 218, 215, 216, 216, 217, 217, 217, 215, 217, 218, 216, 217, 216, 217, 216, 217, 216, 215, 217];Eredmények csoportosítva;{218: 17, 215: 16, 217: 35, 216: 30, 219: 2}
FFDBox-bx4-rt100; ;Átlag;216.64;Összes futási eredmény;[215, 215, 218, 216, 217, 217, 216, 217, 219, 216, 218, 219, 216, 215, 217, 218, 218, 216, 217, 217, 218, 216, 215, 217, 217, 215, 217, 216, 217, 216, 215, 216, 216, 216, 215, 217, 216, 217, 216, 216, 217, 219, 215, 219, 215, 218, 217, 217, 216, 216, 217, 217, 215, 217, 217, 216, 217, 217, 215, 216, 216, 216, 216, 217, 217, 218, 215, 217, 217, 217, 217, 215, 217, 217, 217, 217, 217, 216, 215, 217, 216, 219, 218, 218, 217, 218, 217, 216, 216, 215, 216, 218, 217, 217, 219, 216, 216, 216, 218, 216];Eredmények csoportosítva;{215: 15, 218: 12, 216: 30, 217: 37, 219: 6}
FFDBox-bx5-rt100; ;Átlag;216.66;Összes futási eredmény;[216, 217, 216, 217, 216, 215, 216, 217, 217, 217, 216, 216, 218, 216, 218, 217, 217, 217, 216, 218, 219, 216, 217, 216, 215, 216, 216, 216, 217, 217, 217, 218, 217, 217, 215, 217, 216, 218, 218, 217, 217, 216, 217, 216, 215, 218, 217, 217, 216, 217, 216, 216, 215, 218, 217, 218, 217, 217, 216, 216, 219, 216, 218, 217, 215, 217, 218, 217, 218, 216, 216, 216, 216, 215, 217, 216, 217, 218, 217, 217, 216, 217, 218, 216, 216, 216, 215, 216, 217, 216, 216, 218, 217, 217, 217, 217, 217, 216, 215, 217];Eredmények csoportosítva;{216: 35, 217: 39, 215: 9, 218: 15, 219: 2}
FFDBox-bx6-rt100; ;Átlag;216.34;Összes futási eredmény;[218, 216, 216, 216, 215, 218, 214, 217, 216, 216, 216, 216, 218, 216, 216, 216, 214, 216, 217, 217, 217, 215, 218, 216, 215, 216, 216, 217, 216, 217, 216, 215, 215, 215, 216, 214, 217, 216, 217, 217, 218, 217, 216, 218, 216, 216, 216, 219, 217, 215, 217, 217, 218, 215, 216, 217, 217, 217, 215, 216, 219, 218, 215, 215, 218, 217, 216, 217, 216, 216, 217, 216, 216, 216, 216, 217, 215, 216, 217, 217, 216, 215, 216, 216, 217, 217, 215, 216, 217, 217, 217, 216, 215, 217, 215, 216, 219, 214, 218, 217];Eredmények csoportosítva;{218: 10, 216: 38, 215: 16, 214: 4, 217: 29, 219: 3}
FFDGroups-gn4-rt100; ;Átlag;218.34;Összes futási eredmény;[219, 217, 217, 218, 217, 218, 219, 217, 217, 218, 217, 220, 218, 218, 218, 217, 219, 217, 219, 217, 219, 218, 218, 219, 219, 219, 218, 219, 218, 217, 219, 220, 218, 218, 219, 218, 221, 218, 218, 219, 218, 220, 217, 218, 217, 218, 218, 219, 220, 218, 217, 219, 218, 219, 218, 219, 219, 218, 218, 218, 219, 218, 218, 217, 219, 220, 217, 219, 218, 217, 218, 217, 217, 218, 219, 218, 218, 218, 219, 219, 217, 218, 218, 219, 219, 218, 220, 219, 220, 221, 220, 219, 218, 218, 219, 219, 219, 219, 218, 218];Eredmények csoportosítva;{219: 31, 217: 19, 218: 40, 220: 8, 221: 2}
FFDGroups-gn6-rt100; ;Átlag;217.01;Összes futási eredmény;[216, 219, 216, 216, 218, 216, 216, 218, 218, 217, 217, 217, 220, 217, 217, 218, 218, 217, 217, 216, 219, 217, 217, 217, 218, 218, 217, 218, 216, 219, 216, 218, 217, 217, 216, 217, 216, 217, 217, 216, 216, 217, 218, 218, 216, 218, 216, 217, 220, 216, 218, 216, 217, 219, 218, 216, 218, 217, 217, 217, 217, 216, 218, 218, 216, 217, 218, 218, 214, 217, 218, 216, 215, 216, 216, 217, 217, 218, 216, 216, 218, 216, 218, 216, 217, 216, 216, 219, 215, 217, 216, 219, 216, 217, 218, 217, 215, 217, 217, 215];Eredmények csoportosítva;{216: 30, 219: 6, 218: 24, 217: 33, 220: 2, 214: 1, 215: 4}
FFDGroups-gn10-rt100; ;Átlag;216.81;Összes futási eredmény;[218, 216, 215, 217, 215, 216, 217, 217, 216, 217, 217, 218, 219, 217, 215, 217, 217, 216, 217, 215, 218, 216, 217, 218, 217, 217, 216, 218, 217, 216, 216, 218, 216, 217, 217, 217, 216, 218, 218, 218, 218, 218, 218, 217, 215, 217, 216, 217, 216, 216, 218, 217, 218, 217, 217, 218, 217, 216, 216, 215, 217, 215, 218, 218, 216, 217, 216, 218, 218, 216, 219, 216, 216, 217, 217, 215, 218, 216, 219, 216, 218, 216, 217, 217, 216, 215, 215, 216, 215, 216, 217, 216, 218, 216, 219, 217, 217, 218, 218, 216];Eredmények csoportosítva;{218: 24, 216: 29, 215: 11, 217: 32, 219: 4}
FFDGroups-gn20-rt100; ;Átlag;216.6;Összes futási eredmény;[216, 217, 216, 217, 217, 217, 216, 217, 218, 216, 216, 216, 216, 219, 217, 215, 217, 215, 217, 216, 217, 218, 216, 217, 218, 218, 216, 216, 215, 217, 215, 218, 216, 216, 216, 216, 219, 217, 215, 215, 217, 219, 216, 218, 217, 216, 215, 218, 215, 215, 217, 218, 216, 218, 216, 217, 218, 217, 217, 215, 219, 217, 215, 216, 217, 217, 216, 218, 215, 218, 216, 215, 216, 218, 216, 218, 216, 216, 216, 217, 215, 216, 216, 217, 218, 219, 216, 219, 217, 217, 217, 215, 217, 216, 215, 216, 216, 216, 218, 215];Eredmények csoportosítva;{216: 34, 217: 27, 218: 16, 219: 6, 215: 17}
FFDBG-gn4-bx4-rt100; ;Átlag;216.49;Összes futási eredmény;[219, 215, 216, 218, 216, 217, 216, 214, 218, 215, 217, 220, 217, 216, 217, 217, 218, 218, 218, 216, 216, 216, 217, 216, 214, 216, 216, 217, 216, 218, 214, 217, 215, 216, 215, 217, 216, 215, 216, 216, 216, 216, 216, 218, 218, 215, 216, 214, 217, 215, 217, 218, 215, 216, 217, 217, 217, 217, 217, 216, 215, 217, 217, 216, 216, 216, 216, 218, 215, 217, 216, 217, 216, 217, 216, 216, 217, 215, 217, 215, 217, 217, 217, 217, 216, 217, 217, 216, 218, 218, 216, 218, 215, 216, 217, 218, 217, 218, 218, 216];Eredmények csoportosítva;{219: 1, 215: 13, 216: 34, 218: 16, 217: 31, 214: 4, 220: 1}
FFDBG-gn6-bx4-rt100; ;Átlag;216.52;Összes futási eredmény;[217, 216, 216, 216, 215, 217, 216, 216, 216, 216, 216, 216, 218, 216, 218, 218, 218, 218, 217, 217, 216, 216, 219, 216, 217, 219, 216, 217, 217, 215, 216, 215, 215, 216, 216, 215, 214, 217, 217, 218, 219, 216, 215, 216, 217, 216, 217, 216, 215, 216, 217, 217, 215, 217, 219, 217, 217, 218, 216, 215, 217, 215, 216, 215, 217, 216, 217, 216, 217, 217, 217, 216, 215, 217, 215, 217, 218, 218, 216, 218, 217, 218, 217, 216, 217, 219, 215, 217, 215, 216, 217, 217, 216, 216, 217, 215, 216, 218, 217, 215];Eredmények csoportosítva;{217: 32, 216: 33, 215: 17, 218: 12, 219: 5, 214: 1}
FFDBG-gn5-bx3-rt100; ;Átlag;216.62;Összes futási eredmény;[216, 215, 217, 218, 218, 217, 215, 216, 217, 216, 216, 216, 217, 216, 217, 218, 217, 218, 215, 216, 217, 218, 217, 216, 217, 217, 217, 216, 218, 216, 216, 216, 217, 217, 216, 216, 217, 216, 217, 214, 216, 218, 218, 215, 217, 217, 217, 215, 217, 218, 217, 216, 214, 217, 216, 217, 217, 215, 217, 218, 217, 215, 218, 217, 217, 216, 215, 218, 215, 217, 215, 217, 216, 218, 217, 218, 217, 218, 218, 217, 217, 216, 216, 216, 217, 217, 216, 216, 218, 216, 216, 219, 216, 217, 217, 215, 218, 215, 216, 218];Eredmények csoportosítva;{216: 29, 215: 12, 217: 37, 218: 19, 214: 2, 219: 1}
FFDRatio-ra2-rt100; ;Átlag;228.86;Összes futási eredmény;[229, 227, 220, 236, 227, 223, 236, 234, 226, 234, 227, 233, 228, 232, 229, 232, 235, 233, 222, 234, 232, 233, 232, 219, 234, 234, 233, 220, 230, 237, 228, 222, 231, 232, 232, 230, 220, 233, 221, 230, 232, 226, 231, 230, 227, 223, 227, 233, 229, 233, 228, 228, 231, 232, 221, 230, 230, 233, 229, 222, 234, 229, 233, 228, 233, 221, 234, 221, 231, 231, 233, 222, 232, 228, 226, 227, 224, 229, 230, 231, 231, 234, 227, 223, 233, 235, 225, 226, 221, 222, 230, 228, 220, 237, 231, 224, 229, 226, 230, 222];Eredmények csoportosítva;{229: 7, 227: 7, 220: 4, 236: 2, 223: 3, 234: 8, 226: 5, 233: 12, 228: 7, 232: 9, 235: 2, 222: 6, 219: 1, 230: 9, 237: 2, 231: 8, 221: 5, 224: 2, 225: 1}
FFDRatio-ra5-rt100; ;Átlag;221.79;Összes futási eredmény;[222, 222, 220, 221, 220, 220, 219, 223, 224, 222, 221, 221, 222, 222, 222, 219, 223, 221, 222, 224, 221, 220, 224, 224, 222, 221, 222, 223, 221, 221, 221, 224, 222, 223, 221, 221, 220, 222, 222, 222, 221, 221, 222, 221, 222, 221, 222, 221, 223, 221, 222, 223, 223, 221, 221, 223, 222, 223, 221, 223, 223, 221, 222, 220, 222, 222, 222, 222, 223, 221, 223, 223, 222, 220, 221, 224, 224, 221, 222, 222, 222, 221, 221, 222, 222, 223, 220, 222, 221, 222, 222, 223, 222, 221, 223, 221, 223, 221, 221, 222];Eredmények csoportosítva;{222: 34, 220: 8, 221: 31, 219: 2, 223: 18, 224: 7}
FFDRatio-ra10-rt100; ;Átlag;219.25;Összes futási eredmény;[219, 218, 220, 221, 220, 219, 219, 218, 219, 219, 219, 220, 220, 219, 221, 219, 219, 220, 221, 219, 219, 219, 220, 220, 221, 218, 219, 219, 218, 218, 220, 217, 219, 219, 219, 218, 220, 220, 219, 220, 219, 220, 218, 218, 219, 218, 220, 220, 220, 218, 219, 219, 219, 220, 218, 220, 221, 219, 219, 219, 218, 219, 219, 219, 220, 218, 219, 220, 220, 219, 219, 219, 221, 220, 220, 219, 218, 219, 218, 218, 219, 220, 221, 219, 220, 218, 219, 219, 220, 220, 220, 219, 219, 219, 219, 220, 220, 218, 220, 220];Eredmények csoportosítva;{219: 43, 218: 18, 220: 31, 221: 7, 217: 1}
FFDRatio-ra15-rt100; ;Átlag;218.92;Összes futási eredmény;[219, 217, 218, 220, 218, 219, 220, 219, 219, 219, 218, 220, 219, 219, 220, 218, 218, 218, 218, 219, 220, 218, 219, 218, 220, 219, 219, 220, 220, 218, 218, 220, 218, 219, 219, 219, 219, 218, 218, 219, 219, 219, 219, 219, 219, 220, 218, 219, 219, 219, 218, 218, 219, 217, 218, 219, 219, 219, 219, 218, 219, 221, 219, 219, 218, 218, 219, 220, 219, 220, 220, 219, 220, 219, 220, 220, 220, 220, 219, 217, 220, 219, 217, 218, 220, 219, 219, 220, 218, 220, 220, 218, 219, 219, 220, 218, 218, 219, 219, 219];Eredmények csoportosítva;{219: 45, 217: 4, 218: 26, 220: 24, 221: 1}
FFDVal-rt100; ;Átlag;222.96;Összes futási eredmény;[224, 223, 224, 222, 223, 220, 223, 222, 223, 224, 224, 225, 222, 222, 223, 225, 223, 223, 223, 224, 222, 223, 222, 224, 225, 222, 222, 223, 223, 224, 222, 223, 221, 223, 221, 222, 223, 224, 223, 222, 225, 223, 222, 222, 222, 222, 223, 220, 225, 224, 226, 223, 221, 222, 223, 223, 222, 223, 224, 224, 222, 223, 222, 223, 223, 225, 221, 221, 224, 223, 221, 221, 224, 221, 225, 222, 223, 224, 225, 224, 223, 226, 223, 223, 222, 222, 224, 221, 224, 224, 224, 223, 225, 224, 223, 225, 222, 221, 222, 223];Eredmények csoportosítva;{224: 20, 223: 32, 222: 24, 220: 2, 225: 10, 221: 10, 226: 2}
L2NotDet-gp1-rn50; ;Átlag;204.0;Összes futási eredmény;[204, 204, 204, 204, 204, 204, 204, 204, 204, 204, 204, 204, 204, 204, 204, 204, 204, 204, 204, 204, 204, 204, 204, 204, 204, 204, 204, 204, 204, 204, 204, 204, 204, 204, 204, 204, 204, 204, 204, 204, 204, 204, 204, 204, 204, 204, 204, 204, 204, 204];Eredmények csoportosítva;{204: 50}
L2NotDet-gp3-rn50; ;Átlag;204.0;Összes futási eredmény;[204, 204, 204, 204, 204, 204, 204, 204, 204, 204, 204, 204, 204, 204, 204, 204, 204, 204, 204, 204, 204, 204, 204, 204, 204, 204, 204, 204, 204, 204, 204, 204, 204, 204, 204, 204, 204, 204, 204, 204, 204, 204, 204, 204, 204, 204, 204, 204, 204, 204];Eredmények csoportosítva;{204: 50}
L2NotDet-gp5-rn50; ;Átlag;204.02;Összes futási eredmény;[204, 204, 204, 204, 204, 204, 204, 204, 204, 204, 204, 204, 204, 204, 204, 204, 204, 204, 204, 204, 204, 204, 204, 204, 204, 204, 204, 204, 204, 204, 204, 204, 204, 204, 204, 204, 204, 204, 204, 204, 204, 204, 205, 204, 204, 204, 204, 204, 204, 204];Eredmények csoportosítva;{204: 49, 205: 1}
