Alsó Korlát;101
FFD-bin-sum;110
FFD-bin-avg;110
FFD-bin-prod;110
FFD-item-sum;110
FFD-item-avg;110
FFD-item-prod;109
dotP-gp1;105
dotP-gp2;105
dotP-gp3;106
dotP-gp4;106
L2-gp1;105
L2-gp2;105
L2-gp3;105
L2-gp4;106
FFDRev;118
FFDRevAdv;119
FFDMP-1.0;110
FFDMP-0.9;110
FFDMP-0.8;110
FFDMP-0.75;110
FFDBox-bx3-rt100; ;Átlag;109.15;Összes futási eredmény;[109, 110, 109, 109, 110, 110, 109, 110, 109, 110, 110, 109, 109, 108, 109, 108, 109, 109, 109, 108, 107, 109, 108, 110, 109, 109, 109, 110, 109, 109, 109, 109, 108, 109, 109, 110, 111, 108, 109, 109, 110, 108, 110, 110, 109, 110, 110, 109, 109, 109, 110, 109, 109, 109, 108, 110, 109, 109, 108, 109, 108, 110, 109, 110, 109, 109, 110, 109, 108, 109, 110, 109, 109, 109, 110, 108, 110, 110, 109, 109, 110, 108, 109, 111, 108, 110, 110, 108, 108, 110, 109, 108, 109, 109, 110, 110, 109, 109, 109, 110];Eredmények csoportosítva;{109: 50, 110: 30, 108: 17, 107: 1, 111: 2}
FFDBox-bx4-rt100; ;Átlag;109.16;Összes futási eredmény;[110, 109, 108, 108, 108, 109, 109, 109, 108, 109, 108, 110, 109, 110, 109, 109, 110, 109, 111, 110, 110, 109, 111, 109, 109, 108, 110, 110, 109, 108, 109, 109, 108, 109, 109, 109, 109, 109, 109, 109, 110, 110, 109, 110, 109, 109, 109, 110, 110, 108, 110, 109, 109, 110, 111, 110, 110, 109, 109, 110, 109, 108, 110, 110, 109, 110, 109, 108, 109, 109, 108, 108, 109, 110, 109, 109, 111, 110, 108, 110, 109, 108, 109, 109, 108, 110, 110, 110, 109, 110, 109, 108, 109, 109, 109, 109, 109, 108, 108, 108];Eredmények csoportosítva;{110: 28, 109: 48, 108: 20, 111: 4}
FFDBox-bx5-rt100; ;Átlag;109.19;Összes futási eredmény;[110, 109, 109, 109, 109, 110, 108, 110, 109, 108, 110, 110, 109, 110, 109, 109, 109, 110, 109, 110, 108, 110, 109, 109, 109, 109, 108, 109, 109, 110, 109, 110, 109, 110, 109, 109, 109, 110, 110, 109, 108, 108, 108, 110, 110, 109, 109, 109, 109, 110, 109, 109, 110, 109, 109, 109, 109, 110, 109, 111, 111, 109, 110, 109, 109, 109, 108, 108, 109, 110, 109, 109, 108, 109, 109, 108, 110, 109, 109, 110, 109, 109, 109, 110, 109, 109, 109, 109, 110, 110, 109, 110, 109, 109, 108, 109, 108, 109, 109, 110];Eredmények csoportosítva;{110: 28, 109: 57, 108: 13, 111: 2}
FFDBox-bx6-rt100; ;Átlag;109.24;Összes futási eredmény;[110, 109, 109, 109, 110, 110, 110, 109, 110, 110, 108, 110, 109, 109, 109, 109, 110, 109, 110, 109, 110, 109, 109, 110, 109, 109, 109, 109, 110, 110, 110, 109, 109, 108, 110, 110, 109, 109, 109, 110, 110, 110, 109, 109, 110, 108, 109, 108, 109, 109, 109, 109, 110, 108, 109, 109, 110, 109, 110, 108, 109, 110, 110, 110, 110, 109, 109, 110, 110, 108, 109, 108, 109, 109, 111, 109, 109, 108, 108, 110, 110, 109, 109, 109, 109, 109, 109, 110, 109, 109, 109, 107, 109, 109, 109, 110, 109, 108, 110, 110];Eredmények csoportosítva;{110: 35, 109: 52, 108: 11, 111: 1, 107: 1}
FFDGroups-gn4-rt100; ;Átlag;110.15;Összes futási eredmény;[110, 110, 110, 111, 111, 112, 109, 110, 109, 109, 109, 111, 111, 111, 110, 111, 110, 109, 109, 109, 110, 112, 111, 110, 110, 109, 111, 112, 112, 110, 111, 111, 110, 110, 110, 110, 111, 110, 110, 111, 110, 110, 109, 110, 111, 111, 111, 111, 110, 109, 110, 111, 110, 110, 110, 110, 110, 109, 110, 110, 110, 110, 109, 111, 109, 111, 110, 110, 109, 110, 111, 112, 111, 110, 110, 109, 111, 110, 109, 110, 110, 110, 111, 110, 110, 110, 111, 109, 110, 110, 110, 109, 109, 111, 111, 110, 109, 110, 110, 109];Eredmények csoportosítva;{110: 48, 111: 26, 112: 5, 109: 21}
FFDGroups-gn6-rt100; ;Átlag;109.68;Összes futási eredmény;[110, 110, 109, 110, 109, 110, 110, 109, 110, 110, 108, 111, 110, 109, 111, 110, 110, 110, 109, 110, 111, 110, 110, 109, 110, 109, 111, 110, 109, 110, 109, 110, 110, 110, 110, 109, 109, 110, 109, 109, 111, 110, 110, 109, 110, 110, 109, 110, 109, 111, 109, 110, 110, 109, 110, 110, 110, 110, 110, 108, 110, 110, 109, 109, 109, 110, 110, 108, 109, 109, 110, 110, 109, 110, 110, 110, 111, 111, 110, 110, 108, 109, 110, 110, 109, 110, 109, 109, 109, 110, 111, 109, 109, 109, 109, 110, 111, 109, 110, 110];Eredmények csoportosítva;{110: 52, 109: 34, 108: 4, 111: 10}
FFDGroups-gn10-rt100; ;Átlag;109.49;Összes futási eredmény;[110, 110, 111, 109, 109, 109, 109, 110, 109, 109, 109, 109, 110, 109, 111, 109, 109, 109, 110, 110, 110, 110, 111, 109, 110, 110, 110, 112, 109, 109, 109, 110, 109, 111, 108, 110, 111, 110, 110, 111, 109, 110, 111, 109, 109, 109, 109, 109, 109, 109, 110, 109, 109, 109, 110, 109, 110, 110, 110, 109, 110, 109, 108, 109, 109, 109, 109, 109, 109, 110, 109, 110, 109, 108, 109, 108, 111, 109, 111, 109, 110, 110, 109, 110, 111, 110, 109, 109, 108, 109, 109, 110, 109, 109, 110, 108, 109, 109, 110, 110];Eredmények csoportosítva;{110: 32, 111: 10, 109: 51, 112: 1, 108: 6}
FFDGroups-gn20-rt100; ;Átlag;109.23;Összes futási eredmény;[109, 109, 110, 110, 109, 109, 109, 109, 108, 108, 110, 110, 109, 109, 108, 109, 108, 109, 108, 110, 109, 109, 110, 109, 109, 109, 109, 111, 108, 109, 110, 109, 109, 109, 109, 110, 109, 110, 108, 109, 110, 109, 109, 108, 109, 111, 108, 108, 109, 110, 111, 109, 109, 109, 110, 109, 108, 110, 109, 110, 109, 108, 108, 110, 108, 108, 110, 111, 111, 109, 110, 109, 109, 109, 109, 108, 110, 110, 110, 110, 109, 109, 110, 108, 110, 110, 111, 109, 109, 110, 110, 109, 110, 110, 109, 108, 108, 110, 110, 109];Eredmények csoportosítva;{109: 45, 110: 30, 108: 19, 111: 6}
FFDBG-gn4-bx4-rt100; ;Átlag;109.15;Összes futási eredmény;[109, 108, 111, 108, 109, 109, 109, 109, 108, 107, 109, 109, 108, 110, 110, 109, 109, 109, 108, 109, 109, 110, 109, 110, 110, 110, 108, 108, 110, 109, 109, 110, 110, 109, 110, 109, 109, 110, 110, 109, 109, 110, 109, 108, 109, 108, 109, 110, 110, 109, 109, 109, 108, 109, 109, 110, 109, 110, 110, 109, 108, 108, 110, 110, 109, 109, 109, 108, 109, 110, 109, 109, 110, 108, 109, 110, 109, 109, 110, 108, 110, 109, 109, 108, 108, 110, 110, 109, 109, 110, 108, 110, 109, 109, 110, 110, 110, 110, 109, 109];Eredmények csoportosítva;{109: 47, 108: 18, 111: 1, 107: 1, 110: 33}
FFDBG-gn6-bx4-rt100; ;Átlag;109.22;Összes futási eredmény;[110, 109, 109, 109, 109, 110, 109, 110, 110, 109, 109, 110, 110, 109, 109, 109, 109, 108, 109, 111, 110, 108, 110, 108, 108, 109, 109, 109, 110, 110, 109, 110, 110, 110, 109, 109, 110, 110, 110, 108, 109, 110, 108, 109, 109, 109, 109, 109, 109, 109, 110, 108, 109, 108, 110, 109, 108, 110, 109, 109, 111, 109, 108, 109, 109, 110, 109, 109, 109, 109, 109, 109, 109, 109, 110, 108, 109, 108, 110, 109, 109, 109, 110, 110, 109, 110, 109, 110, 110, 110, 110, 108, 109, 109, 110, 109, 108, 109, 109, 110];Eredmények csoportosítva;{110: 32, 109: 52, 108: 14, 111: 2}
FFDBG-gn5-bx3-rt100; ;Átlag;109.12;Összes futási eredmény;[110, 108, 109, 109, 109, 109, 109, 107, 110, 109, 110, 109, 110, 110, 108, 109, 109, 110, 110, 109, 110, 109, 109, 108, 109, 110, 109, 110, 109, 108, 110, 110, 109, 111, 109, 109, 109, 109, 108, 109, 110, 109, 108, 111, 109, 108, 109, 109, 109, 109, 109, 109, 109, 109, 109, 108, 110, 109, 110, 109, 109, 109, 110, 109, 109, 110, 109, 110, 108, 110, 110, 109, 110, 109, 110, 108, 109, 108, 110, 109, 109, 109, 109, 109, 108, 110, 110, 109, 109, 109, 109, 108, 108, 109, 110, 109, 109, 108, 109, 108];Eredmények csoportosítva;{110: 26, 108: 16, 109: 55, 107: 1, 111: 2}
FFDRatio-ra2-rt100; ;Átlag;116.37;Összes futási eredmény;[115, 119, 119, 118, 114, 116, 119, 120, 118, 118, 118, 117, 119, 114, 118, 116, 116, 115, 116, 118, 117, 118, 117, 118, 118, 115, 112, 114, 113, 113, 117, 111, 116, 119, 115, 117, 114, 114, 117, 114, 113, 119, 114, 118, 111, 117, 120, 113, 118, 114, 116, 112, 116, 117, 118, 119, 116, 118, 119, 113, 118, 117, 117, 118, 117, 117, 115, 115, 116, 115, 114, 116, 113, 118, 111, 120, 118, 116, 119, 118, 115, 115, 113, 117, 119, 113, 119, 118, 116, 119, 118, 116, 111, 119, 117, 118, 120, 119, 118, 116];Eredmények csoportosítva;{115: 9, 119: 14, 118: 22, 114: 9, 116: 14, 120: 4, 117: 14, 112: 2, 113: 8, 111: 4}
FFDRatio-ra5-rt100; ;Átlag;112.57;Összes futási eredmény;[113, 111, 113, 114, 113, 111, 111, 113, 112, 114, 111, 112, 114, 113, 113, 111, 113, 112, 112, 112, 114, 113, 113, 113, 112, 113, 113, 114, 113, 112, 113, 113, 113, 112, 113, 112, 112, 114, 113, 111, 113, 114, 112, 112, 113, 112, 113, 111, 114, 113, 112, 113, 113, 112, 113, 113, 112, 113, 113, 112, 113, 112, 114, 112, 112, 112, 110, 112, 113, 112, 112, 114, 114, 114, 112, 113, 113, 111, 112, 112, 114, 112, 112, 112, 113, 113, 112, 112, 112, 113, 112, 112, 113, 112, 113, 113, 113, 111, 113, 114];Eredmények csoportosítva;{113: 40, 111: 9, 114: 14, 112: 36, 110: 1}
FFDRatio-ra10-rt100; ;Átlag;111.46;Összes futási eredmény;[110, 112, 111, 111, 111, 111, 111, 111, 111, 111, 112, 112, 111, 111, 113, 110, 112, 112, 111, 111, 110, 113, 112, 110, 112, 112, 112, 112, 111, 112, 111, 112, 111, 111, 112, 112, 113, 112, 111, 112, 111, 111, 111, 111, 111, 111, 111, 111, 111, 112, 111, 112, 113, 111, 111, 112, 111, 111, 110, 112, 112, 110, 111, 110, 110, 112, 111, 113, 111, 112, 111, 112, 112, 111, 111, 112, 112, 110, 111, 113, 114, 111, 112, 113, 111, 113, 111, 111, 112, 111, 112, 111, 111, 112, 112, 112, 111, 112, 112, 112];Eredmények csoportosítva;{110: 9, 112: 36, 111: 46, 113: 8, 114: 1}
FFDRatio-ra15-rt100; ;Átlag;111.07;Összes futási eredmény;[112, 112, 111, 111, 110, 111, 112, 112, 111, 112, 110, 112, 110, 112, 110, 110, 112, 111, 110, 112, 111, 110, 110, 111, 112, 110, 110, 110, 110, 112, 111, 111, 112, 112, 110, 112, 111, 112, 112, 110, 112, 112, 110, 112, 111, 111, 111, 110, 111, 110, 111, 111, 111, 112, 111, 111, 111, 111, 111, 110, 110, 112, 111, 111, 112, 111, 112, 111, 111, 112, 111, 111, 110, 112, 112, 112, 110, 110, 110, 111, 112, 111, 112, 111, 111, 111, 111, 110, 111, 110, 112, 110, 112, 112, 111, 111, 111, 111, 112, 111];Eredmények csoportosítva;{112: 33, 111: 41, 110: 26}
FFDVal-rt100; ;Átlag;112.3;Összes futási eredmény;[114, 112, 112, 113, 113, 113, 113, 114, 112, 114, 112, 111, 112, 112, 110, 113, 113, 112, 111, 112, 112, 111, 112, 112, 112, 114, 112, 114, 112, 113, 114, 112, 113, 111, 113, 112, 112, 112, 112, 112, 112, 111, 113, 112, 112, 112, 112, 114, 112, 112, 112, 111, 113, 111, 113, 112, 112, 114, 112, 112, 111, 113, 112, 112, 112, 111, 112, 113, 112, 114, 112, 112, 112, 112, 113, 112, 114, 112, 111, 111, 112, 111, 112, 113, 113, 112, 112, 113, 113, 113, 113, 112, 112, 113, 113, 113, 111, 111, 113, 113];Eredmények csoportosítva;{114: 10, 112: 49, 113: 26, 111: 14, 110: 1}
L2NotDet-gp1-rn50; ;Átlag;103.0;Összes futási eredmény;[103, 103, 103, 103, 103, 103, 103, 103, 103, 103, 103, 103, 103, 103, 103, 103, 103, 103, 103, 103, 103, 103, 103, 103, 103, 103, 103, 103, 103, 103, 103, 103, 103, 103, 103, 103, 103, 103, 103, 103, 103, 103, 103, 103, 103, 103, 103, 103, 103, 103];Eredmények csoportosítva;{103: 50}
L2NotDet-gp3-rn50; ;Átlag;102.92;Összes futási eredmény;[102, 103, 103, 103, 103, 103, 103, 103, 103, 103, 103, 103, 103, 103, 103, 103, 103, 103, 103, 103, 103, 103, 103, 103, 103, 102, 103, 103, 103, 103, 103, 103, 102, 102, 103, 103, 103, 103, 103, 103, 103, 103, 103, 103, 103, 103, 103, 103, 103, 103];Eredmények csoportosítva;{102: 4, 103: 46}
L2NotDet-gp5-rn50; ;Átlag;103.0;Összes futási eredmény;[103, 103, 103, 103, 103, 103, 103, 103, 103, 103, 103, 103, 103, 103, 103, 103, 103, 103, 103, 103, 103, 103, 103, 103, 103, 103, 103, 103, 103, 103, 103, 103, 103, 103, 103, 103, 103, 103, 103, 103, 103, 103, 103, 103, 103, 103, 103, 103, 103, 103];Eredmények csoportosítva;{103: 50}
Alsó Korlát;101
Alsó Korlát;101
Alsó Korlát;101
