Alsó Korlát;202
FFD-bin-sum;217
FFD-bin-avg;217
FFD-bin-prod;220
FFD-item-sum;219
FFD-item-avg;219
FFD-item-prod;217
dotP-gp1;211
dotP-gp2;210
dotP-gp3;210
dotP-gp4;212
L2-gp1;207
L2-gp2;208
L2-gp3;209
L2-gp4;209
FFDRev;240
FFDRevAdv;240
FFDMP-1.0;219
FFDMP-0.9;219
FFDMP-0.8;219
FFDMP-0.75;219
FFDBox-bx3-rt100; ;Átlag;217.33;Összes futási eredmény;[217, 219, 218, 219, 216, 217, 219, 216, 217, 218, 218, 217, 219, 216, 217, 219, 219, 217, 218, 217, 216, 217, 217, 219, 217, 217, 218, 218, 216, 217, 216, 216, 217, 217, 217, 217, 219, 217, 217, 217, 220, 217, 216, 218, 217, 217, 217, 219, 218, 217, 216, 216, 218, 217, 217, 216, 216, 217, 217, 217, 217, 218, 218, 218, 218, 215, 218, 218, 218, 218, 218, 217, 215, 216, 218, 218, 218, 218, 216, 218, 216, 217, 217, 217, 216, 216, 216, 217, 218, 218, 218, 217, 219, 217, 216, 218, 218, 218, 219, 219];Eredmények csoportosítva;{217: 37, 219: 12, 218: 29, 216: 19, 220: 1, 215: 2}
FFDBox-bx4-rt100; ;Átlag;217.47;Összes futási eredmény;[220, 218, 217, 219, 215, 217, 217, 220, 218, 217, 216, 218, 220, 218, 218, 216, 215, 219, 217, 216, 218, 217, 216, 218, 216, 218, 217, 218, 218, 215, 217, 217, 217, 218, 216, 217, 218, 215, 218, 216, 218, 217, 219, 219, 218, 219, 218, 218, 216, 218, 218, 218, 217, 217, 215, 217, 217, 218, 216, 216, 217, 217, 217, 218, 218, 218, 217, 217, 219, 218, 217, 218, 217, 219, 218, 217, 218, 217, 217, 218, 219, 217, 219, 218, 217, 218, 216, 218, 218, 217, 217, 218, 218, 218, 218, 217, 217, 219, 218, 218];Eredmények csoportosítva;{220: 3, 218: 39, 217: 32, 219: 10, 215: 5, 216: 11}
FFDBox-bx5-rt100; ;Átlag;217.54;Összes futási eredmény;[217, 216, 217, 216, 217, 220, 217, 217, 217, 218, 218, 217, 218, 217, 218, 218, 216, 217, 217, 217, 216, 218, 217, 221, 218, 219, 219, 217, 218, 216, 219, 218, 217, 217, 216, 220, 218, 217, 217, 219, 217, 217, 217, 218, 217, 216, 218, 218, 218, 219, 218, 217, 217, 219, 217, 217, 217, 215, 216, 217, 218, 219, 217, 216, 216, 218, 218, 217, 219, 220, 218, 218, 217, 217, 218, 217, 217, 217, 219, 220, 217, 218, 218, 217, 218, 218, 217, 215, 219, 218, 217, 217, 218, 217, 218, 218, 217, 218, 217, 219];Eredmények csoportosítva;{217: 42, 216: 10, 220: 4, 218: 30, 221: 1, 219: 11, 215: 2}
FFDBox-bx6-rt100; ;Átlag;217.54;Összes futási eredmény;[219, 217, 216, 218, 216, 218, 216, 218, 217, 217, 217, 217, 217, 219, 217, 218, 218, 218, 219, 219, 219, 217, 219, 219, 218, 216, 218, 218, 217, 217, 217, 215, 218, 218, 217, 217, 218, 218, 219, 217, 216, 217, 217, 218, 219, 219, 216, 218, 218, 218, 219, 218, 217, 218, 217, 218, 216, 218, 217, 217, 218, 218, 219, 216, 216, 218, 217, 218, 217, 218, 219, 216, 216, 218, 217, 218, 217, 217, 218, 217, 219, 217, 218, 220, 217, 218, 214, 218, 218, 218, 216, 217, 217, 217, 218, 219, 217, 218, 219, 217];Eredmények csoportosítva;{219: 16, 217: 33, 216: 12, 218: 36, 215: 1, 220: 1, 214: 1}
FFDGroups-gn4-rt100; ;Átlag;219.72;Összes futási eredmény;[218, 220, 221, 221, 217, 221, 219, 221, 219, 219, 220, 219, 220, 221, 219, 219, 219, 219, 220, 219, 219, 219, 221, 220, 220, 220, 219, 221, 220, 219, 220, 220, 220, 222, 219, 220, 219, 220, 218, 219, 221, 220, 217, 219, 218, 220, 221, 220, 221, 220, 219, 219, 219, 219, 219, 219, 219, 219, 219, 219, 219, 222, 220, 219, 220, 219, 221, 223, 220, 221, 219, 220, 219, 220, 220, 222, 221, 218, 220, 219, 220, 219, 219, 220, 219, 220, 219, 219, 219, 220, 219, 221, 219, 220, 221, 221, 221, 220, 219, 222];Eredmények csoportosítva;{218: 4, 220: 30, 221: 17, 217: 2, 219: 42, 222: 4, 223: 1}
FFDGroups-gn6-rt100; ;Átlag;219.12;Összes futási eredmény;[219, 220, 218, 219, 219, 217, 219, 219, 219, 219, 221, 221, 219, 220, 219, 219, 218, 222, 218, 220, 218, 219, 219, 220, 220, 220, 218, 220, 218, 220, 219, 218, 219, 219, 217, 219, 218, 219, 218, 219, 219, 220, 220, 219, 218, 218, 219, 219, 218, 219, 221, 219, 218, 220, 219, 221, 219, 219, 218, 219, 220, 220, 219, 220, 220, 220, 220, 219, 220, 220, 217, 219, 220, 219, 219, 219, 217, 220, 218, 220, 219, 218, 219, 220, 217, 217, 218, 218, 218, 219, 220, 220, 219, 221, 219, 218, 218, 222, 223, 219];Eredmények csoportosítva;{219: 40, 220: 25, 218: 21, 217: 6, 221: 5, 222: 2, 223: 1}
FFDGroups-gn10-rt100; ;Átlag;218.53;Összes futási eredmény;[218, 216, 219, 220, 218, 219, 221, 217, 218, 219, 220, 217, 219, 219, 218, 217, 217, 220, 220, 219, 220, 218, 221, 218, 218, 218, 217, 217, 219, 220, 217, 219, 220, 218, 219, 220, 218, 220, 216, 217, 218, 218, 218, 218, 218, 218, 219, 218, 218, 217, 217, 217, 220, 218, 218, 219, 220, 218, 219, 218, 220, 219, 220, 217, 218, 221, 219, 220, 217, 220, 217, 218, 220, 219, 219, 218, 218, 220, 219, 218, 219, 219, 218, 218, 217, 221, 219, 218, 220, 219, 219, 218, 217, 219, 219, 218, 219, 218, 218, 218];Eredmények csoportosítva;{218: 35, 216: 2, 219: 25, 220: 18, 221: 4, 217: 16}
FFDGroups-gn20-rt100; ;Átlag;217.52;Összes futási eredmény;[218, 218, 217, 218, 217, 216, 216, 217, 216, 217, 216, 217, 219, 219, 217, 216, 218, 216, 218, 218, 217, 218, 216, 217, 217, 219, 219, 219, 217, 217, 216, 218, 217, 220, 216, 217, 218, 218, 218, 218, 219, 217, 219, 218, 217, 219, 217, 217, 216, 216, 217, 218, 216, 218, 216, 220, 218, 217, 217, 218, 218, 217, 217, 220, 218, 217, 219, 216, 217, 218, 219, 216, 219, 218, 219, 219, 216, 218, 216, 216, 218, 217, 216, 218, 217, 219, 217, 219, 219, 220, 217, 217, 217, 218, 218, 217, 217, 218, 216, 218];Eredmények csoportosítva;{218: 28, 217: 32, 216: 20, 219: 16, 220: 4}
FFDBG-gn4-bx4-rt100; ;Átlag;217.41;Összes futási eredmény;[217, 218, 217, 218, 216, 215, 219, 219, 217, 218, 217, 216, 218, 218, 217, 217, 217, 218, 216, 218, 218, 218, 218, 218, 217, 218, 218, 215, 218, 217, 220, 216, 219, 217, 219, 216, 217, 217, 219, 217, 216, 220, 216, 217, 218, 218, 217, 218, 218, 216, 218, 219, 215, 218, 217, 217, 218, 216, 216, 218, 218, 218, 217, 218, 216, 218, 216, 219, 219, 218, 219, 216, 216, 218, 219, 217, 217, 216, 218, 217, 217, 218, 214, 217, 216, 218, 216, 218, 217, 218, 218, 219, 218, 217, 217, 218, 219, 217, 218, 217];Eredmények csoportosítva;{217: 28, 218: 37, 216: 17, 215: 3, 219: 12, 220: 2, 214: 1}
FFDBG-gn6-bx4-rt100; ;Átlag;217.55;Összes futási eredmény;[218, 218, 215, 217, 217, 217, 219, 218, 219, 217, 217, 218, 217, 217, 218, 218, 219, 216, 217, 219, 217, 218, 218, 218, 219, 216, 217, 219, 218, 216, 217, 218, 218, 217, 217, 217, 218, 218, 217, 216, 216, 219, 216, 218, 219, 215, 217, 219, 218, 218, 218, 219, 216, 218, 219, 217, 217, 218, 220, 218, 218, 217, 216, 217, 217, 219, 217, 217, 217, 217, 218, 218, 217, 219, 218, 217, 219, 217, 219, 218, 217, 217, 218, 220, 217, 218, 218, 217, 219, 217, 217, 218, 217, 216, 218, 217, 217, 217, 217, 216];Eredmények csoportosítva;{218: 31, 215: 2, 217: 39, 219: 16, 216: 10, 220: 2}
FFDBG-gn5-bx3-rt100; ;Átlag;217.52;Összes futási eredmény;[218, 216, 217, 219, 217, 217, 217, 217, 218, 218, 218, 217, 218, 218, 218, 216, 218, 218, 216, 218, 217, 218, 217, 218, 218, 218, 218, 217, 220, 217, 217, 219, 218, 220, 219, 219, 215, 219, 218, 217, 217, 217, 217, 216, 218, 216, 217, 216, 217, 218, 216, 217, 218, 216, 217, 217, 215, 218, 217, 217, 217, 219, 218, 218, 218, 218, 218, 216, 219, 215, 217, 219, 217, 217, 220, 217, 216, 217, 218, 217, 218, 218, 219, 215, 219, 218, 219, 217, 218, 217, 219, 219, 219, 217, 219, 216, 217, 218, 216, 218];Eredmények csoportosítva;{218: 33, 216: 12, 217: 33, 219: 15, 220: 3, 215: 4}
FFDRatio-ra2-rt100; ;Átlag;235.13;Összes futási eredmény;[237, 238, 227, 239, 238, 238, 238, 225, 237, 236, 236, 238, 235, 238, 237, 231, 239, 234, 238, 239, 230, 238, 236, 238, 233, 238, 239, 238, 238, 239, 235, 238, 238, 233, 239, 237, 234, 234, 237, 237, 235, 237, 234, 233, 235, 237, 234, 238, 226, 237, 230, 238, 238, 235, 228, 236, 239, 234, 228, 238, 233, 237, 236, 236, 233, 237, 239, 239, 230, 238, 236, 237, 238, 234, 231, 234, 233, 230, 231, 235, 232, 240, 233, 230, 231, 233, 238, 229, 235, 237, 236, 229, 236, 233, 231, 229, 234, 238, 237, 238];Eredmények csoportosítva;{237: 14, 238: 23, 227: 1, 239: 9, 225: 1, 236: 9, 235: 7, 231: 5, 234: 9, 230: 5, 233: 9, 226: 1, 228: 2, 232: 1, 240: 1, 229: 3}
FFDRatio-ra5-rt100; ;Átlag;225.68;Összes futási eredmény;[225, 226, 225, 224, 227, 227, 225, 225, 225, 225, 226, 227, 226, 225, 226, 226, 225, 226, 227, 226, 226, 226, 225, 225, 225, 226, 226, 224, 226, 225, 225, 225, 225, 226, 224, 225, 227, 227, 226, 227, 225, 225, 225, 227, 227, 227, 226, 227, 226, 226, 225, 225, 225, 227, 224, 226, 225, 225, 225, 224, 225, 227, 224, 225, 226, 228, 225, 226, 226, 227, 227, 224, 225, 225, 227, 226, 225, 226, 226, 227, 226, 225, 226, 226, 227, 225, 225, 226, 225, 226, 225, 227, 225, 223, 226, 225, 227, 228, 225, 226];Eredmények csoportosítva;{225: 39, 226: 31, 224: 7, 227: 20, 228: 2, 223: 1}
FFDRatio-ra10-rt100; ;Átlag;222.83;Összes futási eredmény;[223, 223, 224, 221, 223, 223, 224, 221, 225, 223, 223, 222, 222, 224, 223, 222, 222, 222, 223, 222, 224, 224, 224, 222, 224, 223, 222, 223, 222, 223, 224, 222, 222, 223, 223, 221, 223, 223, 222, 222, 222, 224, 221, 223, 224, 223, 224, 224, 224, 223, 223, 222, 224, 222, 223, 223, 222, 223, 224, 223, 224, 223, 223, 223, 224, 223, 222, 224, 222, 222, 223, 222, 221, 222, 224, 223, 223, 223, 222, 222, 223, 221, 223, 223, 223, 224, 223, 222, 224, 222, 223, 223, 222, 223, 223, 223, 221, 224, 222, 224];Eredmények csoportosítva;{223: 41, 224: 23, 221: 7, 225: 1, 222: 28}
FFDRatio-ra15-rt100; ;Átlag;221.9;Összes futási eredmény;[222, 221, 221, 221, 222, 222, 220, 221, 223, 222, 223, 222, 221, 223, 221, 222, 223, 223, 221, 222, 222, 222, 222, 221, 221, 221, 223, 221, 221, 223, 222, 222, 222, 223, 222, 222, 222, 221, 222, 223, 222, 222, 222, 222, 222, 221, 222, 222, 223, 220, 222, 223, 223, 222, 223, 222, 221, 222, 221, 222, 222, 222, 222, 222, 222, 222, 222, 221, 222, 221, 223, 221, 222, 222, 221, 222, 222, 222, 222, 222, 222, 221, 222, 223, 223, 223, 221, 221, 221, 222, 222, 223, 221, 221, 223, 222, 222, 222, 222, 223];Eredmények csoportosítva;{222: 52, 221: 26, 220: 2, 223: 20}
FFDVal-rt100; ;Átlag;225.53;Összes futási eredmény;[225, 224, 225, 226, 225, 226, 224, 226, 225, 225, 227, 225, 226, 226, 226, 227, 226, 226, 224, 226, 228, 227, 226, 225, 226, 227, 226, 226, 225, 228, 227, 225, 226, 225, 224, 226, 226, 224, 225, 223, 224, 225, 225, 226, 227, 226, 227, 227, 225, 225, 225, 226, 226, 225, 224, 225, 226, 225, 227, 226, 226, 226, 225, 227, 225, 225, 226, 226, 224, 226, 226, 224, 224, 227, 224, 225, 227, 225, 226, 225, 223, 227, 226, 226, 226, 227, 226, 225, 225, 226, 222, 227, 226, 225, 226, 224, 225, 224, 225, 226];Eredmények csoportosítva;{225: 30, 224: 13, 226: 37, 227: 15, 228: 2, 223: 2, 222: 1}
L2NotDet-gp1-rn50; ;Átlag;204.0;Összes futási eredmény;[204, 204, 204, 204, 204, 204, 204, 204, 204, 204, 204, 204, 204, 204, 204, 204, 204, 204, 204, 204, 204, 204, 204, 204, 204, 204, 204, 204, 204, 204, 204, 204, 204, 204, 204, 204, 204, 204, 204, 204, 204, 204, 204, 204, 204, 204, 204, 204, 204, 204];Eredmények csoportosítva;{204: 50}
L2NotDet-gp3-rn50; ;Átlag;204.0;Összes futási eredmény;[204, 204, 204, 204, 204, 204, 204, 204, 204, 204, 204, 204, 204, 204, 204, 204, 204, 204, 204, 204, 204, 204, 204, 204, 204, 204, 204, 204, 204, 204, 204, 204, 204, 204, 204, 204, 204, 204, 204, 204, 204, 204, 204, 204, 204, 204, 204, 204, 204, 204];Eredmények csoportosítva;{204: 50}
L2NotDet-gp5-rn50; ;Átlag;204.04;Összes futási eredmény;[204, 204, 204, 204, 204, 204, 204, 204, 204, 204, 204, 204, 204, 204, 204, 204, 204, 205, 204, 204, 204, 204, 204, 204, 204, 204, 204, 204, 204, 204, 204, 204, 204, 204, 204, 204, 204, 205, 204, 204, 204, 204, 204, 204, 204, 204, 204, 204, 204, 204];Eredmények csoportosítva;{204: 48, 205: 2}
Alsó Korlát;202
Alsó Korlát;202
