Alsó Korlát;254
FFD-bin-sum;275
FFD-bin-avg;275
FFD-bin-prod;273
FFD-item-sum;270
FFD-item-avg;270
FFD-item-prod;270
dotP-gp1;263
dotP-gp2;263
dotP-gp3;263
dotP-gp4;264
L2-gp1;261
L2-gp2;262
L2-gp3;262
L2-gp4;263
FFDRev;289
FFDRevAdv;289
FFDMP-1.0;272
FFDMP-0.9;270
FFDMP-0.8;270
FFDMP-0.75;270
FFDBox-bx3-rt100; ;Átlag;271.15;Összes futási eredmény;[271, 272, 270, 269, 271, 270, 270, 271, 273, 270, 271, 274, 271, 270, 273, 273, 273, 269, 271, 271, 271, 271, 268, 272, 272, 269, 272, 270, 270, 272, 271, 272, 269, 272, 272, 270, 273, 273, 270, 273, 270, 271, 270, 273, 271, 272, 270, 272, 269, 272, 272, 273, 270, 272, 272, 271, 272, 271, 270, 271, 269, 272, 272, 272, 270, 270, 270, 274, 270, 271, 271, 270, 272, 272, 273, 270, 271, 270, 273, 272, 272, 270, 269, 271, 272, 273, 271, 270, 272, 272, 270, 271, 271, 273, 271, 272, 271, 270, 270, 271];Eredmények csoportosítva;{271: 25, 272: 26, 270: 26, 269: 7, 273: 13, 274: 2, 268: 1}
FFDBox-bx4-rt100; ;Átlag;271.04;Összes futási eredmény;[271, 270, 271, 269, 272, 273, 273, 272, 272, 271, 272, 271, 270, 272, 269, 271, 270, 271, 270, 272, 274, 272, 269, 270, 272, 271, 273, 271, 271, 274, 271, 273, 271, 271, 268, 270, 271, 273, 272, 271, 270, 268, 271, 270, 271, 272, 271, 271, 271, 269, 272, 270, 269, 271, 272, 272, 270, 272, 271, 271, 273, 272, 273, 271, 271, 273, 270, 272, 271, 271, 273, 272, 271, 271, 270, 270, 271, 270, 269, 271, 270, 270, 271, 272, 272, 270, 271, 269, 272, 270, 269, 272, 269, 273, 270, 271, 271, 270, 271, 272];Eredmények csoportosítva;{271: 35, 270: 20, 269: 9, 272: 22, 273: 10, 274: 2, 268: 2}
FFDBox-bx5-rt100; ;Átlag;270.95;Összes futási eredmény;[271, 272, 271, 272, 271, 271, 272, 268, 272, 269, 270, 269, 270, 271, 269, 272, 271, 272, 270, 272, 270, 272, 272, 270, 272, 271, 271, 271, 271, 270, 271, 271, 273, 272, 271, 270, 269, 272, 271, 272, 270, 271, 272, 271, 274, 269, 270, 273, 271, 272, 268, 270, 272, 272, 272, 269, 269, 269, 271, 271, 271, 272, 272, 271, 272, 271, 271, 271, 272, 269, 272, 273, 270, 272, 271, 271, 272, 272, 270, 272, 272, 271, 272, 271, 269, 271, 270, 272, 270, 271, 270, 272, 273, 271, 270, 270, 269, 272, 268, 271];Eredmények csoportosítva;{271: 32, 272: 32, 268: 3, 269: 11, 270: 17, 273: 4, 274: 1}
FFDBox-bx6-rt100; ;Átlag;270.97;Összes futási eredmény;[272, 271, 270, 270, 271, 272, 270, 270, 271, 271, 270, 269, 271, 271, 273, 269, 271, 271, 270, 271, 272, 272, 270, 272, 273, 271, 272, 272, 271, 272, 273, 271, 270, 272, 271, 271, 270, 271, 269, 270, 270, 271, 270, 273, 272, 269, 273, 272, 269, 271, 269, 272, 271, 270, 271, 271, 271, 271, 271, 271, 273, 273, 270, 270, 272, 272, 272, 272, 271, 270, 270, 272, 270, 271, 271, 271, 270, 272, 272, 270, 271, 272, 271, 270, 269, 272, 271, 271, 271, 271, 271, 269, 272, 270, 272, 271, 270, 271, 271, 270];Eredmények csoportosítva;{272: 23, 271: 38, 270: 24, 269: 8, 273: 7}
FFDGroups-gn4-rt100; ;Átlag;272.87;Összes futási eredmény;[274, 272, 273, 272, 273, 274, 273, 272, 273, 270, 275, 272, 275, 272, 273, 273, 274, 274, 273, 275, 272, 271, 272, 274, 274, 272, 273, 273, 273, 272, 273, 273, 275, 273, 274, 273, 273, 271, 274, 272, 273, 272, 270, 274, 272, 273, 275, 273, 273, 273, 272, 275, 271, 274, 275, 273, 274, 274, 272, 273, 272, 272, 274, 274, 273, 272, 271, 272, 271, 273, 272, 273, 271, 273, 275, 273, 272, 272, 272, 273, 276, 271, 274, 272, 271, 274, 273, 274, 271, 271, 270, 273, 273, 274, 274, 273, 272, 273, 275, 273];Eredmények csoportosítva;{274: 19, 272: 24, 273: 34, 270: 3, 275: 9, 271: 10, 276: 1}
FFDGroups-gn6-rt100; ;Átlag;271.37;Összes futási eredmény;[273, 272, 271, 270, 270, 272, 270, 270, 271, 272, 270, 272, 270, 271, 272, 270, 271, 271, 272, 271, 272, 270, 272, 275, 269, 270, 272, 271, 273, 272, 271, 271, 271, 271, 272, 272, 272, 270, 271, 270, 270, 271, 271, 273, 273, 271, 269, 273, 271, 270, 273, 273, 272, 273, 270, 272, 271, 270, 272, 269, 272, 271, 270, 272, 273, 273, 273, 273, 272, 271, 271, 273, 272, 273, 273, 269, 270, 269, 272, 274, 272, 271, 272, 273, 271, 272, 271, 270, 270, 269, 270, 272, 270, 272, 272, 273, 272, 270, 271, 273];Eredmények csoportosítva;{273: 18, 272: 28, 271: 24, 270: 22, 275: 1, 269: 6, 274: 1}
FFDGroups-gn10-rt100; ;Átlag;271.3;Összes futási eredmény;[271, 272, 272, 271, 271, 272, 270, 271, 271, 273, 271, 270, 271, 272, 271, 269, 269, 270, 272, 271, 271, 271, 272, 270, 272, 273, 271, 270, 271, 271, 270, 271, 269, 270, 272, 272, 273, 272, 273, 273, 272, 271, 271, 270, 272, 270, 271, 271, 270, 270, 271, 270, 269, 270, 272, 270, 272, 272, 272, 272, 271, 271, 272, 272, 272, 273, 271, 271, 272, 271, 272, 273, 272, 271, 271, 271, 272, 272, 274, 272, 270, 272, 273, 269, 271, 271, 272, 270, 270, 271, 274, 272, 271, 273, 270, 271, 272, 274, 272, 271];Eredmények csoportosítva;{271: 34, 272: 31, 270: 18, 273: 9, 269: 5, 274: 3}
FFDGroups-gn20-rt100; ;Átlag;271.26;Összes futási eredmény;[271, 272, 271, 272, 273, 271, 272, 271, 271, 270, 272, 270, 273, 270, 272, 270, 273, 273, 272, 270, 271, 270, 272, 271, 273, 272, 272, 272, 269, 270, 271, 272, 273, 270, 272, 270, 270, 272, 272, 271, 270, 273, 270, 272, 271, 273, 272, 270, 271, 272, 271, 272, 272, 271, 270, 272, 271, 271, 272, 271, 272, 271, 272, 271, 271, 269, 272, 271, 271, 272, 270, 271, 273, 271, 272, 271, 271, 270, 272, 269, 270, 271, 273, 270, 272, 272, 273, 271, 272, 270, 270, 269, 270, 271, 272, 271, 271, 270, 272, 273];Eredmények csoportosítva;{271: 30, 272: 32, 273: 12, 270: 22, 269: 4}
FFDBG-gn4-bx4-rt100; ;Átlag;271.08;Összes futási eredmény;[272, 272, 272, 270, 272, 271, 269, 272, 270, 271, 272, 270, 271, 271, 275, 270, 272, 271, 270, 270, 273, 270, 270, 271, 270, 271, 272, 271, 271, 271, 270, 270, 271, 270, 271, 271, 272, 272, 270, 272, 272, 272, 272, 271, 272, 272, 269, 271, 271, 270, 271, 271, 272, 271, 272, 272, 273, 269, 272, 271, 271, 270, 271, 270, 270, 271, 271, 272, 271, 270, 272, 272, 269, 271, 272, 272, 273, 272, 271, 270, 270, 272, 270, 272, 271, 274, 269, 271, 269, 271, 271, 272, 269, 270, 272, 272, 271, 272, 271, 270];Eredmények csoportosítva;{272: 32, 270: 23, 271: 33, 269: 7, 275: 1, 273: 3, 274: 1}
FFDBG-gn6-bx4-rt100; ;Átlag;270.94;Összes futási eredmény;[271, 270, 270, 270, 271, 271, 271, 269, 271, 272, 270, 270, 270, 270, 272, 272, 270, 269, 272, 272, 273, 270, 271, 272, 269, 271, 270, 273, 272, 271, 270, 272, 271, 271, 270, 272, 270, 271, 272, 271, 272, 272, 271, 270, 271, 270, 271, 271, 273, 270, 270, 270, 270, 271, 271, 270, 271, 271, 271, 270, 270, 273, 270, 272, 269, 271, 270, 270, 272, 270, 271, 271, 270, 271, 270, 272, 271, 273, 270, 272, 272, 272, 271, 272, 271, 271, 271, 272, 271, 272, 272, 273, 271, 271, 271, 270, 273, 270, 270, 269];Eredmények csoportosítva;{271: 34, 270: 32, 269: 5, 272: 22, 273: 7}
FFDBG-gn5-bx3-rt100; ;Átlag;271.15;Összes futási eredmény;[271, 271, 270, 272, 271, 270, 272, 269, 270, 271, 270, 272, 272, 272, 271, 270, 270, 271, 271, 271, 273, 273, 269, 272, 271, 271, 272, 271, 273, 270, 269, 273, 271, 272, 270, 270, 270, 270, 272, 270, 271, 270, 272, 271, 272, 272, 272, 273, 272, 271, 271, 270, 271, 273, 271, 272, 270, 272, 273, 270, 271, 273, 271, 271, 271, 272, 271, 272, 270, 271, 271, 271, 271, 271, 270, 272, 272, 272, 270, 273, 272, 270, 270, 271, 271, 272, 271, 272, 271, 270, 271, 271, 272, 271, 272, 271, 271, 270, 272, 270];Eredmények csoportosítva;{271: 37, 270: 24, 272: 27, 269: 3, 273: 9}
FFDRatio-ra2-rt100; ;Átlag;285.13;Összes futási eredmény;[288, 278, 291, 290, 290, 277, 290, 285, 285, 291, 294, 275, 276, 285, 284, 282, 288, 288, 293, 290, 285, 287, 288, 290, 279, 276, 294, 283, 290, 280, 292, 281, 280, 282, 283, 291, 286, 278, 285, 289, 285, 284, 286, 277, 293, 286, 289, 286, 285, 282, 287, 290, 279, 286, 282, 289, 278, 277, 273, 283, 288, 294, 286, 289, 278, 277, 289, 288, 283, 292, 290, 291, 291, 293, 292, 281, 286, 278, 288, 289, 290, 281, 290, 276, 277, 290, 293, 287, 291, 279, 277, 289, 282, 292, 278, 279, 291, 278, 275, 279];Eredmények csoportosítva;{288: 7, 278: 7, 291: 7, 290: 11, 277: 6, 285: 7, 294: 3, 275: 2, 276: 3, 284: 2, 282: 5, 293: 4, 287: 3, 279: 5, 283: 4, 280: 2, 292: 4, 281: 3, 286: 7, 289: 7, 273: 1}
FFDRatio-ra5-rt100; ;Átlag;278.67;Összes futási eredmény;[278, 280, 279, 278, 278, 279, 281, 277, 280, 277, 279, 280, 281, 277, 278, 276, 279, 277, 280, 276, 279, 278, 278, 279, 280, 281, 278, 279, 276, 277, 278, 279, 280, 278, 279, 279, 279, 279, 279, 280, 279, 277, 279, 277, 278, 279, 280, 276, 280, 278, 281, 279, 281, 280, 280, 280, 277, 280, 281, 277, 279, 279, 280, 277, 278, 278, 278, 277, 277, 279, 278, 278, 280, 278, 279, 280, 278, 278, 279, 277, 279, 277, 279, 279, 278, 277, 280, 279, 279, 278, 280, 279, 278, 279, 278, 277, 280, 281, 279, 280];Eredmények csoportosítva;{278: 23, 280: 20, 279: 30, 281: 7, 277: 16, 276: 4}
FFDRatio-ra10-rt100; ;Átlag;275.08;Összes futási eredmény;[275, 275, 274, 276, 276, 275, 277, 275, 275, 275, 275, 274, 276, 275, 275, 277, 275, 276, 274, 274, 274, 275, 274, 276, 276, 276, 278, 276, 273, 275, 276, 274, 276, 274, 277, 275, 274, 275, 274, 276, 275, 276, 273, 274, 275, 276, 274, 276, 277, 275, 274, 274, 277, 275, 274, 274, 275, 275, 275, 275, 276, 274, 275, 276, 274, 274, 274, 272, 275, 273, 277, 276, 274, 277, 275, 274, 276, 276, 275, 276, 275, 275, 274, 275, 275, 276, 275, 274, 274, 275, 275, 276, 276, 275, 276, 274, 275, 276, 276, 275];Eredmények csoportosítva;{275: 36, 274: 26, 276: 26, 277: 7, 278: 1, 273: 3, 272: 1}
FFDRatio-ra15-rt100; ;Átlag;273.82;Összes futási eredmény;[274, 272, 274, 274, 274, 274, 274, 273, 274, 274, 275, 277, 273, 274, 274, 273, 274, 275, 274, 275, 274, 272, 275, 274, 273, 273, 273, 274, 274, 273, 274, 273, 276, 273, 274, 274, 275, 274, 274, 274, 274, 273, 273, 274, 275, 274, 273, 273, 275, 272, 274, 275, 274, 274, 274, 276, 273, 273, 272, 274, 274, 274, 273, 274, 273, 275, 274, 275, 273, 273, 273, 272, 272, 273, 274, 272, 273, 273, 274, 274, 276, 273, 275, 274, 274, 274, 274, 275, 274, 275, 274, 274, 273, 273, 273, 274, 274, 273, 276, 274];Eredmények csoportosítva;{274: 47, 272: 7, 273: 28, 275: 13, 277: 1, 276: 4}
FFDVal-rt100; ;Átlag;279.26;Összes futási eredmény;[279, 279, 279, 277, 280, 280, 280, 279, 280, 277, 279, 280, 279, 280, 281, 278, 280, 278, 281, 278, 278, 280, 278, 281, 278, 280, 280, 277, 278, 280, 280, 280, 278, 279, 280, 280, 280, 280, 281, 280, 280, 281, 279, 279, 278, 277, 278, 280, 279, 283, 280, 279, 278, 280, 279, 279, 280, 279, 280, 281, 280, 278, 278, 281, 279, 277, 280, 277, 279, 281, 280, 276, 280, 278, 280, 278, 277, 278, 281, 280, 280, 279, 280, 282, 278, 279, 279, 279, 280, 278, 282, 278, 280, 279, 278, 280, 280, 277, 279, 280];Eredmények csoportosítva;{279: 22, 277: 8, 280: 37, 281: 9, 278: 20, 283: 1, 276: 1, 282: 2}
L2NotDet-gp1-rn50; ;Átlag;258.0;Összes futási eredmény;[258, 258, 258, 258, 258, 258, 258, 258, 258, 258, 258, 258, 258, 258, 258, 258, 258, 258, 258, 258, 258, 258, 258, 258, 258, 258, 258, 258, 258, 258, 258, 258, 258, 258, 258, 258, 258, 258, 258, 258, 258, 258, 258, 258, 258, 258, 258, 258, 258, 258];Eredmények csoportosítva;{258: 50}
Alsó Korlát;254
Alsó Korlát;254
Alsó Korlát;254
