Alsó Korlát;256
FFD-bin-sum;275
FFD-bin-avg;275
FFD-bin-prod;277
FFD-item-sum;276
FFD-item-avg;276
FFD-item-prod;276
dotP-gp1;265
dotP-gp2;266
dotP-gp3;266
dotP-gp4;267
L2-gp1;264
L2-gp2;263
L2-gp3;265
L2-gp4;265
FFDRev;304
FFDRevAdv;304
FFDMP-1.0;275
FFDMP-0.9;276
FFDMP-0.8;276
FFDMP-0.75;275
FFDBox-bx3-rt100; ;Átlag;274.76;Összes futási eredmény;[274, 275, 275, 275, 274, 276, 275, 274, 276, 274, 273, 276, 275, 275, 276, 276, 273, 274, 275, 275, 274, 274, 272, 276, 274, 275, 274, 276, 275, 274, 275, 277, 274, 275, 273, 274, 277, 276, 276, 273, 276, 274, 275, 275, 274, 276, 272, 276, 275, 275, 274, 274, 274, 274, 275, 274, 276, 275, 277, 274, 274, 274, 276, 275, 275, 273, 276, 275, 276, 273, 276, 275, 274, 275, 273, 273, 276, 277, 275, 274, 275, 276, 276, 274, 274, 274, 274, 275, 276, 276, 276, 273, 273, 275, 274, 275, 274, 275, 275, 276];Eredmények csoportosítva;{274: 30, 275: 30, 276: 24, 273: 10, 272: 2, 277: 4}
FFDBox-bx4-rt100; ;Átlag;274.36;Összes futási eredmény;[274, 273, 275, 272, 273, 274, 275, 275, 274, 275, 276, 273, 274, 275, 277, 273, 275, 275, 272, 275, 274, 274, 275, 275, 272, 274, 275, 275, 274, 276, 274, 274, 274, 275, 274, 276, 274, 272, 273, 273, 277, 277, 275, 276, 276, 275, 272, 275, 275, 277, 273, 275, 275, 276, 274, 276, 272, 274, 272, 276, 274, 273, 273, 275, 276, 273, 276, 276, 276, 273, 274, 275, 273, 273, 276, 275, 272, 275, 273, 274, 273, 273, 273, 275, 275, 273, 273, 275, 273, 275, 274, 275, 276, 274, 275, 273, 276, 276, 274, 274];Eredmények csoportosítva;{274: 22, 273: 21, 275: 29, 272: 8, 276: 16, 277: 4}
FFDBox-bx5-rt100; ;Átlag;274.22;Összes futási eredmény;[274, 274, 275, 275, 277, 276, 274, 275, 275, 273, 274, 276, 275, 273, 272, 273, 273, 272, 272, 274, 274, 275, 273, 274, 274, 275, 274, 274, 273, 276, 274, 275, 273, 274, 273, 273, 275, 273, 272, 274, 275, 273, 275, 274, 275, 276, 274, 275, 274, 275, 275, 273, 273, 274, 274, 275, 274, 273, 274, 274, 274, 275, 275, 276, 275, 275, 274, 275, 274, 278, 276, 274, 275, 274, 273, 274, 273, 276, 275, 273, 273, 273, 275, 274, 275, 277, 275, 274, 275, 275, 273, 274, 272, 276, 271, 274, 273, 276, 274, 274];Eredmények csoportosítva;{274: 33, 275: 28, 277: 2, 276: 9, 273: 21, 272: 5, 278: 1, 271: 1}
FFDBox-bx6-rt100; ;Átlag;274.38;Összes futási eredmény;[275, 275, 275, 276, 275, 275, 273, 275, 273, 274, 273, 274, 273, 275, 274, 273, 274, 274, 274, 273, 274, 276, 275, 276, 276, 273, 275, 275, 276, 272, 274, 276, 275, 276, 275, 272, 276, 275, 272, 274, 273, 275, 272, 274, 274, 274, 274, 275, 274, 275, 273, 275, 275, 275, 275, 277, 275, 275, 275, 274, 273, 274, 275, 272, 274, 272, 276, 274, 274, 274, 274, 275, 275, 274, 275, 275, 272, 277, 278, 275, 275, 273, 274, 275, 272, 277, 276, 274, 274, 275, 275, 273, 275, 274, 275, 272, 274, 274, 275, 273];Eredmények csoportosítva;{275: 36, 276: 10, 273: 13, 274: 28, 272: 9, 277: 3, 278: 1}
FFDGroups-gn4-rt100; ;Átlag;276.54;Összes futási eredmény;[276, 275, 277, 277, 276, 276, 276, 278, 276, 275, 276, 275, 275, 277, 279, 276, 278, 276, 278, 277, 276, 277, 278, 276, 275, 277, 276, 276, 277, 276, 277, 276, 276, 276, 278, 276, 278, 277, 275, 273, 276, 277, 274, 275, 276, 276, 276, 277, 278, 279, 278, 276, 276, 276, 277, 278, 277, 277, 278, 276, 279, 277, 276, 278, 278, 277, 277, 277, 277, 277, 278, 279, 274, 277, 275, 277, 276, 277, 275, 277, 276, 278, 276, 276, 276, 273, 277, 276, 276, 278, 275, 277, 278, 276, 277, 275, 277, 278, 277, 276];Eredmények csoportosítva;{276: 35, 275: 11, 277: 29, 278: 17, 279: 4, 273: 2, 274: 2}
FFDGroups-gn6-rt100; ;Átlag;275.76;Összes futási eredmény;[274, 273, 277, 274, 276, 279, 274, 276, 277, 275, 277, 276, 276, 275, 276, 275, 276, 275, 274, 275, 276, 277, 275, 276, 275, 276, 275, 275, 277, 275, 276, 276, 276, 274, 273, 276, 273, 275, 274, 275, 276, 275, 275, 276, 275, 275, 275, 275, 277, 275, 274, 276, 277, 276, 277, 274, 275, 275, 277, 277, 274, 280, 276, 277, 275, 277, 276, 274, 278, 274, 274, 278, 275, 276, 275, 278, 276, 276, 277, 278, 276, 275, 275, 275, 276, 275, 277, 277, 276, 274, 277, 277, 277, 277, 276, 278, 277, 277, 275, 278];Eredmények csoportosítva;{274: 13, 273: 3, 277: 21, 276: 26, 279: 1, 275: 29, 280: 1, 278: 6}
FFDGroups-gn10-rt100; ;Átlag;275.61;Összes futási eredmény;[278, 276, 278, 274, 277, 275, 274, 275, 277, 274, 275, 275, 276, 279, 277, 277, 275, 276, 278, 276, 275, 274, 276, 274, 275, 277, 277, 276, 277, 278, 276, 275, 275, 277, 277, 277, 275, 276, 275, 277, 276, 273, 277, 274, 276, 277, 277, 276, 273, 277, 276, 274, 274, 278, 274, 275, 275, 277, 275, 275, 277, 277, 275, 277, 276, 273, 274, 273, 278, 276, 274, 276, 274, 274, 275, 277, 277, 274, 275, 276, 276, 275, 275, 274, 273, 275, 277, 275, 276, 275, 277, 275, 274, 276, 275, 274, 274, 276, 274, 277];Eredmények csoportosítva;{278: 6, 276: 20, 274: 19, 277: 24, 275: 25, 279: 1, 273: 5}
FFDGroups-gn20-rt100; ;Átlag;274.61;Összes futási eredmény;[276, 276, 275, 275, 275, 275, 275, 273, 273, 274, 272, 272, 275, 275, 273, 274, 273, 274, 274, 273, 275, 276, 275, 272, 274, 272, 277, 274, 275, 277, 274, 274, 276, 274, 275, 276, 274, 274, 276, 276, 276, 274, 274, 274, 277, 277, 276, 274, 273, 274, 275, 275, 276, 275, 275, 274, 275, 275, 275, 274, 277, 274, 273, 273, 274, 275, 276, 274, 274, 274, 277, 272, 275, 274, 275, 274, 274, 274, 276, 275, 277, 276, 274, 275, 273, 273, 275, 275, 275, 273, 277, 274, 274, 275, 276, 275, 276, 273, 275, 274];Eredmények csoportosítva;{276: 15, 275: 29, 273: 12, 274: 31, 272: 5, 277: 8}
FFDBG-gn4-bx4-rt100; ;Átlag;274.48;Összes futási eredmény;[275, 273, 273, 274, 276, 275, 275, 273, 273, 273, 275, 275, 275, 276, 274, 273, 275, 275, 274, 274, 275, 274, 274, 276, 274, 272, 275, 275, 275, 275, 274, 274, 273, 274, 275, 275, 273, 276, 274, 274, 276, 274, 274, 273, 275, 274, 275, 273, 275, 272, 277, 276, 274, 273, 276, 273, 273, 276, 274, 274, 275, 277, 276, 273, 273, 274, 274, 276, 275, 275, 274, 275, 275, 275, 275, 275, 273, 275, 272, 276, 276, 275, 274, 276, 273, 275, 276, 274, 273, 277, 273, 274, 274, 275, 274, 275, 275, 274, 277, 275];Eredmények csoportosítva;{275: 33, 273: 19, 274: 27, 276: 14, 272: 3, 277: 4}
FFDBG-gn6-bx4-rt100; ;Átlag;274.38;Összes futási eredmény;[274, 274, 276, 273, 274, 274, 276, 274, 273, 274, 275, 274, 276, 274, 275, 274, 275, 274, 274, 272, 273, 274, 275, 273, 275, 272, 275, 278, 276, 274, 275, 275, 277, 273, 273, 274, 275, 276, 274, 271, 277, 273, 275, 273, 273, 274, 274, 275, 277, 273, 274, 273, 272, 276, 274, 273, 274, 272, 275, 273, 276, 274, 274, 274, 274, 275, 274, 276, 276, 273, 275, 274, 275, 273, 275, 276, 273, 274, 274, 276, 274, 276, 275, 276, 273, 275, 274, 277, 275, 275, 271, 273, 274, 273, 275, 276, 275, 275, 275, 277];Eredmények csoportosítva;{274: 31, 276: 14, 273: 19, 275: 24, 272: 4, 278: 1, 277: 5, 271: 2}
FFDBG-gn5-bx3-rt100; ;Átlag;274.34;Összes futási eredmény;[275, 274, 272, 274, 272, 272, 273, 275, 274, 276, 276, 276, 273, 274, 276, 273, 275, 274, 275, 276, 273, 276, 274, 275, 275, 275, 273, 275, 275, 275, 274, 274, 275, 277, 272, 274, 275, 276, 275, 276, 273, 275, 272, 273, 272, 274, 274, 273, 275, 274, 272, 274, 277, 274, 275, 275, 277, 272, 275, 273, 275, 274, 273, 275, 275, 274, 274, 274, 274, 276, 275, 276, 275, 275, 275, 274, 273, 273, 273, 275, 275, 275, 274, 275, 274, 276, 274, 275, 275, 274, 275, 274, 275, 273, 275, 275, 275, 271, 274, 274];Eredmények csoportosítva;{275: 36, 274: 27, 272: 8, 273: 14, 276: 11, 277: 3, 271: 1}
FFDRatio-ra2-rt100; ;Átlag;299.6;Összes futási eredmény;[299, 300, 300, 301, 299, 298, 302, 300, 301, 300, 300, 294, 300, 299, 298, 299, 300, 300, 301, 301, 300, 300, 301, 299, 301, 299, 302, 300, 299, 299, 301, 299, 301, 295, 302, 300, 301, 302, 300, 300, 294, 299, 299, 298, 299, 301, 299, 298, 302, 300, 301, 299, 300, 301, 301, 299, 299, 301, 300, 302, 300, 299, 300, 299, 300, 300, 301, 298, 299, 300, 301, 299, 299, 301, 295, 301, 297, 299, 298, 299, 295, 303, 300, 300, 301, 301, 297, 300, 302, 301, 299, 301, 298, 292, 299, 301, 301, 301, 299, 299];Eredmények csoportosítva;{299: 27, 300: 25, 301: 25, 298: 7, 302: 7, 294: 2, 295: 3, 297: 2, 303: 1, 292: 1}
FFDRatio-ra5-rt100; ;Átlag;287.14;Összes futási eredmény;[286, 285, 288, 286, 287, 286, 288, 287, 285, 286, 288, 287, 287, 288, 288, 285, 289, 288, 286, 287, 289, 286, 288, 288, 288, 287, 287, 287, 286, 288, 287, 287, 288, 287, 285, 289, 286, 286, 287, 287, 285, 289, 288, 287, 287, 287, 287, 289, 286, 290, 287, 286, 285, 287, 285, 289, 288, 287, 288, 286, 286, 286, 288, 287, 288, 286, 286, 289, 288, 287, 289, 287, 288, 288, 288, 288, 288, 288, 287, 285, 286, 288, 288, 288, 288, 287, 288, 289, 289, 287, 288, 286, 285, 288, 286, 287, 286, 288, 286, 286];Eredmények csoportosítva;{286: 22, 285: 9, 288: 31, 287: 27, 289: 10, 290: 1}
FFDRatio-ra10-rt100; ;Átlag;282.0;Összes futási eredmény;[281, 282, 280, 282, 281, 283, 281, 282, 281, 283, 283, 281, 282, 282, 281, 283, 282, 281, 282, 280, 281, 280, 284, 280, 284, 282, 281, 283, 281, 284, 282, 282, 283, 285, 282, 281, 281, 282, 281, 281, 281, 283, 283, 282, 284, 283, 283, 282, 281, 282, 282, 280, 281, 281, 281, 284, 283, 281, 282, 283, 283, 284, 284, 283, 284, 282, 280, 281, 281, 281, 282, 283, 281, 281, 281, 282, 282, 282, 280, 282, 281, 282, 281, 283, 284, 282, 280, 283, 280, 283, 284, 282, 284, 284, 282, 282, 282, 283, 280, 284];Eredmények csoportosítva;{281: 28, 282: 29, 280: 10, 283: 19, 284: 13, 285: 1}
FFDRatio-ra15-rt100; ;Átlag;279.95;Összes futási eredmény;[281, 281, 280, 281, 279, 280, 281, 282, 279, 279, 280, 280, 282, 279, 281, 279, 279, 281, 281, 282, 281, 280, 280, 280, 279, 280, 283, 281, 281, 281, 280, 279, 279, 280, 279, 278, 281, 279, 279, 279, 280, 281, 279, 278, 278, 280, 280, 282, 279, 281, 279, 280, 280, 280, 281, 282, 280, 280, 279, 280, 278, 280, 279, 281, 278, 279, 282, 278, 279, 280, 282, 279, 280, 279, 278, 282, 281, 280, 279, 280, 279, 279, 280, 281, 279, 279, 279, 280, 280, 281, 279, 279, 280, 280, 281, 280, 278, 280, 280, 282];Eredmények csoportosítva;{281: 20, 280: 32, 279: 30, 282: 9, 283: 1, 278: 8}
FFDVal-rt100; ;Átlag;284.72;Összes futási eredmény;[285, 288, 284, 283, 283, 287, 283, 285, 282, 282, 284, 286, 283, 283, 283, 283, 284, 288, 289, 284, 286, 283, 286, 287, 285, 283, 285, 287, 286, 286, 284, 284, 283, 285, 285, 284, 283, 285, 284, 284, 288, 282, 287, 287, 284, 284, 285, 285, 283, 282, 283, 287, 284, 282, 283, 287, 290, 283, 283, 285, 286, 285, 287, 285, 285, 286, 282, 283, 285, 286, 285, 285, 285, 285, 282, 288, 283, 285, 288, 285, 284, 287, 284, 287, 287, 286, 283, 285, 283, 282, 287, 285, 283, 283, 286, 285, 283, 284, 284, 285];Eredmények csoportosítva;{285: 24, 288: 5, 284: 16, 283: 23, 287: 12, 282: 8, 286: 10, 289: 1, 290: 1}
L2NotDet-gp1-rn50; ;Átlag;258.0;Összes futási eredmény;[258, 258, 258, 258, 258, 258, 258, 258, 258, 258, 258, 258, 258, 258, 258, 258, 258, 258, 258, 258, 258, 258, 258, 258, 258, 258, 258, 258, 258, 258, 258, 258, 258, 258, 258, 258, 258, 258, 258, 258, 258, 258, 258, 258, 258, 258, 258, 258, 258, 258];Eredmények csoportosítva;{258: 50}
L2NotDet-gp3-rn50; ;Átlag;258.0;Összes futási eredmény;[258, 258, 258, 258, 258, 258, 258, 258, 258, 258, 258, 258, 258, 258, 258, 258, 258, 258, 258, 258, 258, 258, 258, 258, 258, 258, 258, 258, 258, 258, 258, 258, 258, 258, 258, 258, 258, 258, 258, 258, 258, 258, 258, 258, 258, 258, 258, 258, 258, 258];Eredmények csoportosítva;{258: 50}
L2NotDet-gp5-rn50; ;Átlag;258.0;Összes futási eredmény;[258, 258, 258, 258, 258, 258, 258, 258, 258, 258, 258, 258, 258, 258, 258, 258, 258, 258, 258, 258, 258, 258, 258, 258, 258, 258, 258, 258, 258, 258, 258, 258, 258, 258, 258, 258, 258, 258, 258, 258, 258, 258, 258, 258, 258, 258, 258, 258, 258, 258];Eredmények csoportosítva;{258: 50}
Alsó Korlát;256
Alsó Korlát;256
Alsó Korlát;256
