Alsó Korlát;27
FFD-bin-sum;30
FFD-bin-avg;30
FFD-bin-prod;31
FFD-item-sum;29
FFD-item-avg;29
FFD-item-prod;29
dotP-gp1;28
dotP-gp2;28
dotP-gp3;29
dotP-gp4;29
dotP-gp5;29
L2-gp1;28
L2-gp2;28
L2-gp3;28
L2-gp4;29
L2-gp5;29
FFDRev;31
FFDRevAdv;31
FFDMP-1.0;29
FFDMP-0.9;29
FFDMP-0.8;29
FFDMP-0.75;29
FFDBG-gn3-bx5-rt100; ;Átlag;28.89;Összes futási eredmény;[29, 29, 30, 28, 29, 29, 29, 29, 29, 29, 29, 29, 29, 28, 29, 29, 28, 29, 29, 29, 28, 29, 29, 29, 29, 29, 29, 29, 29, 29, 29, 29, 29, 29, 29, 29, 29, 28, 28, 28, 29, 29, 28, 29, 29, 29, 29, 29, 29, 29, 29, 29, 29, 29, 28, 29, 29, 29, 29, 29, 29, 29, 29, 28, 30, 29, 29, 30, 29, 29, 29, 29, 28, 28, 29, 29, 29, 29, 29, 29, 28, 30, 29, 29, 29, 29, 29, 28, 29, 29, 29, 29, 29, 29, 29, 29, 28, 29, 29, 29];Eredmények csoportosítva;{29: 81, 30: 4, 28: 15}
FFDBG-gn3-bx3-rt100; ;Átlag;28.91;Összes futási eredmény;[29, 29, 29, 29, 29, 29, 29, 29, 29, 29, 29, 29, 28, 29, 28, 29, 29, 28, 29, 28, 29, 29, 29, 29, 29, 29, 29, 29, 29, 29, 29, 29, 29, 29, 29, 29, 29, 28, 29, 29, 29, 29, 29, 29, 29, 29, 29, 29, 29, 29, 29, 29, 29, 29, 29, 29, 29, 29, 29, 29, 29, 29, 29, 29, 29, 29, 29, 29, 29, 28, 29, 29, 29, 28, 29, 29, 29, 29, 29, 29, 29, 29, 29, 29, 29, 28, 29, 29, 29, 29, 29, 29, 29, 29, 29, 29, 29, 29, 28, 29];Eredmények csoportosítva;{29: 91, 28: 9}
FFDBG-gn4-bx5-rt100; ;Átlag;28.88;Összes futási eredmény;[29, 28, 29, 29, 29, 28, 28, 29, 29, 29, 29, 29, 29, 29, 29, 29, 29, 29, 29, 28, 29, 28, 29, 29, 29, 29, 29, 29, 29, 29, 29, 29, 29, 29, 28, 29, 29, 29, 29, 29, 29, 30, 29, 29, 29, 28, 29, 29, 29, 29, 28, 29, 29, 29, 29, 29, 29, 28, 29, 29, 29, 29, 29, 29, 29, 28, 28, 29, 29, 29, 29, 29, 29, 29, 29, 29, 29, 29, 29, 28, 29, 29, 29, 28, 29, 29, 29, 29, 29, 29, 29, 29, 29, 29, 29, 29, 29, 29, 29, 29];Eredmények csoportosítva;{29: 86, 28: 13, 30: 1}
FFDBG-gn4-bx4-rt100; ;Átlag;28.9;Összes futási eredmény;[29, 29, 29, 29, 29, 29, 29, 29, 29, 29, 29, 29, 29, 29, 29, 29, 29, 29, 29, 29, 29, 29, 29, 29, 28, 29, 29, 29, 29, 29, 29, 29, 29, 29, 28, 29, 29, 29, 29, 29, 29, 29, 29, 29, 29, 29, 29, 28, 29, 28, 29, 29, 29, 29, 29, 29, 29, 29, 29, 28, 29, 29, 29, 29, 29, 29, 29, 28, 29, 28, 29, 28, 29, 29, 29, 29, 29, 29, 29, 29, 30, 29, 29, 29, 29, 28, 29, 29, 29, 29, 29, 29, 29, 29, 28, 28, 29, 29, 29, 29];Eredmények csoportosítva;{29: 88, 28: 11, 30: 1}
FFDBG-gn5-bx3-rt100; ;Átlag;28.9;Összes futási eredmény;[28, 29, 28, 29, 29, 29, 28, 29, 29, 29, 29, 29, 29, 29, 29, 29, 29, 29, 29, 29, 29, 29, 29, 29, 29, 29, 29, 28, 29, 29, 29, 29, 29, 29, 29, 29, 29, 29, 29, 29, 29, 28, 29, 29, 29, 29, 29, 29, 29, 29, 29, 29, 28, 29, 29, 29, 29, 29, 30, 29, 29, 29, 29, 29, 28, 29, 28, 29, 29, 28, 29, 29, 29, 29, 29, 28, 29, 29, 29, 29, 29, 28, 29, 29, 29, 29, 29, 29, 29, 29, 29, 29, 29, 29, 29, 29, 29, 29, 29, 29];Eredmények csoportosítva;{28: 11, 29: 88, 30: 1}
FFDBox-bx3-rt100; ;Átlag;28.93;Összes futási eredmény;[29, 29, 29, 29, 29, 29, 29, 29, 29, 29, 29, 29, 29, 28, 29, 29, 29, 29, 29, 29, 30, 29, 28, 29, 29, 29, 29, 29, 29, 29, 29, 29, 29, 29, 29, 29, 29, 29, 29, 29, 29, 29, 29, 29, 29, 29, 28, 29, 29, 29, 29, 28, 30, 28, 28, 29, 29, 29, 28, 29, 29, 29, 29, 29, 29, 29, 29, 29, 29, 29, 29, 29, 29, 29, 29, 29, 29, 29, 29, 29, 29, 29, 29, 29, 29, 29, 29, 29, 29, 29, 29, 29, 29, 29, 28, 29, 29, 28, 29, 29];Eredmények csoportosítva;{29: 89, 28: 9, 30: 2}
FFDBox-bx4-rt100; ;Átlag;28.79;Összes futási eredmény;[29, 29, 29, 29, 29, 28, 29, 29, 29, 29, 29, 29, 28, 29, 28, 29, 29, 29, 29, 29, 29, 29, 30, 29, 29, 29, 29, 29, 28, 29, 29, 29, 28, 29, 29, 29, 29, 29, 29, 29, 29, 29, 28, 29, 29, 28, 28, 29, 28, 29, 29, 28, 29, 29, 29, 28, 29, 29, 29, 29, 29, 29, 29, 28, 29, 29, 29, 29, 29, 29, 28, 29, 28, 28, 29, 28, 29, 29, 29, 29, 28, 29, 29, 29, 29, 29, 28, 28, 29, 28, 28, 29, 29, 29, 29, 29, 29, 29, 28, 29];Eredmények csoportosítva;{29: 77, 28: 22, 30: 1}
FFDBox-bx5-rt100; ;Átlag;28.87;Összes futási eredmény;[29, 29, 29, 29, 28, 29, 29, 29, 28, 29, 28, 29, 29, 29, 29, 29, 29, 29, 29, 29, 29, 29, 29, 29, 29, 29, 29, 29, 29, 29, 29, 29, 29, 29, 29, 28, 29, 29, 28, 29, 28, 29, 28, 29, 29, 29, 29, 29, 29, 28, 29, 29, 29, 29, 29, 29, 29, 29, 29, 29, 29, 29, 29, 29, 29, 29, 29, 29, 29, 29, 29, 28, 29, 29, 29, 28, 29, 29, 29, 29, 29, 29, 29, 29, 29, 29, 29, 30, 28, 29, 29, 29, 28, 29, 29, 29, 29, 29, 28, 28];Eredmények csoportosítva;{29: 85, 28: 14, 30: 1}
FFDBox-bx6-rt100; ;Átlag;28.87;Összes futási eredmény;[29, 29, 29, 29, 28, 29, 29, 29, 29, 28, 29, 29, 29, 28, 28, 28, 29, 29, 29, 28, 29, 29, 28, 30, 29, 28, 29, 29, 29, 29, 28, 29, 29, 29, 29, 29, 29, 29, 29, 29, 29, 29, 29, 29, 29, 28, 29, 29, 28, 29, 29, 29, 29, 29, 29, 29, 30, 29, 29, 29, 29, 29, 29, 29, 28, 29, 29, 29, 29, 29, 28, 29, 29, 29, 29, 29, 29, 28, 29, 30, 29, 29, 29, 29, 29, 28, 29, 29, 29, 30, 29, 29, 29, 29, 29, 29, 28, 28, 29, 29];Eredmények csoportosítva;{29: 79, 28: 17, 30: 4}
FFDGroups-gn3-rt100; ;Átlag;28.97;Összes futási eredmény;[28, 29, 29, 29, 29, 29, 29, 28, 29, 29, 29, 29, 29, 29, 30, 29, 29, 29, 29, 29, 28, 29, 29, 29, 29, 29, 29, 29, 29, 29, 29, 28, 29, 29, 30, 29, 29, 30, 29, 29, 29, 29, 30, 28, 29, 28, 29, 29, 29, 30, 29, 29, 29, 28, 29, 29, 29, 29, 29, 29, 30, 29, 29, 29, 29, 29, 29, 29, 30, 29, 29, 29, 29, 29, 29, 29, 29, 28, 29, 29, 29, 29, 29, 29, 28, 29, 28, 29, 29, 29, 29, 29, 29, 29, 29, 29, 29, 29, 29, 29];Eredmények csoportosítva;{28: 10, 29: 83, 30: 7}
FFDGroups-gn4-rt100; ;Átlag;28.89;Összes futási eredmény;[29, 29, 29, 28, 29, 30, 29, 30, 29, 28, 29, 29, 29, 29, 29, 29, 29, 29, 29, 28, 29, 29, 29, 28, 28, 29, 29, 29, 29, 29, 29, 29, 29, 29, 29, 29, 29, 28, 29, 28, 29, 29, 29, 29, 29, 28, 29, 29, 29, 29, 29, 29, 28, 29, 29, 29, 29, 29, 29, 29, 29, 29, 29, 29, 29, 29, 29, 28, 28, 29, 28, 29, 29, 29, 29, 29, 29, 29, 29, 29, 29, 30, 28, 29, 29, 29, 29, 29, 29, 29, 29, 29, 29, 29, 29, 29, 29, 29, 29, 28];Eredmények csoportosítva;{29: 83, 28: 14, 30: 3}
FFDGroups-gn5-rt100; ;Átlag;28.96;Összes futási eredmény;[29, 29, 29, 29, 29, 29, 29, 29, 28, 29, 29, 29, 29, 29, 30, 29, 28, 29, 29, 29, 29, 29, 29, 29, 29, 29, 29, 29, 29, 29, 29, 29, 29, 29, 29, 29, 29, 29, 29, 29, 29, 28, 29, 29, 29, 29, 29, 29, 29, 29, 29, 29, 29, 29, 28, 30, 29, 29, 29, 29, 29, 29, 29, 29, 30, 29, 29, 29, 29, 29, 28, 29, 29, 29, 29, 28, 29, 29, 30, 29, 28, 29, 29, 29, 29, 29, 28, 29, 29, 29, 29, 29, 30, 29, 29, 28, 29, 29, 29, 29];Eredmények csoportosítva;{29: 86, 28: 9, 30: 5}
FFDGroups-gn6-rt100; ;Átlag;28.86;Összes futási eredmény;[29, 29, 29, 29, 29, 29, 29, 29, 29, 29, 28, 29, 29, 29, 29, 29, 29, 29, 28, 29, 29, 28, 29, 29, 29, 29, 29, 29, 28, 28, 29, 30, 29, 28, 28, 29, 29, 29, 29, 29, 29, 29, 29, 29, 29, 29, 29, 29, 29, 29, 29, 29, 29, 28, 29, 29, 29, 28, 29, 29, 29, 29, 28, 29, 28, 29, 29, 29, 29, 28, 29, 29, 29, 29, 29, 29, 28, 29, 29, 29, 29, 29, 29, 29, 29, 29, 29, 29, 29, 29, 28, 29, 29, 29, 29, 28, 29, 29, 29, 29];Eredmények csoportosítva;{29: 84, 28: 15, 30: 1}
FFDRatio-ra2-rt100; ;Átlag;31.12;Összes futási eredmény;[31, 31, 31, 31, 31, 30, 32, 31, 32, 31, 31, 32, 32, 31, 31, 32, 31, 30, 31, 31, 31, 31, 31, 31, 32, 31, 31, 31, 32, 31, 32, 31, 31, 30, 31, 31, 31, 32, 31, 31, 31, 31, 31, 31, 31, 32, 31, 31, 31, 31, 31, 31, 31, 31, 31, 31, 31, 31, 32, 31, 31, 31, 31, 31, 32, 31, 31, 31, 30, 31, 31, 31, 31, 31, 32, 31, 31, 32, 30, 32, 31, 32, 31, 31, 31, 31, 32, 31, 31, 31, 31, 31, 31, 32, 31, 31, 30, 31, 31, 31];Eredmények csoportosítva;{31: 76, 30: 6, 32: 18}
FFDRatio-ra3-rt100; ;Átlag;30.35;Összes futási eredmény;[31, 30, 30, 30, 30, 31, 30, 30, 30, 31, 30, 30, 31, 30, 31, 30, 30, 31, 31, 30, 30, 30, 30, 30, 30, 30, 30, 30, 30, 30, 31, 31, 30, 31, 30, 30, 31, 30, 31, 31, 30, 30, 31, 30, 31, 30, 30, 32, 30, 31, 30, 30, 31, 31, 30, 30, 31, 31, 31, 30, 30, 30, 31, 31, 29, 31, 31, 30, 31, 30, 30, 30, 31, 31, 30, 30, 30, 30, 30, 30, 30, 30, 31, 30, 31, 30, 30, 30, 30, 30, 30, 30, 31, 31, 30, 31, 30, 30, 31, 30];Eredmények csoportosítva;{31: 34, 30: 64, 32: 1, 29: 1}
FFDRatio-ra4-rt100; ;Átlag;30.03;Összes futási eredmény;[29, 30, 30, 30, 30, 30, 31, 30, 30, 30, 30, 29, 31, 30, 30, 29, 30, 30, 30, 30, 30, 30, 30, 30, 30, 30, 30, 30, 30, 30, 30, 31, 29, 30, 30, 30, 31, 30, 30, 30, 31, 30, 31, 31, 30, 30, 29, 30, 31, 30, 30, 30, 29, 30, 29, 31, 30, 29, 29, 31, 30, 30, 30, 31, 30, 30, 30, 30, 31, 30, 30, 31, 30, 29, 30, 29, 30, 30, 31, 31, 30, 30, 29, 30, 29, 30, 30, 30, 30, 30, 30, 30, 29, 31, 30, 30, 30, 31, 30, 30];Eredmények csoportosítva;{29: 14, 30: 69, 31: 17}
FFDRatio-ra5-rt100; ;Átlag;29.84;Összes futási eredmény;[31, 30, 29, 30, 30, 30, 30, 30, 31, 30, 30, 30, 30, 30, 30, 29, 29, 30, 30, 30, 30, 30, 30, 30, 30, 29, 28, 30, 29, 30, 30, 30, 30, 30, 30, 29, 30, 30, 29, 30, 29, 30, 30, 30, 30, 29, 29, 29, 30, 29, 30, 29, 30, 29, 30, 30, 30, 30, 31, 30, 29, 30, 29, 30, 29, 30, 30, 29, 30, 30, 29, 30, 30, 30, 30, 30, 30, 31, 31, 30, 31, 30, 30, 29, 30, 30, 30, 30, 29, 30, 30, 31, 31, 30, 30, 30, 29, 30, 30, 30];Eredmények csoportosítva;{31: 8, 30: 69, 29: 22, 28: 1}
FFDRatio-ra10-rt100; ;Átlag;29.67;Összes futási eredmény;[30, 30, 29, 30, 30, 29, 30, 29, 30, 29, 30, 30, 29, 30, 30, 29, 30, 30, 29, 30, 30, 29, 29, 29, 30, 30, 29, 30, 30, 29, 30, 30, 29, 29, 31, 29, 30, 30, 29, 30, 30, 29, 30, 30, 29, 29, 29, 30, 30, 30, 30, 30, 29, 29, 30, 30, 30, 30, 30, 30, 30, 30, 29, 29, 30, 30, 30, 29, 30, 30, 30, 30, 29, 30, 30, 29, 30, 30, 30, 29, 30, 30, 29, 30, 29, 30, 30, 30, 30, 29, 29, 29, 30, 30, 30, 30, 29, 30, 30, 30];Eredmények csoportosítva;{30: 65, 29: 34, 31: 1}
FFDVal-rt100; ;Átlag;29.98;Összes futási eredmény;[30, 30, 30, 31, 30, 30, 30, 31, 31, 30, 30, 30, 31, 31, 31, 30, 30, 30, 29, 31, 30, 30, 30, 30, 29, 31, 29, 30, 31, 30, 30, 30, 30, 30, 31, 31, 30, 30, 30, 30, 30, 30, 30, 30, 30, 30, 30, 29, 30, 30, 30, 30, 31, 30, 30, 30, 30, 29, 30, 30, 30, 29, 30, 29, 30, 30, 30, 30, 30, 30, 30, 30, 30, 30, 29, 30, 30, 30, 30, 29, 30, 30, 29, 30, 30, 29, 30, 30, 29, 30, 30, 30, 30, 30, 30, 30, 30, 29, 30, 29];Eredmények csoportosítva;{30: 74, 31: 12, 29: 14}
L2NotDet-gp1-rn25; ;Átlag;27.0;Összes futási eredmény;[27, 27, 27, 27, 27, 27, 27, 27, 27, 27, 27, 27, 27, 27, 27, 27, 27, 27, 27, 27, 27, 27, 27, 27, 27];Eredmények csoportosítva;{27: 25}
L2NotDet-gp3-rn25; ;Átlag;27.0;Összes futási eredmény;[27, 27, 27, 27, 27, 27, 27, 27, 27, 27, 27, 27, 27, 27, 27, 27, 27, 27, 27, 27, 27, 27, 27, 27, 27];Eredmények csoportosítva;{27: 25}
L2NotDet-gp5-rn25; ;Átlag;27.04;Összes futási eredmény;[27, 27, 27, 27, 27, 28, 27, 27, 27, 27, 27, 27, 27, 27, 27, 27, 27, 27, 27, 27, 27, 27, 27, 27, 27];Eredmények csoportosítva;{27: 24, 28: 1}
