Alsó Korlát;27
FFD-bin-sum;30
FFD-bin-avg;30
FFD-bin-prod;30
FFD-item-sum;29
FFD-item-avg;29
FFD-item-prod;29
dotP-gp1;28
dotP-gp2;28
dotP-gp3;28
dotP-gp4;29
dotP-gp5;29
L2-gp1;28
L2-gp2;28
L2-gp3;28
L2-gp4;28
L2-gp5;28
FFDRev;31
FFDRevAdv;31
FFDMP-1.0;29
FFDMP-0.9;29
FFDMP-0.8;29
FFDMP-0.75;29
FFDBG-gn3-bx5-rt100; ;Átlag;28.83;Összes futási eredmény;[29, 29, 28, 28, 28, 29, 29, 29, 29, 28, 29, 28, 30, 29, 29, 29, 29, 29, 29, 29, 29, 29, 28, 29, 29, 29, 29, 29, 29, 28, 29, 29, 30, 29, 29, 29, 29, 29, 29, 28, 29, 29, 29, 28, 29, 29, 29, 28, 29, 29, 28, 29, 29, 29, 29, 29, 28, 29, 28, 29, 28, 30, 29, 29, 29, 28, 29, 28, 29, 29, 29, 29, 29, 29, 29, 29, 29, 29, 29, 29, 29, 29, 29, 28, 28, 28, 29, 29, 29, 29, 29, 28, 29, 29, 29, 29, 29, 29, 29, 29];Eredmények csoportosítva;{29: 77, 28: 20, 30: 3}
FFDBG-gn3-bx3-rt100; ;Átlag;28.98;Összes futási eredmény;[29, 29, 29, 29, 29, 29, 29, 29, 29, 29, 29, 29, 29, 29, 29, 29, 29, 29, 29, 29, 29, 29, 29, 29, 29, 29, 30, 29, 29, 29, 29, 29, 29, 28, 29, 29, 30, 29, 29, 29, 29, 29, 29, 29, 29, 29, 30, 28, 29, 29, 29, 29, 29, 29, 28, 30, 29, 29, 29, 29, 29, 28, 29, 29, 29, 29, 29, 28, 29, 29, 29, 30, 29, 29, 29, 29, 29, 29, 29, 29, 29, 29, 29, 28, 29, 29, 29, 30, 29, 29, 29, 29, 29, 29, 29, 28, 29, 28, 29, 29];Eredmények csoportosítva;{29: 86, 30: 6, 28: 8}
FFDBG-gn4-bx5-rt100; ;Átlag;28.82;Összes futási eredmény;[29, 29, 29, 29, 28, 29, 28, 29, 29, 29, 29, 29, 28, 29, 29, 28, 29, 29, 29, 28, 29, 29, 29, 29, 29, 29, 28, 29, 29, 29, 28, 29, 29, 29, 28, 28, 28, 28, 29, 28, 28, 29, 29, 29, 29, 29, 29, 29, 29, 29, 29, 29, 29, 29, 29, 29, 29, 29, 28, 29, 30, 28, 30, 30, 28, 28, 29, 28, 29, 28, 29, 29, 29, 29, 30, 29, 29, 29, 29, 30, 29, 29, 29, 29, 29, 29, 28, 29, 29, 29, 29, 28, 29, 29, 28, 29, 29, 29, 29, 28];Eredmények csoportosítva;{29: 72, 28: 23, 30: 5}
FFDBG-gn4-bx4-rt100; ;Átlag;28.95;Összes futási eredmény;[29, 29, 29, 29, 29, 30, 29, 29, 29, 29, 29, 29, 29, 29, 29, 29, 29, 29, 29, 28, 30, 29, 29, 29, 29, 29, 30, 29, 29, 29, 28, 29, 29, 29, 29, 29, 29, 29, 29, 29, 29, 28, 29, 29, 29, 29, 29, 29, 28, 29, 29, 29, 29, 29, 29, 28, 29, 29, 29, 29, 29, 29, 29, 29, 29, 29, 29, 29, 29, 29, 29, 29, 28, 28, 29, 29, 29, 29, 29, 29, 30, 28, 29, 29, 29, 28, 29, 29, 30, 29, 29, 29, 29, 28, 29, 29, 28, 29, 30, 29];Eredmények csoportosítva;{29: 83, 30: 6, 28: 11}
FFDBG-gn5-bx3-rt100; ;Átlag;28.88;Összes futási eredmény;[29, 29, 29, 29, 29, 29, 29, 29, 29, 29, 28, 29, 29, 29, 29, 29, 29, 29, 29, 29, 29, 28, 29, 29, 30, 29, 29, 29, 29, 28, 29, 29, 29, 28, 29, 29, 29, 30, 29, 29, 29, 29, 29, 29, 29, 29, 29, 29, 29, 29, 29, 28, 30, 29, 29, 29, 28, 29, 29, 28, 28, 29, 29, 29, 28, 29, 29, 29, 29, 29, 29, 29, 29, 29, 28, 28, 28, 29, 28, 29, 29, 28, 29, 29, 29, 28, 29, 29, 29, 29, 29, 29, 29, 29, 30, 29, 29, 28, 29, 29];Eredmények csoportosítva;{29: 80, 28: 16, 30: 4}
FFDBox-bx3-rt100; ;Átlag;28.96;Összes futási eredmény;[29, 29, 29, 29, 29, 29, 29, 28, 29, 29, 28, 28, 29, 29, 29, 29, 29, 29, 29, 29, 29, 29, 29, 30, 29, 29, 29, 29, 29, 29, 29, 29, 29, 29, 29, 29, 29, 28, 29, 29, 29, 30, 30, 29, 29, 29, 29, 29, 29, 28, 29, 28, 30, 29, 30, 29, 29, 29, 29, 29, 28, 29, 29, 29, 30, 30, 29, 29, 29, 29, 28, 29, 28, 29, 29, 29, 30, 29, 29, 29, 29, 28, 29, 29, 29, 29, 29, 28, 29, 29, 29, 29, 29, 29, 29, 29, 28, 29, 29, 29];Eredmények csoportosítva;{29: 80, 28: 12, 30: 8}
FFDBox-bx4-rt100; ;Átlag;28.85;Összes futási eredmény;[29, 29, 29, 29, 28, 29, 29, 29, 29, 29, 30, 29, 28, 29, 29, 29, 29, 28, 29, 28, 29, 29, 29, 29, 29, 29, 29, 29, 28, 29, 29, 29, 29, 29, 29, 29, 28, 28, 29, 29, 28, 29, 29, 29, 29, 29, 29, 29, 29, 29, 28, 29, 28, 29, 29, 29, 29, 28, 29, 29, 29, 29, 30, 29, 29, 29, 28, 29, 29, 29, 30, 28, 29, 29, 29, 29, 28, 29, 29, 29, 28, 29, 29, 29, 28, 29, 29, 29, 29, 29, 28, 30, 28, 28, 29, 29, 29, 29, 29, 29];Eredmények csoportosítva;{29: 77, 28: 19, 30: 4}
FFDBox-bx5-rt100; ;Átlag;28.82;Összes futási eredmény;[29, 29, 29, 29, 29, 29, 29, 29, 29, 29, 29, 29, 29, 29, 29, 29, 29, 29, 29, 28, 28, 29, 28, 29, 29, 29, 29, 29, 29, 29, 28, 28, 29, 29, 28, 29, 28, 29, 28, 29, 29, 29, 29, 29, 29, 29, 29, 29, 30, 29, 29, 29, 29, 29, 28, 29, 29, 29, 29, 29, 29, 29, 29, 29, 29, 29, 29, 28, 29, 29, 29, 29, 30, 28, 29, 29, 29, 29, 29, 29, 28, 28, 29, 28, 28, 28, 28, 29, 28, 29, 29, 29, 29, 28, 28, 29, 29, 29, 29, 29];Eredmények csoportosítva;{29: 78, 28: 20, 30: 2}
FFDBox-bx6-rt100; ;Átlag;28.66;Összes futási eredmény;[28, 29, 29, 29, 28, 29, 29, 29, 29, 28, 29, 29, 29, 29, 28, 29, 29, 29, 29, 29, 29, 28, 28, 29, 29, 28, 29, 28, 28, 29, 29, 29, 28, 29, 28, 29, 29, 29, 29, 28, 29, 29, 29, 29, 29, 29, 29, 28, 28, 28, 28, 29, 29, 28, 29, 29, 29, 29, 29, 28, 29, 29, 28, 29, 28, 29, 28, 29, 28, 29, 28, 29, 29, 29, 30, 29, 28, 29, 29, 29, 29, 29, 28, 28, 28, 28, 29, 29, 29, 28, 29, 29, 28, 28, 28, 28, 29, 29, 28, 28];Eredmények csoportosítva;{28: 35, 29: 64, 30: 1}
FFDGroups-gn3-rt100; ;Átlag;28.82;Összes futási eredmény;[29, 29, 29, 29, 29, 29, 29, 29, 29, 29, 29, 29, 28, 29, 28, 29, 29, 29, 29, 29, 29, 29, 28, 29, 29, 29, 29, 29, 29, 29, 29, 29, 28, 29, 28, 29, 29, 29, 29, 29, 29, 29, 29, 29, 29, 29, 29, 29, 29, 29, 29, 29, 29, 29, 29, 29, 29, 28, 29, 29, 28, 30, 28, 29, 29, 28, 28, 29, 29, 29, 28, 28, 29, 29, 29, 29, 29, 29, 28, 28, 28, 29, 28, 28, 28, 29, 29, 30, 29, 29, 28, 29, 29, 29, 29, 29, 29, 29, 28, 29];Eredmények csoportosítva;{29: 78, 28: 20, 30: 2}
FFDGroups-gn4-rt100; ;Átlag;28.72;Összes futási eredmény;[29, 29, 29, 29, 29, 29, 29, 28, 29, 29, 29, 28, 29, 28, 28, 29, 28, 29, 29, 29, 29, 29, 28, 29, 29, 29, 29, 29, 28, 28, 29, 29, 29, 28, 29, 28, 29, 28, 29, 29, 29, 28, 28, 29, 28, 29, 28, 29, 29, 29, 28, 29, 29, 29, 29, 29, 28, 28, 29, 29, 29, 29, 29, 30, 29, 29, 29, 28, 29, 29, 28, 29, 28, 28, 29, 29, 29, 28, 29, 29, 29, 30, 29, 29, 28, 28, 28, 28, 29, 29, 29, 28, 28, 29, 28, 29, 29, 29, 29, 29];Eredmények csoportosítva;{29: 68, 28: 30, 30: 2}
FFDGroups-gn5-rt100; ;Átlag;28.89;Összes futási eredmény;[29, 29, 29, 28, 29, 29, 28, 29, 29, 29, 29, 29, 29, 29, 29, 29, 29, 28, 29, 30, 30, 29, 29, 28, 29, 29, 29, 29, 29, 29, 29, 29, 28, 29, 29, 29, 29, 29, 29, 29, 29, 29, 29, 29, 29, 29, 29, 29, 29, 29, 29, 28, 29, 28, 29, 29, 29, 29, 29, 29, 29, 29, 29, 29, 29, 29, 29, 29, 28, 29, 29, 28, 29, 29, 29, 29, 28, 29, 29, 29, 29, 28, 29, 28, 29, 29, 29, 29, 29, 29, 29, 29, 29, 29, 29, 29, 29, 29, 28, 29];Eredmények csoportosítva;{29: 85, 28: 13, 30: 2}
FFDGroups-gn6-rt100; ;Átlag;28.75;Összes futási eredmény;[28, 29, 29, 29, 29, 29, 29, 29, 28, 29, 29, 28, 29, 29, 30, 29, 28, 29, 29, 29, 28, 29, 29, 28, 29, 29, 29, 29, 29, 28, 29, 29, 28, 29, 29, 29, 29, 29, 29, 28, 29, 29, 29, 28, 28, 29, 29, 29, 29, 29, 29, 28, 28, 29, 28, 29, 29, 29, 29, 28, 28, 29, 29, 29, 29, 28, 29, 28, 28, 29, 29, 28, 29, 30, 29, 29, 28, 29, 29, 29, 29, 29, 29, 29, 29, 28, 28, 29, 29, 28, 29, 29, 29, 29, 28, 28, 29, 29, 28, 29];Eredmények csoportosítva;{28: 27, 29: 71, 30: 2}
FFDRatio-ra2-rt100; ;Átlag;30.96;Összes futási eredmény;[31, 31, 31, 31, 31, 31, 31, 31, 30, 31, 31, 31, 31, 31, 31, 31, 31, 30, 31, 31, 31, 31, 31, 31, 31, 31, 31, 30, 31, 31, 31, 31, 32, 30, 32, 31, 31, 32, 31, 31, 31, 31, 31, 31, 31, 31, 31, 31, 31, 30, 31, 31, 31, 31, 31, 31, 31, 31, 31, 31, 31, 31, 31, 31, 31, 31, 31, 31, 31, 30, 30, 32, 31, 31, 31, 32, 31, 31, 31, 31, 31, 30, 31, 31, 31, 30, 31, 30, 31, 31, 31, 31, 32, 31, 31, 31, 31, 31, 31, 31];Eredmények csoportosítva;{31: 84, 30: 10, 32: 6}
FFDRatio-ra3-rt100; ;Átlag;30.27;Összes futási eredmény;[30, 30, 31, 30, 31, 30, 30, 31, 30, 30, 31, 30, 30, 30, 31, 30, 30, 30, 30, 31, 30, 31, 31, 30, 30, 31, 30, 31, 30, 31, 30, 30, 32, 30, 30, 31, 30, 30, 30, 30, 30, 30, 30, 30, 31, 30, 30, 31, 31, 30, 31, 29, 30, 31, 30, 30, 31, 30, 30, 31, 30, 30, 31, 29, 30, 31, 31, 30, 31, 30, 30, 30, 31, 30, 30, 31, 31, 30, 31, 30, 31, 30, 30, 30, 31, 30, 29, 30, 30, 31, 30, 30, 29, 29, 30, 30, 30, 30, 30, 30];Eredmények csoportosítva;{30: 64, 31: 30, 32: 1, 29: 5}
FFDRatio-ra4-rt100; ;Átlag;29.95;Összes futási eredmény;[30, 30, 30, 29, 30, 30, 29, 30, 30, 29, 30, 30, 30, 30, 30, 30, 29, 30, 30, 30, 31, 30, 30, 30, 31, 30, 30, 30, 30, 29, 30, 30, 30, 30, 30, 30, 30, 30, 30, 30, 30, 30, 31, 30, 30, 30, 30, 30, 30, 30, 30, 30, 30, 31, 29, 30, 30, 30, 30, 30, 30, 30, 30, 29, 30, 30, 30, 30, 30, 29, 31, 30, 30, 30, 30, 29, 30, 30, 30, 30, 30, 30, 30, 31, 30, 31, 30, 30, 30, 30, 30, 30, 30, 29, 30, 30, 29, 29, 30, 30];Eredmények csoportosítva;{30: 81, 29: 12, 31: 7}
FFDRatio-ra5-rt100; ;Átlag;29.92;Összes futási eredmény;[30, 30, 30, 30, 30, 30, 30, 30, 31, 30, 30, 30, 30, 30, 30, 30, 30, 30, 30, 30, 30, 30, 30, 29, 30, 30, 30, 30, 30, 30, 30, 30, 30, 30, 29, 31, 30, 29, 30, 30, 30, 30, 31, 30, 30, 30, 30, 30, 29, 30, 30, 30, 30, 30, 30, 30, 29, 30, 30, 30, 30, 30, 30, 30, 29, 30, 30, 30, 29, 30, 30, 30, 30, 30, 30, 30, 30, 30, 30, 29, 30, 30, 31, 30, 30, 30, 29, 29, 30, 30, 30, 30, 30, 29, 30, 30, 29, 30, 30, 30];Eredmények csoportosítva;{30: 84, 31: 4, 29: 12}
FFDRatio-ra10-rt100; ;Átlag;29.69;Összes futási eredmény;[30, 30, 30, 30, 30, 30, 30, 30, 30, 30, 30, 29, 30, 29, 29, 29, 30, 29, 29, 30, 30, 30, 31, 30, 29, 31, 29, 30, 29, 29, 30, 29, 30, 30, 30, 29, 31, 29, 29, 29, 29, 29, 30, 30, 30, 30, 30, 29, 29, 30, 29, 30, 29, 30, 30, 30, 30, 30, 30, 30, 29, 30, 30, 29, 29, 30, 30, 30, 30, 29, 29, 30, 30, 29, 30, 30, 30, 30, 29, 29, 30, 29, 30, 30, 30, 30, 30, 29, 30, 30, 30, 31, 29, 30, 30, 29, 29, 30, 29, 30];Eredmények csoportosítva;{30: 61, 29: 35, 31: 4}
FFDVal-rt100; ;Átlag;29.89;Összes futási eredmény;[30, 30, 30, 30, 30, 30, 30, 30, 30, 30, 30, 30, 29, 30, 30, 30, 30, 29, 30, 30, 30, 29, 30, 29, 30, 31, 30, 30, 30, 30, 30, 30, 30, 29, 30, 30, 30, 30, 30, 29, 30, 31, 30, 30, 30, 29, 30, 30, 30, 30, 30, 29, 30, 29, 29, 30, 30, 30, 31, 30, 30, 31, 30, 30, 30, 29, 31, 30, 30, 29, 29, 29, 30, 30, 30, 30, 30, 30, 30, 30, 29, 30, 30, 31, 30, 30, 30, 30, 30, 30, 30, 31, 29, 30, 30, 30, 30, 30, 29, 29];Eredmények csoportosítva;{30: 75, 29: 18, 31: 7}
L2NotDet-gp1-rn25; ;Átlag;27.0;Összes futási eredmény;[27, 27, 27, 27, 27, 27, 27, 27, 27, 27, 27, 27, 27, 27, 27, 27, 27, 27, 27, 27, 27, 27, 27, 27, 27];Eredmények csoportosítva;{27: 25}
L2NotDet-gp3-rn25; ;Átlag;27.0;Összes futási eredmény;[27, 27, 27, 27, 27, 27, 27, 27, 27, 27, 27, 27, 27, 27, 27, 27, 27, 27, 27, 27, 27, 27, 27, 27, 27];Eredmények csoportosítva;{27: 25}
L2NotDet-gp5-rn25; ;Átlag;27.16;Összes futási eredmény;[28, 27, 27, 27, 27, 27, 27, 27, 27, 27, 27, 27, 27, 27, 27, 28, 27, 27, 27, 28, 27, 27, 27, 27, 28];Eredmények csoportosítva;{28: 4, 27: 21}
