Alsó Korlát;50
FFD-bin-sum;56
FFD-bin-avg;56
FFD-bin-prod;56
FFD-item-sum;54
FFD-item-avg;54
FFD-item-prod;55
dotP-gp1;53
dotP-gp2;53
dotP-gp3;53
dotP-gp4;53
L2-gp1;52
L2-gp2;53
L2-gp3;53
L2-gp4;53
FFDRev;57
FFDRevAdv;56
FFDMP-1.0;54
FFDMP-0.9;54
FFDMP-0.8;54
FFDMP-0.75;54
FFDBox-bx3-rt100; ;Átlag;54.5;Összes futási eredmény;[54, 54, 55, 54, 54, 55, 54, 55, 54, 54, 55, 54, 54, 55, 54, 54, 55, 55, 55, 54, 54, 54, 55, 55, 55, 54, 54, 54, 54, 55, 54, 55, 54, 55, 56, 54, 54, 55, 55, 55, 55, 54, 54, 55, 55, 54, 55, 55, 55, 54, 54, 55, 55, 54, 55, 55, 54, 55, 54, 55, 54, 54, 55, 55, 54, 54, 54, 54, 54, 54, 55, 55, 55, 55, 55, 54, 54, 54, 55, 55, 55, 54, 54, 54, 55, 55, 55, 55, 55, 55, 54, 54, 53, 55, 55, 55, 54, 54, 54, 55];Eredmények csoportosítva;{54: 49, 55: 49, 56: 1, 53: 1}
FFDBox-bx4-rt100; ;Átlag;54.51;Összes futási eredmény;[55, 54, 55, 54, 54, 55, 55, 54, 55, 54, 55, 54, 54, 55, 54, 55, 55, 54, 55, 54, 54, 54, 54, 54, 55, 55, 54, 54, 54, 54, 54, 54, 55, 54, 55, 56, 54, 55, 55, 54, 55, 55, 55, 55, 54, 55, 54, 54, 54, 54, 55, 54, 54, 55, 54, 55, 55, 55, 54, 54, 54, 54, 55, 55, 55, 55, 55, 54, 55, 54, 55, 55, 54, 54, 55, 55, 55, 55, 55, 54, 55, 54, 54, 55, 55, 54, 54, 54, 54, 54, 54, 55, 54, 54, 55, 55, 55, 55, 55, 55];Eredmények csoportosítva;{55: 49, 54: 50, 56: 1}
FFDBox-bx5-rt100; ;Átlag;54.49;Összes futási eredmény;[54, 54, 54, 54, 55, 55, 54, 55, 54, 55, 55, 56, 54, 54, 55, 55, 55, 54, 55, 54, 54, 54, 54, 54, 54, 54, 54, 54, 55, 55, 55, 55, 55, 54, 54, 54, 54, 54, 54, 54, 55, 55, 55, 55, 55, 54, 54, 55, 55, 54, 54, 55, 55, 55, 54, 55, 55, 54, 54, 55, 54, 55, 55, 54, 55, 54, 55, 54, 54, 54, 54, 54, 55, 54, 54, 55, 56, 54, 55, 55, 54, 54, 54, 55, 55, 54, 56, 55, 54, 54, 55, 55, 56, 54, 55, 54, 54, 54, 54, 54];Eredmények csoportosítva;{54: 55, 55: 41, 56: 4}
FFDBox-bx6-rt100; ;Átlag;54.63;Összes futási eredmény;[55, 54, 54, 55, 54, 55, 55, 55, 54, 55, 55, 54, 55, 54, 54, 55, 54, 54, 54, 55, 55, 55, 55, 55, 55, 54, 54, 54, 55, 54, 54, 54, 55, 54, 54, 55, 55, 55, 55, 55, 55, 54, 55, 55, 54, 55, 55, 54, 55, 54, 55, 54, 54, 55, 55, 55, 54, 55, 55, 55, 55, 55, 54, 55, 55, 55, 54, 55, 55, 54, 55, 54, 54, 55, 55, 55, 55, 55, 55, 55, 54, 54, 55, 55, 55, 56, 55, 54, 54, 55, 55, 55, 54, 54, 55, 55, 55, 54, 54, 55];Eredmények csoportosítva;{55: 61, 54: 38, 56: 1}
FFDGroups-gn4-rt100; ;Átlag;54.64;Összes futási eredmény;[55, 54, 55, 55, 55, 55, 55, 54, 55, 55, 54, 54, 55, 54, 55, 55, 55, 55, 55, 55, 55, 55, 54, 55, 54, 54, 55, 55, 54, 55, 54, 55, 55, 54, 54, 54, 55, 56, 55, 55, 55, 54, 55, 54, 55, 54, 55, 55, 55, 55, 55, 54, 54, 55, 55, 54, 55, 54, 54, 55, 55, 54, 55, 54, 55, 55, 55, 54, 55, 54, 55, 54, 54, 55, 54, 55, 55, 55, 55, 54, 54, 55, 54, 54, 55, 54, 55, 55, 54, 55, 54, 56, 55, 54, 54, 55, 55, 54, 55, 55];Eredmények csoportosítva;{55: 60, 54: 38, 56: 2}
FFDGroups-gn6-rt100; ;Átlag;54.51;Összes futási eredmény;[55, 54, 55, 55, 54, 54, 55, 54, 55, 54, 54, 54, 55, 54, 55, 54, 54, 54, 55, 55, 54, 55, 54, 54, 55, 54, 54, 55, 55, 54, 55, 55, 54, 55, 54, 54, 55, 53, 55, 55, 56, 55, 54, 55, 54, 54, 54, 55, 56, 54, 54, 54, 54, 54, 56, 55, 54, 55, 55, 54, 54, 55, 54, 54, 54, 55, 55, 54, 55, 55, 54, 55, 55, 55, 55, 54, 55, 54, 55, 55, 55, 55, 55, 55, 55, 54, 54, 54, 54, 56, 54, 55, 54, 54, 54, 54, 54, 54, 54, 55];Eredmények csoportosítva;{55: 44, 54: 51, 53: 1, 56: 4}
FFDGroups-gn10-rt100; ;Átlag;54.82;Összes futási eredmény;[55, 55, 55, 56, 55, 55, 54, 54, 54, 55, 56, 55, 55, 55, 55, 55, 54, 55, 55, 55, 54, 55, 55, 55, 55, 55, 55, 55, 55, 55, 55, 56, 54, 55, 54, 55, 55, 54, 54, 55, 54, 55, 55, 54, 56, 54, 55, 54, 54, 54, 55, 55, 56, 55, 54, 55, 55, 55, 55, 56, 55, 55, 55, 56, 55, 55, 55, 54, 54, 55, 56, 55, 55, 55, 54, 55, 54, 55, 55, 55, 55, 55, 55, 55, 55, 55, 56, 54, 54, 55, 55, 54, 55, 54, 54, 54, 55, 54, 55, 55];Eredmények csoportosítva;{55: 64, 56: 9, 54: 27}
FFDGroups-gn20-rt100; ;Átlag;54.69;Összes futási eredmény;[54, 54, 54, 54, 54, 55, 55, 55, 55, 55, 56, 55, 55, 55, 55, 56, 54, 55, 54, 55, 54, 55, 55, 54, 55, 54, 55, 54, 55, 55, 55, 56, 55, 55, 54, 55, 55, 54, 55, 54, 55, 55, 54, 55, 54, 55, 54, 54, 55, 54, 54, 55, 54, 55, 55, 54, 54, 54, 55, 54, 56, 55, 55, 55, 56, 55, 55, 54, 55, 55, 55, 56, 55, 54, 54, 55, 55, 55, 54, 56, 55, 54, 55, 55, 54, 55, 54, 55, 55, 56, 55, 54, 54, 54, 55, 54, 54, 54, 54, 55];Eredmények csoportosítva;{54: 39, 55: 53, 56: 8}
FFDBG-gn4-bx4-rt100; ;Átlag;54.45;Összes futási eredmény;[54, 54, 54, 55, 55, 55, 55, 54, 55, 55, 54, 54, 54, 55, 54, 55, 55, 55, 54, 54, 54, 54, 53, 54, 55, 54, 54, 54, 54, 54, 56, 55, 55, 54, 54, 55, 55, 54, 55, 55, 55, 55, 56, 54, 54, 55, 55, 54, 54, 55, 54, 55, 54, 55, 54, 55, 54, 54, 54, 54, 55, 55, 54, 54, 54, 56, 55, 54, 55, 54, 55, 55, 54, 54, 54, 54, 54, 55, 55, 55, 54, 53, 54, 55, 54, 55, 54, 55, 55, 54, 55, 54, 54, 55, 55, 54, 54, 54, 54, 54];Eredmények csoportosítva;{54: 54, 55: 41, 53: 2, 56: 3}
FFDBG-gn6-bx4-rt100; ;Átlag;54.54;Összes futási eredmény;[55, 54, 54, 54, 55, 54, 54, 55, 54, 54, 55, 54, 55, 54, 55, 54, 55, 54, 54, 55, 55, 55, 55, 55, 55, 55, 55, 55, 55, 54, 54, 54, 54, 54, 54, 54, 54, 54, 54, 55, 54, 55, 55, 55, 55, 55, 54, 55, 55, 54, 54, 55, 55, 55, 54, 55, 55, 55, 54, 54, 55, 54, 54, 54, 55, 55, 55, 55, 54, 55, 54, 56, 55, 54, 55, 54, 55, 54, 54, 55, 55, 54, 54, 55, 54, 54, 55, 55, 55, 55, 55, 54, 54, 54, 54, 55, 55, 55, 55, 54];Eredmények csoportosítva;{55: 52, 54: 47, 56: 1}
FFDBG-gn5-bx3-rt100; ;Átlag;54.53;Összes futási eredmény;[54, 54, 54, 55, 54, 54, 54, 55, 54, 54, 55, 54, 54, 55, 55, 55, 54, 54, 54, 55, 54, 54, 54, 54, 55, 54, 54, 55, 55, 55, 54, 54, 54, 55, 55, 55, 54, 55, 55, 55, 54, 55, 55, 54, 55, 54, 55, 55, 55, 55, 54, 55, 54, 54, 55, 54, 55, 55, 55, 55, 54, 55, 54, 54, 55, 54, 54, 55, 55, 55, 55, 55, 54, 55, 54, 55, 55, 54, 55, 54, 54, 55, 55, 55, 55, 55, 54, 55, 55, 54, 54, 54, 55, 55, 54, 55, 54, 55, 55, 54];Eredmények csoportosítva;{54: 47, 55: 53}
FFDRatio-ra2-rt100; ;Átlag;57.15;Összes futási eredmény;[58, 57, 57, 56, 55, 56, 58, 57, 56, 57, 57, 56, 58, 56, 57, 58, 58, 57, 56, 56, 58, 58, 59, 56, 58, 59, 58, 58, 58, 56, 55, 58, 58, 56, 55, 58, 57, 58, 56, 57, 58, 58, 56, 56, 55, 58, 57, 57, 58, 57, 56, 57, 58, 57, 57, 55, 58, 56, 56, 58, 57, 58, 58, 56, 57, 56, 59, 58, 58, 58, 56, 56, 59, 58, 59, 59, 58, 55, 56, 57, 56, 58, 57, 57, 56, 57, 57, 56, 58, 59, 59, 58, 57, 58, 58, 58, 56, 58, 57, 57];Eredmények csoportosítva;{58: 36, 57: 25, 56: 25, 55: 6, 59: 8}
FFDRatio-ra5-rt100; ;Átlag;55.78;Összes futási eredmény;[55, 56, 56, 56, 55, 57, 55, 56, 56, 56, 56, 55, 56, 56, 56, 56, 56, 56, 56, 56, 56, 55, 55, 56, 56, 55, 56, 56, 55, 56, 56, 56, 56, 56, 56, 55, 55, 56, 56, 55, 55, 56, 55, 56, 56, 57, 56, 56, 56, 55, 56, 55, 56, 56, 55, 56, 55, 56, 56, 55, 55, 56, 56, 56, 56, 56, 55, 55, 56, 55, 57, 56, 54, 56, 57, 55, 56, 57, 56, 56, 56, 55, 56, 56, 56, 57, 56, 56, 56, 56, 56, 56, 56, 55, 55, 56, 56, 56, 56, 56];Eredmények csoportosítva;{55: 26, 56: 67, 57: 6, 54: 1}
FFDRatio-ra10-rt100; ;Átlag;55.01;Összes futási eredmény;[56, 55, 55, 55, 55, 55, 55, 55, 55, 55, 55, 55, 56, 55, 55, 55, 56, 55, 55, 55, 55, 55, 54, 54, 55, 55, 55, 55, 54, 55, 55, 54, 56, 55, 55, 55, 55, 55, 55, 55, 55, 55, 55, 55, 55, 55, 56, 55, 55, 54, 55, 54, 55, 56, 54, 55, 55, 55, 55, 55, 55, 56, 54, 54, 55, 55, 56, 55, 55, 55, 55, 55, 55, 55, 55, 55, 56, 55, 56, 54, 55, 55, 55, 55, 55, 55, 56, 55, 55, 55, 54, 56, 55, 55, 55, 56, 55, 54, 55, 55];Eredmények csoportosítva;{56: 13, 55: 75, 54: 12}
FFDRatio-ra15-rt100; ;Átlag;54.65;Összes futási eredmény;[55, 55, 54, 54, 55, 55, 56, 55, 55, 54, 55, 55, 55, 55, 55, 56, 55, 55, 55, 55, 55, 54, 55, 55, 54, 55, 55, 55, 55, 56, 54, 54, 54, 55, 54, 55, 54, 54, 54, 54, 54, 54, 54, 55, 55, 54, 56, 55, 54, 54, 55, 55, 54, 55, 55, 54, 54, 54, 54, 54, 56, 55, 54, 54, 55, 54, 55, 54, 55, 54, 54, 55, 55, 54, 55, 55, 56, 55, 55, 54, 55, 55, 55, 54, 54, 54, 55, 54, 54, 55, 54, 54, 54, 56, 55, 54, 56, 55, 54, 55];Eredmények csoportosítva;{55: 49, 54: 43, 56: 8}
FFDVal-rt100; ;Átlag;56.16;Összes futási eredmény;[57, 56, 56, 57, 57, 56, 56, 57, 56, 56, 56, 56, 55, 57, 57, 56, 55, 56, 56, 57, 56, 57, 56, 58, 56, 57, 56, 56, 55, 57, 57, 55, 57, 56, 56, 57, 56, 57, 56, 57, 55, 55, 56, 55, 56, 56, 56, 57, 57, 56, 56, 56, 56, 56, 56, 57, 57, 57, 56, 56, 55, 56, 56, 56, 57, 57, 57, 56, 55, 56, 56, 56, 56, 56, 56, 56, 56, 56, 56, 57, 57, 57, 55, 56, 56, 56, 56, 56, 56, 55, 55, 55, 55, 56, 56, 57, 56, 56, 57, 56];Eredmények csoportosítva;{57: 28, 56: 57, 55: 14, 58: 1}
L2NotDet-gp1-rn50; ;Átlag;51.0;Összes futási eredmény;[51, 51, 51, 51, 51, 51, 51, 51, 51, 51, 51, 51, 51, 51, 51, 51, 51, 51, 51, 51, 51, 51, 51, 51, 51, 51, 51, 51, 51, 51, 51, 51, 51, 51, 51, 51, 51, 51, 51, 51, 51, 51, 51, 51, 51, 51, 51, 51, 51, 51];Eredmények csoportosítva;{51: 50}
L2NotDet-gp3-rn50; ;Átlag;51.0;Összes futási eredmény;[51, 51, 51, 51, 51, 51, 51, 51, 51, 51, 51, 51, 51, 51, 51, 51, 51, 51, 51, 51, 51, 51, 51, 51, 51, 51, 51, 51, 51, 51, 51, 51, 51, 51, 51, 51, 51, 51, 51, 51, 51, 51, 51, 51, 51, 51, 51, 51, 51, 51];Eredmények csoportosítva;{51: 50}
L2NotDet-gp5-rn50; ;Átlag;51.0;Összes futási eredmény;[51, 51, 51, 51, 51, 51, 51, 51, 51, 51, 51, 51, 51, 51, 51, 51, 51, 51, 51, 51, 51, 51, 51, 51, 51, 51, 51, 51, 51, 51, 51, 51, 51, 51, 51, 51, 51, 51, 51, 51, 51, 51, 51, 51, 51, 51, 51, 51, 51, 51];Eredmények csoportosítva;{51: 50}
