Alsó Korlát;256
FFD-bin-sum;273
FFD-bin-avg;273
FFD-bin-prod;274
FFD-item-sum;271
FFD-item-avg;271
FFD-item-prod;273
dotP-gp1;264
dotP-gp2;265
dotP-gp3;265
dotP-gp4;265
L2-gp1;263
L2-gp2;264
L2-gp3;263
L2-gp4;264
FFDRev;294
FFDRevAdv;296
FFDMP-1.0;272
FFDMP-0.9;271
FFDMP-0.8;271
FFDMP-0.75;272
FFDBox-bx3-rt100; ;Átlag;272.4;Összes futási eredmény;[273, 272, 272, 271, 272, 273, 273, 271, 273, 271, 272, 271, 273, 273, 273, 271, 273, 272, 272, 274, 272, 274, 274, 275, 273, 272, 272, 272, 273, 270, 272, 272, 270, 272, 273, 272, 272, 274, 272, 272, 271, 270, 274, 271, 272, 272, 272, 271, 272, 271, 271, 277, 271, 274, 272, 273, 273, 274, 273, 274, 273, 273, 274, 271, 272, 273, 273, 273, 272, 273, 273, 271, 274, 271, 273, 272, 273, 272, 272, 272, 272, 274, 272, 273, 272, 271, 274, 271, 272, 271, 274, 271, 273, 273, 272, 272, 274, 273, 273, 272];Eredmények csoportosítva;{273: 28, 272: 35, 271: 18, 274: 14, 275: 1, 270: 3, 277: 1}
FFDBox-bx4-rt100; ;Átlag;272.04;Összes futási eredmény;[274, 274, 271, 272, 272, 273, 273, 271, 270, 271, 273, 272, 272, 272, 274, 272, 272, 273, 272, 272, 271, 271, 271, 271, 272, 276, 275, 272, 271, 272, 273, 272, 270, 274, 272, 272, 272, 273, 272, 272, 272, 271, 272, 270, 274, 272, 272, 274, 271, 271, 271, 272, 274, 271, 269, 272, 271, 270, 271, 271, 271, 273, 272, 271, 272, 274, 273, 271, 270, 272, 271, 274, 272, 273, 274, 271, 271, 273, 272, 271, 275, 272, 272, 272, 273, 272, 271, 274, 271, 270, 270, 271, 272, 273, 273, 271, 273, 273, 274, 271];Eredmények csoportosítva;{274: 12, 271: 28, 272: 34, 273: 15, 270: 7, 276: 1, 275: 2, 269: 1}
FFDBox-bx5-rt100; ;Átlag;272.01;Összes futási eredmény;[271, 271, 271, 273, 272, 272, 272, 272, 272, 271, 272, 273, 270, 270, 272, 272, 271, 272, 271, 272, 271, 271, 273, 270, 273, 272, 271, 273, 270, 273, 272, 272, 271, 272, 273, 271, 273, 272, 272, 271, 274, 271, 271, 274, 273, 273, 273, 274, 273, 274, 272, 274, 273, 272, 274, 271, 272, 272, 273, 274, 268, 273, 271, 272, 270, 272, 271, 273, 272, 272, 274, 273, 272, 271, 271, 271, 272, 273, 272, 273, 273, 272, 271, 272, 272, 274, 273, 273, 270, 272, 273, 271, 272, 271, 271, 271, 272, 271, 273, 273];Eredmények csoportosítva;{271: 26, 273: 25, 272: 33, 270: 6, 274: 9, 268: 1}
FFDBox-bx6-rt100; ;Átlag;271.81;Összes futási eredmény;[271, 273, 273, 273, 272, 271, 272, 269, 272, 270, 274, 269, 272, 270, 271, 269, 275, 272, 270, 272, 270, 273, 271, 272, 271, 272, 273, 272, 272, 273, 273, 271, 272, 273, 271, 271, 271, 272, 272, 273, 272, 270, 271, 271, 273, 272, 275, 273, 272, 272, 271, 273, 271, 272, 271, 271, 272, 271, 273, 272, 272, 271, 272, 272, 273, 272, 273, 275, 270, 274, 271, 271, 270, 272, 273, 273, 274, 270, 272, 272, 273, 272, 273, 273, 271, 272, 269, 273, 270, 271, 271, 271, 270, 272, 274, 273, 272, 271, 271, 271];Eredmények csoportosítva;{271: 26, 273: 22, 272: 31, 269: 4, 270: 10, 274: 4, 275: 3}
FFDGroups-gn4-rt100; ;Átlag;273.85;Összes futási eredmény;[275, 274, 274, 274, 274, 276, 274, 273, 274, 274, 274, 275, 275, 274, 274, 273, 274, 273, 273, 274, 275, 273, 273, 275, 274, 275, 273, 275, 273, 275, 275, 273, 273, 276, 277, 274, 273, 276, 277, 272, 273, 274, 276, 273, 275, 273, 275, 273, 275, 274, 273, 274, 274, 274, 274, 272, 273, 275, 274, 274, 274, 276, 274, 275, 273, 275, 275, 272, 275, 272, 273, 275, 272, 275, 273, 272, 273, 272, 274, 274, 274, 273, 273, 273, 274, 272, 273, 273, 273, 274, 274, 274, 273, 274, 271, 273, 274, 271, 274, 275];Eredmények csoportosítva;{275: 20, 274: 34, 276: 5, 273: 29, 277: 2, 272: 8, 271: 2}
FFDGroups-gn6-rt100; ;Átlag;272.58;Összes futási eredmény;[272, 274, 271, 273, 273, 272, 272, 275, 271, 273, 271, 272, 272, 273, 273, 272, 272, 271, 273, 274, 272, 272, 274, 274, 273, 272, 272, 273, 273, 273, 272, 270, 276, 274, 272, 273, 272, 273, 272, 273, 272, 273, 273, 274, 272, 273, 272, 273, 273, 272, 272, 273, 273, 272, 274, 271, 272, 272, 274, 273, 273, 271, 271, 272, 273, 273, 272, 271, 273, 272, 274, 271, 272, 274, 272, 272, 272, 273, 275, 273, 273, 273, 274, 273, 272, 274, 273, 273, 272, 272, 273, 275, 273, 271, 270, 272, 271, 273, 274, 271];Eredmények csoportosítva;{272: 34, 274: 13, 271: 12, 273: 35, 275: 3, 270: 2, 276: 1}
FFDGroups-gn10-rt100; ;Átlag;272.55;Összes futási eredmény;[274, 271, 272, 273, 272, 273, 272, 272, 275, 273, 271, 274, 271, 273, 273, 272, 272, 271, 273, 272, 273, 272, 273, 272, 273, 273, 272, 273, 274, 272, 273, 273, 272, 274, 273, 270, 272, 273, 272, 273, 271, 272, 272, 273, 273, 272, 275, 273, 273, 269, 274, 273, 271, 274, 272, 272, 272, 274, 273, 272, 272, 272, 274, 274, 272, 271, 272, 274, 272, 271, 273, 272, 275, 274, 273, 274, 275, 273, 273, 272, 272, 273, 273, 273, 272, 273, 273, 271, 272, 274, 272, 271, 272, 272, 272, 273, 273, 272, 271, 272];Eredmények csoportosítva;{274: 13, 271: 11, 272: 37, 273: 33, 275: 4, 270: 1, 269: 1}
FFDGroups-gn20-rt100; ;Átlag;271.91;Összes futási eredmény;[271, 271, 273, 271, 273, 273, 271, 272, 270, 271, 272, 271, 273, 271, 272, 272, 272, 271, 270, 271, 271, 275, 272, 273, 273, 272, 272, 269, 274, 270, 273, 271, 271, 273, 273, 271, 270, 274, 273, 273, 273, 274, 272, 273, 271, 271, 274, 270, 270, 272, 273, 272, 272, 271, 271, 273, 274, 271, 272, 269, 273, 271, 271, 271, 272, 271, 273, 273, 272, 272, 273, 274, 274, 272, 270, 272, 274, 275, 273, 271, 271, 272, 271, 270, 272, 271, 271, 273, 272, 271, 272, 275, 273, 271, 270, 273, 271, 271, 271, 271];Eredmények csoportosítva;{271: 33, 273: 23, 272: 22, 270: 9, 275: 3, 269: 2, 274: 8}
FFDBG-gn4-bx4-rt100; ;Átlag;272.26;Összes futási eredmény;[271, 272, 273, 272, 270, 273, 272, 272, 273, 272, 273, 272, 272, 271, 272, 276, 272, 271, 272, 272, 273, 273, 272, 273, 272, 273, 274, 271, 270, 272, 271, 272, 273, 273, 274, 272, 271, 271, 272, 272, 273, 274, 271, 273, 274, 270, 273, 273, 272, 274, 271, 273, 274, 273, 271, 273, 272, 272, 271, 270, 270, 272, 272, 272, 273, 272, 271, 272, 273, 273, 274, 272, 272, 273, 271, 273, 273, 272, 271, 273, 273, 275, 272, 271, 274, 271, 272, 272, 272, 273, 271, 272, 273, 274, 272, 271, 271, 271, 275, 273];Eredmények csoportosítva;{271: 20, 272: 35, 273: 28, 270: 5, 276: 1, 274: 9, 275: 2}
FFDBG-gn6-bx4-rt100; ;Átlag;272.35;Összes futási eredmény;[272, 273, 272, 272, 271, 272, 273, 271, 272, 272, 271, 273, 273, 275, 273, 274, 272, 273, 272, 273, 271, 271, 273, 272, 272, 273, 270, 273, 273, 272, 275, 270, 272, 273, 272, 273, 274, 271, 272, 271, 272, 273, 274, 272, 273, 272, 272, 272, 273, 273, 273, 273, 274, 273, 273, 271, 271, 271, 275, 274, 271, 272, 272, 272, 276, 272, 270, 275, 272, 271, 272, 273, 271, 272, 273, 273, 273, 271, 272, 274, 273, 273, 271, 273, 272, 275, 271, 273, 270, 272, 272, 271, 274, 271, 272, 273, 273, 272, 271, 270];Eredmények csoportosítva;{272: 32, 273: 31, 271: 19, 275: 5, 274: 7, 270: 5, 276: 1}
FFDBG-gn5-bx3-rt100; ;Átlag;272.4;Összes futási eredmény;[272, 270, 274, 273, 271, 273, 272, 273, 270, 273, 270, 274, 272, 271, 273, 273, 273, 273, 273, 272, 272, 272, 270, 272, 272, 272, 272, 273, 271, 273, 273, 271, 274, 272, 272, 272, 276, 272, 273, 272, 272, 273, 272, 271, 273, 272, 271, 273, 273, 271, 272, 273, 270, 271, 272, 271, 271, 274, 273, 272, 273, 273, 273, 271, 272, 272, 273, 273, 273, 271, 273, 274, 271, 273, 273, 272, 272, 272, 272, 274, 271, 273, 273, 274, 275, 275, 271, 273, 273, 272, 273, 273, 272, 273, 273, 277, 271, 272, 273, 272];Eredmények csoportosítva;{272: 31, 270: 5, 274: 7, 273: 37, 271: 16, 276: 1, 275: 2, 277: 1}
FFDRatio-ra2-rt100; ;Átlag;289.66;Összes futási eredmény;[294, 284, 287, 291, 296, 288, 288, 291, 292, 294, 284, 284, 295, 279, 290, 293, 283, 294, 296, 297, 295, 284, 297, 288, 287, 295, 296, 295, 282, 288, 290, 279, 295, 286, 291, 280, 281, 289, 290, 282, 293, 293, 282, 286, 289, 293, 294, 286, 290, 285, 282, 283, 294, 295, 282, 296, 279, 295, 290, 295, 295, 281, 291, 288, 292, 290, 285, 293, 294, 288, 295, 294, 296, 285, 290, 292, 295, 292, 289, 292, 286, 291, 295, 290, 288, 283, 288, 293, 296, 287, 296, 289, 293, 296, 286, 294, 280, 290, 290, 286];Eredmények csoportosítva;{294: 8, 284: 4, 287: 3, 291: 5, 296: 8, 288: 8, 292: 5, 295: 12, 279: 3, 290: 10, 293: 7, 283: 3, 297: 2, 282: 5, 286: 6, 280: 2, 281: 2, 289: 4, 285: 3}
FFDRatio-ra5-rt100; ;Átlag;280.92;Összes futási eredmény;[281, 280, 282, 280, 281, 281, 281, 283, 283, 281, 281, 282, 282, 281, 280, 280, 282, 280, 281, 281, 280, 282, 281, 280, 281, 281, 280, 281, 282, 280, 279, 281, 281, 282, 281, 280, 279, 282, 281, 280, 282, 281, 281, 282, 282, 280, 281, 281, 280, 280, 280, 280, 280, 283, 282, 281, 281, 281, 280, 281, 281, 279, 281, 282, 283, 280, 279, 280, 282, 282, 282, 280, 281, 281, 280, 279, 281, 281, 280, 281, 280, 282, 282, 279, 281, 279, 283, 280, 281, 282, 279, 282, 280, 281, 281, 283, 280, 282, 281, 283];Eredmények csoportosítva;{281: 37, 280: 27, 282: 21, 283: 7, 279: 8}
FFDRatio-ra10-rt100; ;Átlag;277.09;Összes futási eredmény;[277, 277, 277, 277, 277, 277, 276, 277, 278, 278, 275, 277, 277, 276, 278, 276, 277, 277, 276, 278, 277, 278, 276, 276, 277, 278, 277, 278, 278, 276, 278, 276, 277, 277, 278, 276, 278, 277, 277, 278, 277, 277, 278, 277, 278, 277, 277, 276, 278, 278, 277, 276, 278, 278, 278, 276, 277, 276, 275, 277, 277, 276, 278, 278, 279, 278, 276, 276, 278, 277, 278, 275, 276, 278, 277, 279, 277, 277, 275, 279, 278, 277, 277, 278, 277, 275, 276, 277, 275, 277, 278, 277, 277, 279, 276, 277, 277, 278, 280, 277];Eredmények csoportosítva;{277: 41, 276: 19, 278: 29, 275: 6, 279: 4, 280: 1}
FFDRatio-ra15-rt100; ;Átlag;275.87;Összes futási eredmény;[276, 275, 275, 276, 277, 275, 276, 276, 275, 277, 276, 278, 275, 277, 277, 276, 275, 276, 275, 275, 277, 275, 274, 276, 277, 276, 277, 277, 274, 274, 276, 277, 275, 277, 277, 277, 276, 275, 275, 275, 275, 277, 276, 276, 276, 278, 274, 276, 276, 277, 277, 276, 276, 276, 275, 276, 275, 277, 277, 277, 275, 279, 276, 276, 276, 275, 275, 277, 275, 275, 275, 274, 276, 275, 276, 276, 275, 274, 276, 276, 277, 276, 276, 276, 275, 275, 277, 276, 275, 275, 276, 277, 276, 275, 276, 275, 275, 277, 277, 275];Eredmények csoportosítva;{276: 35, 275: 32, 277: 24, 278: 2, 274: 6, 279: 1}
FFDVal-rt100; ;Átlag;281.63;Összes futási eredmény;[282, 282, 283, 282, 281, 283, 281, 282, 282, 284, 280, 282, 282, 282, 283, 281, 281, 279, 283, 281, 281, 282, 284, 279, 283, 280, 280, 282, 283, 281, 280, 283, 283, 283, 280, 282, 281, 282, 281, 280, 281, 281, 282, 282, 281, 282, 285, 280, 283, 281, 281, 282, 281, 281, 282, 285, 283, 280, 281, 283, 280, 285, 282, 280, 282, 280, 281, 284, 281, 281, 284, 281, 281, 282, 281, 284, 282, 282, 280, 282, 283, 280, 281, 282, 279, 281, 281, 282, 282, 281, 282, 281, 279, 280, 282, 281, 282, 282, 283, 281];Eredmények csoportosítva;{282: 30, 283: 14, 281: 30, 284: 5, 280: 14, 279: 4, 285: 3}
Alsó Korlát;256
Alsó Korlát;256
Alsó Korlát;256
