Alsó Korlát;50
FFD-bin-sum;55
FFD-bin-avg;55
FFD-bin-prod;55
FFD-item-sum;53
FFD-item-avg;53
FFD-item-prod;53
dotP-gp1;52
dotP-gp2;52
dotP-gp3;53
dotP-gp4;53
L2-gp1;52
L2-gp2;52
L2-gp3;52
L2-gp4;53
FFDRev;53
FFDRevAdv;54
FFDMP-1.0;53
FFDMP-0.9;53
FFDMP-0.8;53
FFDMP-0.75;53
FFDBox-bx3-rt100; ;Átlag;53.25;Összes futási eredmény;[54, 54, 53, 54, 52, 54, 53, 54, 53, 54, 53, 53, 53, 53, 53, 54, 53, 53, 53, 53, 53, 54, 53, 53, 53, 53, 54, 53, 54, 53, 53, 53, 53, 54, 53, 53, 53, 53, 53, 53, 53, 53, 53, 54, 53, 54, 53, 53, 53, 53, 54, 54, 53, 53, 54, 54, 54, 54, 53, 53, 54, 53, 53, 54, 53, 54, 53, 53, 53, 53, 53, 53, 54, 53, 52, 53, 52, 53, 53, 53, 53, 54, 53, 53, 54, 53, 53, 54, 54, 53, 53, 53, 53, 52, 54, 54, 53, 53, 53, 53];Eredmények csoportosítva;{54: 29, 53: 67, 52: 4}
FFDBox-bx4-rt100; ;Átlag;53.19;Összes futási eredmény;[53, 53, 53, 54, 54, 53, 53, 53, 53, 53, 52, 53, 54, 54, 53, 54, 53, 53, 54, 53, 53, 52, 53, 54, 53, 53, 53, 54, 54, 53, 53, 53, 54, 54, 54, 53, 54, 52, 53, 53, 53, 53, 53, 53, 53, 53, 54, 53, 53, 54, 53, 54, 53, 53, 54, 53, 53, 53, 52, 53, 53, 54, 53, 53, 53, 53, 53, 53, 53, 53, 53, 54, 52, 53, 54, 52, 53, 54, 53, 53, 53, 52, 53, 52, 53, 54, 52, 54, 53, 54, 53, 54, 53, 54, 54, 53, 54, 53, 53, 53];Eredmények csoportosítva;{53: 63, 54: 28, 52: 9}
FFDBox-bx5-rt100; ;Átlag;53.29;Összes futási eredmény;[54, 53, 53, 53, 53, 53, 53, 53, 53, 52, 53, 54, 53, 54, 53, 54, 53, 53, 53, 54, 54, 54, 54, 53, 53, 53, 53, 53, 52, 53, 53, 53, 54, 53, 53, 54, 53, 53, 54, 53, 54, 54, 55, 54, 54, 54, 53, 54, 54, 54, 53, 53, 53, 54, 53, 54, 53, 52, 54, 54, 53, 54, 52, 53, 53, 54, 52, 53, 53, 53, 54, 52, 53, 54, 53, 53, 54, 53, 53, 53, 52, 53, 53, 54, 53, 54, 53, 53, 54, 53, 53, 53, 54, 53, 53, 53, 53, 53, 54, 54];Eredmények csoportosítva;{54: 34, 53: 58, 52: 7, 55: 1}
FFDBox-bx6-rt100; ;Átlag;53.31;Összes futási eredmény;[53, 53, 53, 53, 53, 54, 54, 54, 53, 53, 53, 54, 53, 53, 54, 52, 53, 53, 53, 53, 54, 53, 53, 54, 54, 54, 53, 53, 53, 54, 53, 53, 53, 53, 54, 53, 54, 53, 53, 54, 54, 53, 53, 53, 53, 53, 54, 54, 53, 53, 52, 53, 53, 53, 53, 53, 54, 54, 54, 54, 53, 54, 53, 53, 54, 53, 53, 54, 53, 53, 53, 54, 53, 54, 54, 53, 53, 53, 54, 54, 54, 54, 53, 53, 53, 53, 54, 53, 53, 53, 54, 53, 53, 54, 53, 53, 53, 53, 53, 53];Eredmények csoportosítva;{53: 65, 54: 33, 52: 2}
FFDGroups-gn4-rt100; ;Átlag;53.92;Összes futási eredmény;[54, 53, 54, 54, 53, 55, 54, 54, 53, 54, 53, 54, 54, 54, 55, 53, 53, 54, 55, 54, 53, 55, 54, 54, 55, 53, 54, 54, 53, 54, 53, 54, 53, 54, 53, 54, 54, 54, 55, 53, 55, 54, 53, 54, 55, 54, 54, 54, 54, 53, 54, 54, 54, 55, 54, 53, 54, 55, 54, 54, 55, 54, 54, 54, 54, 55, 54, 54, 54, 53, 55, 54, 54, 54, 55, 54, 54, 53, 53, 54, 54, 53, 55, 53, 53, 54, 54, 54, 54, 54, 54, 54, 55, 54, 53, 54, 54, 53, 54, 54];Eredmények csoportosítva;{54: 60, 53: 24, 55: 16}
FFDGroups-gn6-rt100; ;Átlag;53.62;Összes futási eredmény;[54, 54, 54, 54, 54, 53, 53, 54, 53, 53, 53, 54, 53, 53, 54, 55, 54, 54, 53, 53, 54, 53, 55, 54, 54, 54, 53, 53, 53, 54, 54, 54, 54, 53, 54, 54, 54, 54, 54, 54, 53, 54, 54, 54, 54, 54, 54, 54, 54, 54, 53, 54, 53, 53, 54, 53, 54, 53, 52, 53, 54, 54, 53, 53, 53, 53, 53, 54, 54, 53, 54, 53, 53, 54, 54, 53, 54, 54, 53, 54, 53, 54, 54, 54, 53, 53, 53, 54, 55, 54, 53, 55, 54, 55, 53, 53, 53, 53, 54, 53];Eredmények csoportosítva;{54: 53, 53: 41, 55: 5, 52: 1}
FFDGroups-gn10-rt100; ;Átlag;53.38;Összes futási eredmény;[53, 53, 53, 53, 54, 53, 54, 53, 53, 54, 53, 55, 53, 54, 54, 54, 53, 53, 53, 53, 53, 53, 53, 54, 54, 53, 53, 53, 53, 53, 54, 54, 54, 54, 54, 54, 53, 53, 53, 54, 53, 54, 54, 53, 54, 54, 53, 53, 54, 54, 53, 53, 53, 53, 53, 53, 53, 53, 53, 54, 53, 53, 53, 53, 53, 53, 54, 53, 53, 54, 53, 53, 53, 53, 53, 54, 53, 53, 54, 53, 53, 53, 53, 53, 54, 54, 54, 53, 54, 54, 54, 53, 54, 54, 53, 53, 54, 53, 54, 53];Eredmények csoportosítva;{53: 63, 54: 36, 55: 1}
FFDGroups-gn20-rt100; ;Átlag;53.23;Összes futási eredmény;[53, 53, 53, 53, 53, 54, 53, 54, 53, 52, 53, 54, 53, 53, 53, 53, 53, 54, 53, 53, 53, 53, 54, 53, 53, 53, 53, 53, 53, 53, 54, 53, 52, 54, 53, 53, 54, 53, 54, 53, 53, 53, 54, 53, 52, 53, 53, 53, 53, 53, 53, 53, 54, 53, 53, 54, 53, 53, 53, 53, 53, 53, 53, 53, 53, 53, 53, 52, 53, 53, 54, 53, 55, 52, 54, 54, 54, 53, 53, 53, 53, 54, 53, 53, 54, 54, 53, 54, 54, 53, 53, 54, 54, 54, 54, 53, 53, 53, 53, 54];Eredmények csoportosítva;{53: 68, 54: 26, 52: 5, 55: 1}
FFDBG-gn4-bx4-rt100; ;Átlag;53.25;Összes futási eredmény;[53, 53, 54, 53, 54, 54, 53, 52, 53, 53, 54, 53, 54, 54, 53, 53, 53, 53, 53, 53, 53, 52, 53, 53, 53, 53, 53, 53, 54, 53, 54, 52, 53, 55, 53, 53, 53, 53, 53, 53, 53, 53, 53, 54, 52, 53, 53, 53, 53, 54, 53, 53, 53, 53, 53, 55, 54, 53, 53, 53, 54, 54, 53, 54, 53, 54, 54, 53, 53, 53, 54, 54, 54, 53, 53, 53, 53, 54, 53, 54, 52, 53, 53, 54, 54, 52, 54, 53, 54, 53, 54, 54, 53, 53, 53, 54, 53, 53, 52, 53];Eredmények csoportosítva;{53: 63, 54: 28, 52: 7, 55: 2}
FFDBG-gn6-bx4-rt100; ;Átlag;53.27;Összes futási eredmény;[54, 53, 54, 53, 52, 53, 53, 54, 54, 53, 53, 53, 53, 54, 54, 53, 53, 53, 53, 53, 53, 53, 53, 53, 54, 54, 54, 52, 53, 53, 54, 53, 54, 53, 53, 53, 54, 53, 53, 54, 53, 53, 53, 53, 53, 53, 53, 54, 53, 54, 54, 54, 54, 54, 53, 52, 53, 53, 53, 53, 53, 53, 53, 53, 53, 53, 54, 54, 53, 53, 53, 54, 53, 54, 53, 54, 53, 54, 54, 53, 53, 53, 54, 53, 53, 52, 53, 53, 53, 53, 52, 53, 53, 53, 54, 54, 54, 54, 53, 54];Eredmények csoportosítva;{54: 32, 53: 63, 52: 5}
FFDBG-gn5-bx3-rt100; ;Átlag;53.38;Összes futási eredmény;[54, 54, 54, 53, 53, 54, 54, 53, 53, 53, 54, 53, 53, 53, 54, 53, 53, 53, 53, 53, 53, 53, 53, 53, 54, 53, 53, 53, 53, 53, 54, 54, 53, 54, 53, 54, 53, 53, 54, 55, 52, 53, 54, 53, 54, 54, 54, 53, 54, 53, 52, 54, 53, 54, 54, 53, 53, 54, 53, 53, 53, 54, 54, 53, 53, 54, 54, 53, 53, 53, 53, 54, 53, 53, 54, 54, 53, 53, 54, 53, 53, 54, 54, 53, 53, 53, 53, 53, 54, 53, 54, 53, 54, 53, 53, 53, 54, 54, 53, 54];Eredmények csoportosítva;{54: 38, 53: 59, 55: 1, 52: 2}
FFDRatio-ra2-rt100; ;Átlag;55.03;Összes futási eredmény;[54, 55, 54, 54, 54, 54, 54, 55, 58, 57, 54, 56, 53, 55, 53, 53, 53, 55, 54, 57, 55, 56, 57, 55, 56, 55, 55, 54, 55, 54, 54, 55, 55, 54, 54, 54, 54, 58, 54, 55, 54, 54, 54, 55, 54, 55, 55, 56, 57, 55, 55, 56, 56, 57, 56, 54, 57, 54, 55, 55, 57, 57, 57, 55, 53, 54, 56, 56, 56, 57, 55, 53, 56, 56, 53, 54, 54, 54, 56, 55, 56, 54, 55, 57, 56, 56, 54, 54, 55, 55, 55, 55, 56, 54, 54, 57, 55, 57, 55, 54];Eredmények csoportosítva;{54: 32, 55: 29, 58: 2, 57: 13, 56: 17, 53: 7}
FFDRatio-ra5-rt100; ;Átlag;54.06;Összes futási eredmény;[54, 53, 54, 53, 54, 54, 55, 55, 54, 55, 55, 54, 54, 54, 54, 54, 54, 55, 53, 54, 55, 53, 55, 55, 53, 55, 55, 54, 55, 54, 54, 53, 55, 54, 55, 53, 54, 55, 53, 55, 54, 53, 54, 53, 54, 53, 53, 54, 55, 55, 55, 54, 54, 54, 54, 55, 54, 54, 55, 53, 54, 53, 53, 54, 55, 54, 55, 54, 54, 54, 54, 55, 54, 53, 54, 54, 55, 55, 54, 54, 54, 54, 53, 53, 54, 53, 56, 54, 53, 55, 53, 54, 54, 54, 54, 53, 53, 54, 54, 55];Eredmények csoportosítva;{54: 49, 53: 23, 55: 27, 56: 1}
FFDRatio-ra10-rt100; ;Átlag;53.67;Összes futási eredmény;[53, 54, 54, 54, 54, 54, 54, 53, 54, 53, 54, 54, 54, 54, 54, 53, 54, 54, 53, 54, 54, 54, 54, 53, 54, 54, 54, 54, 53, 53, 54, 54, 54, 53, 53, 54, 53, 53, 53, 54, 53, 53, 54, 54, 54, 54, 53, 54, 54, 53, 53, 54, 54, 53, 54, 53, 54, 54, 53, 53, 54, 54, 53, 54, 54, 54, 53, 53, 53, 53, 54, 54, 54, 54, 53, 54, 54, 53, 54, 54, 54, 54, 54, 53, 54, 54, 55, 53, 53, 54, 54, 54, 54, 54, 54, 54, 54, 53, 54, 53];Eredmények csoportosítva;{53: 34, 54: 65, 55: 1}
FFDRatio-ra15-rt100; ;Átlag;53.54;Összes futási eredmény;[54, 53, 54, 54, 53, 54, 54, 53, 53, 54, 53, 53, 53, 54, 54, 54, 53, 53, 53, 54, 53, 53, 53, 54, 53, 53, 53, 53, 53, 53, 53, 54, 54, 54, 54, 53, 53, 54, 53, 54, 53, 54, 54, 53, 54, 53, 54, 53, 53, 54, 54, 54, 54, 53, 54, 54, 53, 54, 54, 54, 53, 53, 54, 54, 54, 54, 54, 53, 54, 54, 54, 54, 54, 53, 54, 53, 54, 53, 54, 54, 54, 54, 54, 54, 53, 53, 53, 53, 53, 54, 53, 53, 53, 53, 53, 54, 54, 54, 54, 54];Eredmények csoportosítva;{54: 54, 53: 46}
FFDVal-rt100; ;Átlag;54.77;Összes futási eredmény;[54, 55, 54, 55, 55, 55, 56, 55, 55, 54, 55, 55, 54, 55, 56, 55, 55, 55, 56, 55, 55, 54, 55, 55, 54, 54, 55, 54, 55, 54, 54, 56, 55, 55, 54, 55, 55, 55, 55, 54, 54, 54, 55, 55, 55, 55, 55, 55, 55, 54, 54, 55, 55, 54, 55, 55, 55, 55, 55, 55, 54, 54, 55, 54, 54, 56, 55, 54, 55, 55, 55, 55, 55, 55, 55, 55, 55, 54, 56, 54, 55, 54, 55, 54, 54, 55, 55, 55, 55, 55, 55, 54, 54, 55, 55, 55, 54, 56, 55, 55];Eredmények csoportosítva;{54: 30, 55: 63, 56: 7}
L2NotDet-gp1-rn50; ;Átlag;51.0;Összes futási eredmény;[51, 51, 51, 51, 51, 51, 51, 51, 51, 51, 51, 51, 51, 51, 51, 51, 51, 51, 51, 51, 51, 51, 51, 51, 51, 51, 51, 51, 51, 51, 51, 51, 51, 51, 51, 51, 51, 51, 51, 51, 51, 51, 51, 51, 51, 51, 51, 51, 51, 51];Eredmények csoportosítva;{51: 50}
L2NotDet-gp3-rn50; ;Átlag;51.0;Összes futási eredmény;[51, 51, 51, 51, 51, 51, 51, 51, 51, 51, 51, 51, 51, 51, 51, 51, 51, 51, 51, 51, 51, 51, 51, 51, 51, 51, 51, 51, 51, 51, 51, 51, 51, 51, 51, 51, 51, 51, 51, 51, 51, 51, 51, 51, 51, 51, 51, 51, 51, 51];Eredmények csoportosítva;{51: 50}
L2NotDet-gp5-rn50; ;Átlag;51.0;Összes futási eredmény;[51, 51, 51, 51, 51, 51, 51, 51, 51, 51, 51, 51, 51, 51, 51, 51, 51, 51, 51, 51, 51, 51, 51, 51, 51, 51, 51, 51, 51, 51, 51, 51, 51, 51, 51, 51, 51, 51, 51, 51, 51, 51, 51, 51, 51, 51, 51, 51, 51, 51];Eredmények csoportosítva;{51: 50}
