Alsó Korlát;50
FFD-bin-sum;55
FFD-bin-avg;55
FFD-bin-prod;56
FFD-item-sum;54
FFD-item-avg;54
FFD-item-prod;54
dotP-gp1;53
dotP-gp2;53
dotP-gp3;53
dotP-gp4;53
L2-gp1;52
L2-gp2;52
L2-gp3;53
L2-gp4;53
FFDRev;55
FFDRevAdv;56
FFDMP-1.0;54
FFDMP-0.9;54
FFDMP-0.8;54
FFDMP-0.75;54
FFDBox-bx3-rt100; ;Átlag;53.69;Összes futási eredmény;[54, 54, 53, 53, 54, 55, 53, 54, 54, 54, 53, 54, 54, 54, 54, 54, 53, 53, 54, 55, 55, 55, 53, 54, 53, 53, 55, 53, 54, 55, 54, 54, 53, 53, 54, 54, 54, 54, 52, 54, 53, 54, 54, 53, 53, 53, 54, 54, 54, 53, 54, 54, 54, 53, 54, 54, 54, 54, 53, 54, 54, 54, 54, 54, 54, 54, 53, 54, 53, 53, 54, 54, 53, 54, 53, 53, 53, 54, 54, 54, 54, 53, 53, 54, 53, 53, 54, 53, 53, 54, 54, 54, 53, 53, 55, 54, 54, 54, 53, 53];Eredmények csoportosítva;{54: 56, 53: 36, 55: 7, 52: 1}
FFDBox-bx4-rt100; ;Átlag;53.7;Összes futási eredmény;[53, 54, 54, 54, 53, 54, 54, 54, 54, 54, 54, 54, 55, 54, 54, 54, 53, 54, 54, 54, 54, 53, 53, 54, 54, 54, 53, 54, 54, 53, 54, 54, 54, 54, 54, 53, 53, 54, 53, 53, 54, 54, 53, 54, 54, 53, 53, 54, 55, 53, 53, 53, 54, 54, 54, 53, 54, 54, 54, 53, 53, 53, 54, 54, 54, 53, 53, 54, 53, 53, 53, 54, 54, 54, 54, 54, 53, 54, 53, 55, 54, 53, 54, 54, 54, 54, 53, 53, 54, 54, 54, 54, 54, 54, 54, 53, 54, 53, 54, 54];Eredmények csoportosítva;{53: 33, 54: 64, 55: 3}
FFDBox-bx5-rt100; ;Átlag;53.7;Összes futási eredmény;[54, 54, 53, 53, 54, 54, 54, 54, 54, 54, 53, 53, 54, 54, 54, 53, 54, 54, 53, 54, 54, 54, 54, 54, 54, 54, 55, 53, 54, 54, 54, 53, 53, 54, 53, 53, 54, 54, 53, 54, 54, 54, 53, 54, 54, 55, 55, 54, 54, 53, 54, 54, 54, 54, 54, 53, 54, 54, 53, 54, 53, 54, 53, 53, 54, 53, 53, 54, 54, 53, 54, 54, 53, 53, 54, 54, 54, 54, 54, 53, 53, 53, 53, 54, 54, 54, 53, 54, 54, 55, 53, 54, 54, 53, 54, 54, 53, 53, 53, 54];Eredmények csoportosítva;{54: 62, 53: 34, 55: 4}
FFDBox-bx6-rt100; ;Átlag;53.79;Összes futási eredmény;[54, 54, 54, 53, 53, 54, 53, 54, 53, 54, 54, 54, 54, 54, 53, 54, 54, 54, 54, 54, 54, 54, 54, 54, 54, 53, 54, 54, 53, 54, 54, 54, 54, 54, 54, 54, 53, 53, 53, 54, 54, 54, 54, 54, 54, 54, 54, 54, 54, 55, 54, 53, 54, 54, 54, 53, 54, 54, 54, 54, 53, 53, 54, 54, 54, 54, 54, 55, 53, 53, 55, 53, 53, 54, 54, 54, 53, 54, 54, 54, 54, 54, 54, 54, 54, 53, 54, 55, 54, 54, 53, 54, 54, 53, 54, 54, 54, 53, 54, 52];Eredmények csoportosítva;{54: 72, 53: 23, 55: 4, 52: 1}
FFDGroups-gn4-rt100; ;Átlag;54.21;Összes futási eredmény;[54, 55, 54, 55, 55, 54, 54, 54, 55, 54, 54, 54, 54, 55, 54, 54, 54, 54, 54, 54, 54, 53, 55, 54, 54, 54, 54, 54, 54, 54, 54, 55, 54, 54, 54, 55, 53, 54, 54, 54, 54, 54, 55, 54, 54, 55, 55, 53, 53, 54, 55, 54, 54, 54, 54, 55, 54, 55, 54, 55, 55, 55, 54, 54, 54, 53, 55, 54, 54, 54, 54, 54, 55, 54, 55, 55, 54, 54, 53, 54, 54, 54, 54, 54, 55, 54, 54, 53, 55, 55, 54, 55, 54, 54, 55, 55, 54, 54, 55, 54];Eredmények csoportosítva;{54: 65, 55: 28, 53: 7}
FFDGroups-gn6-rt100; ;Átlag;53.76;Összes futási eredmény;[54, 54, 54, 53, 54, 53, 54, 54, 54, 53, 54, 55, 55, 54, 54, 54, 54, 54, 53, 53, 54, 53, 53, 54, 53, 55, 53, 53, 54, 54, 53, 54, 54, 54, 54, 54, 54, 54, 54, 54, 54, 54, 54, 53, 54, 54, 54, 54, 54, 54, 54, 55, 54, 54, 54, 54, 53, 53, 54, 52, 53, 54, 53, 53, 54, 54, 53, 55, 54, 54, 53, 54, 53, 53, 54, 54, 53, 54, 53, 54, 53, 55, 54, 53, 54, 54, 55, 54, 54, 54, 54, 54, 53, 53, 54, 53, 54, 53, 54, 54];Eredmények csoportosítva;{54: 63, 53: 29, 55: 7, 52: 1}
FFDGroups-gn10-rt100; ;Átlag;54.03;Összes futási eredmény;[55, 54, 53, 55, 54, 55, 54, 54, 54, 54, 54, 54, 54, 53, 53, 54, 55, 54, 54, 54, 54, 54, 54, 54, 55, 54, 54, 55, 54, 54, 54, 54, 54, 54, 54, 54, 54, 54, 54, 54, 54, 54, 54, 54, 54, 54, 54, 54, 54, 54, 55, 54, 54, 54, 54, 54, 54, 54, 54, 53, 54, 55, 54, 54, 54, 55, 54, 55, 53, 54, 54, 54, 53, 53, 55, 54, 54, 55, 54, 54, 54, 54, 54, 54, 54, 54, 53, 54, 54, 55, 54, 54, 53, 54, 53, 55, 53, 54, 54, 54];Eredmények csoportosítva;{55: 14, 54: 75, 53: 11}
FFDGroups-gn20-rt100; ;Átlag;53.81;Összes futási eredmény;[53, 54, 55, 54, 53, 54, 54, 53, 54, 54, 53, 53, 53, 54, 53, 54, 54, 54, 54, 54, 53, 53, 54, 54, 53, 54, 55, 54, 55, 54, 53, 54, 53, 54, 54, 54, 53, 54, 54, 54, 53, 54, 54, 54, 54, 54, 53, 54, 54, 54, 53, 53, 53, 54, 53, 54, 53, 53, 55, 54, 53, 54, 54, 54, 54, 54, 55, 53, 54, 54, 54, 54, 54, 54, 54, 54, 54, 54, 54, 54, 53, 54, 55, 54, 54, 54, 55, 54, 53, 54, 54, 54, 54, 54, 54, 54, 54, 53, 54, 54];Eredmények csoportosítva;{53: 26, 54: 67, 55: 7}
FFDBG-gn4-bx4-rt100; ;Átlag;53.65;Összes futási eredmény;[54, 54, 54, 53, 53, 53, 53, 54, 54, 53, 54, 54, 54, 54, 54, 54, 54, 54, 53, 55, 54, 54, 54, 54, 54, 54, 53, 53, 53, 54, 53, 54, 54, 54, 53, 54, 55, 53, 53, 54, 53, 53, 54, 54, 54, 53, 54, 54, 54, 54, 53, 54, 53, 54, 53, 54, 53, 53, 53, 53, 53, 53, 53, 54, 54, 54, 54, 54, 53, 54, 53, 53, 54, 53, 54, 54, 53, 53, 54, 53, 54, 54, 53, 54, 54, 54, 54, 54, 55, 54, 53, 54, 54, 54, 54, 53, 54, 54, 53, 53];Eredmények csoportosítva;{54: 59, 53: 38, 55: 3}
FFDBG-gn6-bx4-rt100; ;Átlag;53.66;Összes futási eredmény;[53, 54, 53, 53, 54, 55, 53, 54, 53, 54, 54, 53, 54, 54, 54, 53, 53, 54, 53, 54, 54, 53, 54, 54, 53, 53, 54, 53, 54, 54, 53, 53, 54, 53, 54, 54, 55, 54, 54, 54, 54, 53, 53, 54, 54, 53, 53, 53, 53, 55, 54, 54, 54, 53, 54, 55, 53, 54, 54, 54, 54, 53, 53, 54, 53, 53, 53, 53, 54, 54, 54, 54, 53, 54, 53, 54, 54, 53, 54, 54, 54, 54, 54, 54, 54, 54, 54, 54, 54, 54, 54, 54, 53, 54, 53, 54, 53, 53, 54, 53];Eredmények csoportosítva;{53: 38, 54: 58, 55: 4}
FFDBG-gn5-bx3-rt100; ;Átlag;53.67;Összes futási eredmény;[53, 54, 54, 53, 53, 54, 54, 54, 54, 53, 54, 53, 54, 53, 54, 54, 54, 53, 54, 54, 53, 54, 54, 53, 54, 54, 55, 54, 54, 54, 54, 54, 53, 53, 53, 54, 54, 54, 54, 54, 54, 53, 54, 53, 54, 54, 54, 54, 53, 54, 53, 53, 54, 53, 54, 54, 54, 53, 53, 54, 53, 54, 54, 53, 55, 54, 53, 54, 54, 54, 54, 54, 54, 54, 54, 53, 54, 53, 54, 54, 53, 54, 54, 54, 54, 53, 53, 54, 53, 53, 54, 53, 53, 53, 53, 54, 54, 54, 53, 54];Eredmények csoportosítva;{53: 35, 54: 63, 55: 2}
FFDRatio-ra2-rt100; ;Átlag;56.21;Összes futási eredmény;[56, 58, 56, 56, 57, 56, 58, 55, 57, 58, 56, 56, 57, 56, 57, 55, 56, 56, 58, 56, 57, 55, 57, 56, 56, 58, 56, 56, 55, 58, 56, 57, 56, 55, 55, 55, 55, 55, 57, 56, 55, 56, 55, 55, 56, 57, 57, 55, 56, 58, 55, 57, 56, 56, 56, 56, 57, 55, 55, 56, 55, 57, 55, 55, 57, 56, 55, 59, 57, 56, 56, 56, 56, 55, 57, 57, 57, 55, 56, 56, 59, 56, 57, 57, 55, 57, 57, 57, 58, 56, 55, 56, 56, 55, 56, 56, 57, 55, 56, 57];Eredmények csoportosítva;{56: 39, 58: 8, 57: 25, 55: 26, 59: 2}
FFDRatio-ra5-rt100; ;Átlag;55.11;Összes futási eredmény;[55, 54, 56, 55, 55, 55, 55, 54, 55, 56, 55, 54, 55, 54, 56, 55, 55, 55, 55, 56, 55, 55, 54, 56, 54, 55, 54, 55, 55, 54, 54, 55, 55, 56, 55, 55, 55, 55, 55, 55, 55, 55, 54, 55, 56, 55, 55, 55, 56, 55, 55, 55, 55, 56, 55, 55, 55, 56, 56, 55, 55, 55, 55, 56, 56, 55, 55, 56, 56, 55, 55, 56, 54, 55, 55, 55, 55, 55, 55, 55, 55, 56, 55, 55, 56, 56, 54, 55, 55, 56, 56, 56, 56, 55, 55, 54, 55, 55, 55, 56];Eredmények csoportosítva;{55: 63, 54: 13, 56: 24}
FFDRatio-ra10-rt100; ;Átlag;54.4;Összes futási eredmény;[55, 54, 54, 54, 55, 54, 55, 54, 55, 54, 55, 54, 54, 54, 55, 55, 54, 54, 54, 54, 55, 55, 54, 55, 54, 54, 54, 54, 54, 55, 55, 54, 54, 54, 54, 54, 54, 55, 54, 55, 55, 54, 54, 54, 55, 54, 54, 55, 55, 54, 55, 55, 55, 55, 55, 53, 54, 54, 55, 54, 54, 54, 55, 54, 54, 55, 54, 54, 55, 54, 55, 55, 55, 54, 54, 54, 54, 55, 54, 54, 53, 54, 54, 55, 55, 55, 55, 55, 54, 55, 55, 55, 55, 54, 54, 54, 54, 55, 55, 54];Eredmények csoportosítva;{55: 42, 54: 56, 53: 2}
FFDRatio-ra15-rt100; ;Átlag;53.93;Összes futási eredmény;[54, 54, 54, 54, 54, 53, 53, 54, 54, 54, 54, 54, 54, 54, 54, 53, 54, 53, 54, 54, 55, 54, 54, 54, 53, 55, 54, 54, 54, 54, 55, 55, 54, 54, 54, 55, 54, 54, 54, 54, 54, 54, 54, 54, 54, 54, 54, 54, 54, 53, 55, 54, 54, 54, 54, 54, 54, 54, 54, 54, 53, 54, 54, 54, 54, 54, 54, 53, 54, 53, 55, 54, 54, 54, 54, 53, 54, 53, 54, 54, 54, 54, 54, 54, 55, 54, 54, 53, 54, 53, 53, 53, 55, 54, 54, 53, 54, 54, 54, 54];Eredmények csoportosítva;{54: 75, 53: 16, 55: 9}
FFDVal-rt100; ;Átlag;55.17;Összes futási eredmény;[55, 55, 56, 55, 55, 55, 54, 54, 54, 56, 56, 55, 55, 55, 55, 55, 56, 55, 56, 55, 55, 55, 55, 55, 55, 55, 55, 55, 56, 56, 54, 56, 56, 56, 55, 56, 55, 56, 55, 55, 55, 55, 54, 55, 55, 55, 54, 55, 55, 55, 55, 55, 54, 56, 55, 55, 57, 55, 56, 55, 56, 56, 56, 55, 55, 55, 56, 55, 55, 55, 55, 55, 55, 55, 55, 55, 54, 55, 55, 56, 55, 55, 55, 57, 55, 55, 55, 55, 56, 55, 55, 54, 55, 56, 55, 55, 55, 56, 55, 55];Eredmények csoportosítva;{55: 67, 56: 22, 54: 9, 57: 2}
L2NotDet-gp1-rn50; ;Átlag;49.0;Összes futási eredmény;[49, 49, 49, 49, 49, 49, 49, 49, 49, 49, 49, 49, 49, 49, 49, 49, 49, 49, 49, 49, 49, 49, 49, 49, 49, 49, 49, 49, 49, 49, 49, 49, 49, 49, 49, 49, 49, 49, 49, 49, 49, 49, 49, 49, 49, 49, 49, 49, 49, 49];Eredmények csoportosítva;{49: 50}
L2NotDet-gp3-rn50; ;Átlag;49.0;Összes futási eredmény;[49, 49, 49, 49, 49, 49, 49, 49, 49, 49, 49, 49, 49, 49, 49, 49, 49, 49, 49, 49, 49, 49, 49, 49, 49, 49, 49, 49, 49, 49, 49, 49, 49, 49, 49, 49, 49, 49, 49, 49, 49, 49, 49, 49, 49, 49, 49, 49, 49, 49];Eredmények csoportosítva;{49: 50}
L2NotDet-gp5-rn50; ;Átlag;49.0;Összes futási eredmény;[49, 49, 49, 49, 49, 49, 49, 49, 49, 49, 49, 49, 49, 49, 49, 49, 49, 49, 49, 49, 49, 49, 49, 49, 49, 49, 49, 49, 49, 49, 49, 49, 49, 49, 49, 49, 49, 49, 49, 49, 49, 49, 49, 49, 49, 49, 49, 49, 49, 49];Eredmények csoportosítva;{49: 50}
