Alsó Korlát;26
FFD-bin-sum;30
FFD-bin-avg;30
FFD-bin-prod;30
FFD-item-sum;28
FFD-item-avg;28
FFD-item-prod;28
dotP-gp1;27
dotP-gp2;28
dotP-gp3;27
dotP-gp4;28
dotP-gp5;28
L2-gp1;27
L2-gp2;27
L2-gp3;27
L2-gp4;28
L2-gp5;28
FFDRev;31
FFDRevAdv;31
FFDMP-1.0;28
FFDMP-0.9;28
FFDMP-0.8;28
FFDMP-0.75;28
FFDBG-gn3-bx5-rt100; ;Átlag;28.29;Összes futási eredmény;[28, 28, 28, 29, 28, 28, 28, 28, 29, 29, 28, 28, 28, 28, 28, 28, 28, 29, 28, 28, 28, 29, 28, 27, 28, 28, 29, 28, 29, 29, 28, 28, 28, 28, 29, 29, 28, 28, 28, 28, 28, 28, 29, 28, 28, 28, 28, 28, 29, 28, 29, 29, 29, 29, 29, 28, 28, 28, 28, 28, 29, 28, 29, 28, 28, 28, 29, 29, 28, 28, 29, 28, 28, 28, 28, 28, 28, 28, 28, 28, 29, 29, 29, 29, 28, 28, 29, 28, 28, 28, 28, 29, 28, 29, 28, 28, 28, 29, 28, 28];Eredmények csoportosítva;{28: 69, 29: 30, 27: 1}
FFDBG-gn3-bx3-rt100; ;Átlag;28.28;Összes futási eredmény;[29, 29, 28, 28, 29, 29, 28, 28, 28, 28, 28, 29, 29, 28, 29, 28, 28, 28, 28, 28, 28, 28, 28, 28, 28, 28, 27, 28, 28, 28, 29, 29, 28, 29, 28, 28, 28, 28, 29, 28, 28, 28, 28, 28, 29, 29, 29, 28, 29, 28, 28, 28, 29, 28, 28, 28, 28, 28, 29, 28, 29, 28, 28, 28, 28, 28, 28, 28, 28, 28, 28, 29, 28, 28, 29, 28, 29, 29, 29, 29, 29, 28, 28, 28, 29, 28, 28, 29, 28, 28, 29, 28, 28, 28, 28, 28, 29, 28, 28, 28];Eredmények csoportosítva;{29: 29, 28: 70, 27: 1}
FFDBG-gn4-bx5-rt100; ;Átlag;28.16;Összes futási eredmény;[28, 27, 28, 29, 28, 28, 28, 28, 28, 29, 29, 28, 28, 28, 28, 28, 28, 28, 28, 28, 28, 28, 28, 29, 28, 28, 29, 28, 28, 28, 28, 28, 28, 28, 28, 28, 28, 28, 28, 29, 28, 28, 29, 28, 29, 28, 27, 28, 28, 28, 28, 29, 28, 28, 28, 29, 29, 28, 29, 28, 28, 28, 28, 27, 28, 28, 28, 27, 28, 28, 29, 28, 28, 28, 28, 28, 28, 28, 29, 29, 29, 28, 28, 28, 28, 28, 28, 29, 28, 28, 27, 28, 28, 29, 29, 28, 29, 28, 29, 28];Eredmények csoportosítva;{28: 74, 27: 5, 29: 21}
FFDBG-gn4-bx4-rt100; ;Átlag;28.24;Összes futási eredmény;[28, 28, 28, 28, 28, 28, 28, 28, 29, 28, 28, 28, 28, 28, 29, 28, 28, 28, 28, 28, 29, 28, 28, 29, 28, 27, 29, 28, 28, 28, 29, 28, 28, 29, 28, 29, 29, 28, 28, 28, 29, 28, 28, 28, 28, 28, 28, 28, 29, 28, 28, 29, 28, 28, 28, 29, 28, 29, 29, 28, 28, 28, 28, 29, 29, 29, 28, 27, 28, 28, 28, 29, 28, 29, 28, 28, 28, 29, 28, 29, 28, 29, 29, 28, 28, 28, 29, 28, 28, 28, 27, 28, 29, 28, 28, 29, 28, 28, 28, 28];Eredmények csoportosítva;{28: 70, 29: 27, 27: 3}
FFDBG-gn5-bx3-rt100; ;Átlag;28.17;Összes futási eredmény;[28, 28, 28, 28, 28, 28, 28, 28, 28, 28, 28, 28, 28, 28, 28, 28, 28, 28, 28, 28, 28, 28, 28, 28, 29, 28, 28, 29, 28, 28, 28, 28, 28, 28, 29, 28, 28, 28, 29, 29, 28, 28, 28, 28, 29, 28, 28, 29, 28, 28, 28, 29, 28, 29, 28, 29, 28, 28, 28, 27, 29, 29, 29, 28, 28, 28, 29, 28, 29, 28, 28, 28, 27, 28, 28, 28, 28, 28, 29, 29, 28, 28, 28, 28, 28, 29, 28, 28, 28, 28, 28, 28, 28, 28, 28, 28, 28, 28, 29, 28];Eredmények csoportosítva;{28: 79, 29: 19, 27: 2}
FFDBox-bx3-rt100; ;Átlag;28.17;Összes futási eredmény;[28, 28, 28, 28, 28, 28, 28, 28, 27, 29, 28, 29, 28, 28, 28, 28, 28, 29, 28, 28, 28, 28, 28, 28, 28, 29, 28, 29, 29, 28, 29, 29, 28, 28, 28, 28, 29, 29, 29, 28, 29, 28, 28, 28, 28, 28, 28, 28, 28, 28, 28, 29, 28, 28, 28, 28, 29, 28, 28, 28, 28, 28, 28, 28, 28, 28, 28, 28, 29, 28, 29, 28, 28, 28, 28, 28, 28, 28, 28, 28, 28, 28, 28, 28, 28, 28, 28, 29, 28, 28, 28, 28, 28, 28, 28, 28, 29, 28, 29, 27];Eredmények csoportosítva;{28: 79, 27: 2, 29: 19}
FFDBox-bx4-rt100; ;Átlag;28.32;Összes futási eredmény;[29, 28, 28, 29, 28, 28, 28, 28, 28, 29, 28, 27, 29, 28, 28, 29, 28, 28, 28, 28, 28, 28, 29, 28, 28, 28, 28, 29, 28, 28, 28, 28, 28, 29, 28, 28, 28, 28, 28, 28, 28, 29, 28, 28, 28, 28, 28, 29, 28, 28, 28, 29, 29, 29, 29, 29, 28, 28, 28, 29, 29, 29, 28, 28, 29, 29, 28, 28, 28, 29, 28, 28, 28, 27, 28, 29, 29, 29, 28, 28, 29, 28, 29, 28, 28, 29, 29, 28, 28, 28, 28, 29, 28, 29, 28, 29, 28, 29, 29, 29];Eredmények csoportosítva;{29: 34, 28: 64, 27: 2}
FFDBox-bx5-rt100; ;Átlag;28.19;Összes futási eredmény;[28, 28, 29, 28, 28, 28, 29, 28, 29, 28, 28, 28, 29, 28, 29, 28, 28, 28, 28, 28, 28, 28, 28, 28, 29, 29, 28, 28, 28, 28, 28, 28, 29, 28, 28, 28, 28, 28, 29, 28, 28, 28, 27, 29, 28, 29, 28, 28, 28, 28, 28, 28, 28, 29, 29, 28, 28, 29, 28, 27, 28, 28, 27, 28, 28, 28, 28, 28, 28, 29, 28, 29, 28, 28, 29, 28, 28, 28, 28, 28, 28, 28, 29, 28, 28, 28, 28, 28, 29, 28, 29, 29, 28, 28, 28, 29, 28, 29, 27, 28];Eredmények csoportosítva;{28: 73, 29: 23, 27: 4}
FFDBox-bx6-rt100; ;Átlag;28.29;Összes futási eredmény;[29, 29, 28, 28, 28, 29, 28, 29, 28, 28, 28, 28, 28, 29, 28, 28, 29, 28, 28, 28, 28, 28, 28, 28, 28, 28, 28, 28, 29, 28, 28, 29, 28, 28, 28, 28, 28, 28, 28, 29, 28, 29, 28, 28, 29, 29, 29, 28, 29, 29, 29, 29, 29, 28, 29, 29, 29, 28, 28, 29, 28, 28, 28, 29, 29, 29, 29, 28, 28, 28, 28, 28, 29, 28, 28, 28, 28, 28, 29, 28, 28, 28, 28, 29, 28, 28, 28, 28, 28, 28, 28, 28, 28, 28, 28, 28, 28, 28, 28, 28];Eredmények csoportosítva;{29: 29, 28: 71}
FFDGroups-gn3-rt100; ;Átlag;28.43;Összes futási eredmény;[29, 29, 28, 29, 29, 28, 29, 29, 29, 28, 29, 28, 28, 29, 29, 28, 29, 28, 28, 29, 28, 28, 29, 28, 28, 28, 28, 28, 29, 28, 29, 29, 28, 28, 29, 28, 29, 28, 29, 28, 28, 29, 29, 28, 28, 28, 29, 28, 28, 28, 29, 29, 28, 28, 28, 29, 29, 28, 29, 29, 29, 27, 29, 28, 28, 28, 28, 28, 28, 29, 28, 28, 28, 29, 28, 28, 29, 29, 28, 29, 29, 29, 28, 28, 29, 28, 29, 28, 29, 28, 28, 28, 28, 28, 29, 29, 29, 28, 28, 29];Eredmények csoportosítva;{29: 44, 28: 55, 27: 1}
FFDGroups-gn4-rt100; ;Átlag;28.43;Összes futási eredmény;[29, 29, 28, 29, 29, 28, 28, 29, 28, 29, 28, 27, 29, 28, 28, 29, 28, 28, 28, 29, 28, 28, 28, 29, 28, 28, 29, 29, 29, 28, 28, 29, 29, 29, 28, 28, 29, 28, 29, 28, 28, 29, 29, 28, 29, 29, 29, 29, 28, 29, 28, 28, 28, 28, 28, 28, 29, 28, 28, 28, 28, 28, 29, 29, 29, 28, 29, 29, 29, 28, 29, 28, 28, 28, 28, 28, 28, 28, 28, 28, 28, 28, 28, 29, 28, 29, 28, 29, 29, 29, 29, 29, 29, 28, 28, 29, 29, 28, 28, 29];Eredmények csoportosítva;{29: 44, 28: 55, 27: 1}
FFDGroups-gn5-rt100; ;Átlag;28.43;Összes futási eredmény;[28, 29, 29, 28, 28, 28, 29, 28, 29, 29, 29, 29, 29, 28, 28, 28, 28, 29, 28, 28, 28, 29, 28, 29, 29, 29, 29, 28, 29, 28, 29, 28, 29, 29, 28, 28, 29, 28, 28, 28, 28, 28, 29, 29, 28, 29, 29, 29, 28, 28, 28, 30, 28, 29, 29, 28, 29, 28, 28, 29, 29, 28, 28, 28, 28, 28, 28, 29, 28, 28, 28, 29, 28, 28, 29, 29, 28, 28, 28, 29, 29, 28, 28, 29, 28, 28, 28, 28, 28, 28, 29, 29, 29, 28, 28, 29, 28, 28, 29, 28];Eredmények csoportosítva;{28: 58, 29: 41, 30: 1}
FFDGroups-gn6-rt100; ;Átlag;28.4;Összes futási eredmény;[28, 29, 28, 29, 28, 28, 28, 28, 28, 28, 28, 28, 29, 28, 27, 28, 28, 28, 29, 28, 28, 29, 29, 29, 29, 29, 29, 29, 29, 28, 29, 28, 29, 28, 28, 29, 29, 28, 29, 29, 28, 28, 28, 29, 28, 29, 28, 28, 29, 28, 29, 29, 29, 28, 28, 28, 29, 28, 28, 28, 29, 29, 28, 29, 28, 29, 28, 28, 29, 29, 29, 29, 28, 28, 28, 28, 28, 28, 28, 28, 29, 29, 29, 29, 29, 28, 28, 28, 28, 28, 28, 28, 28, 28, 28, 29, 29, 28, 29, 28];Eredmények csoportosítva;{28: 58, 29: 41, 27: 1}
FFDRatio-ra2-rt100; ;Átlag;30.1;Összes futási eredmény;[29, 29, 30, 30, 30, 30, 31, 30, 30, 29, 30, 30, 30, 30, 30, 30, 31, 30, 30, 30, 31, 30, 31, 30, 30, 31, 30, 30, 30, 30, 29, 30, 30, 30, 30, 30, 30, 30, 30, 30, 30, 30, 30, 30, 29, 30, 30, 30, 30, 31, 30, 30, 30, 30, 30, 30, 30, 31, 30, 30, 31, 30, 30, 31, 31, 30, 30, 30, 30, 31, 31, 31, 31, 30, 30, 30, 31, 30, 30, 29, 30, 30, 30, 30, 29, 30, 30, 30, 30, 31, 30, 31, 30, 30, 30, 29, 30, 30, 31, 30];Eredmények csoportosítva;{29: 8, 30: 74, 31: 18}
FFDRatio-ra3-rt100; ;Átlag;28.96;Összes futási eredmény;[29, 29, 29, 29, 29, 29, 28, 29, 28, 30, 30, 29, 30, 29, 29, 29, 29, 30, 29, 29, 29, 29, 29, 29, 28, 29, 29, 30, 28, 30, 29, 28, 29, 29, 29, 28, 28, 29, 29, 29, 29, 28, 29, 28, 30, 29, 29, 28, 29, 30, 28, 29, 29, 29, 29, 29, 29, 28, 29, 29, 29, 29, 29, 30, 29, 28, 29, 30, 29, 29, 28, 30, 30, 29, 29, 28, 30, 29, 28, 29, 29, 29, 30, 29, 30, 29, 29, 28, 29, 29, 29, 28, 29, 29, 28, 29, 30, 30, 28, 28];Eredmények csoportosítva;{29: 62, 28: 21, 30: 17}
FFDRatio-ra4-rt100; ;Átlag;28.92;Összes futási eredmény;[29, 28, 29, 30, 29, 29, 29, 29, 29, 29, 29, 29, 28, 29, 29, 29, 29, 29, 29, 29, 29, 29, 29, 29, 28, 29, 30, 29, 29, 29, 29, 29, 29, 29, 29, 29, 29, 29, 29, 29, 29, 29, 29, 29, 29, 29, 29, 29, 30, 29, 29, 28, 29, 29, 29, 30, 28, 28, 29, 28, 29, 29, 30, 29, 28, 29, 29, 29, 30, 29, 29, 29, 29, 28, 29, 29, 29, 28, 29, 29, 29, 29, 29, 29, 29, 28, 29, 28, 29, 28, 29, 28, 29, 29, 29, 29, 29, 29, 29, 29];Eredmények csoportosítva;{29: 80, 28: 14, 30: 6}
FFDRatio-ra5-rt100; ;Átlag;28.86;Összes futási eredmény;[29, 29, 29, 29, 29, 29, 28, 28, 30, 29, 29, 29, 29, 28, 29, 29, 29, 29, 29, 29, 28, 29, 28, 29, 29, 29, 29, 29, 29, 29, 29, 29, 29, 29, 29, 29, 29, 29, 29, 29, 29, 29, 29, 29, 29, 29, 29, 28, 29, 29, 28, 29, 29, 29, 29, 29, 29, 29, 29, 29, 29, 28, 29, 29, 29, 28, 29, 29, 29, 28, 29, 29, 29, 29, 29, 29, 29, 29, 28, 29, 29, 29, 29, 29, 29, 28, 29, 29, 28, 29, 29, 29, 29, 29, 29, 29, 29, 28, 29, 28];Eredmények csoportosítva;{29: 84, 28: 15, 30: 1}
FFDRatio-ra10-rt100; ;Átlag;28.48;Összes futási eredmény;[29, 29, 28, 28, 29, 28, 28, 29, 29, 28, 29, 29, 28, 28, 29, 29, 28, 29, 29, 28, 29, 29, 28, 29, 29, 28, 29, 28, 28, 28, 28, 28, 29, 29, 29, 29, 29, 28, 29, 29, 28, 29, 29, 29, 29, 29, 28, 29, 28, 29, 28, 28, 28, 28, 29, 29, 28, 28, 29, 28, 28, 28, 28, 29, 29, 29, 28, 28, 28, 29, 28, 29, 28, 28, 29, 28, 28, 29, 28, 28, 29, 28, 29, 28, 29, 28, 28, 29, 28, 29, 28, 28, 28, 28, 28, 29, 28, 28, 29, 29];Eredmények csoportosítva;{29: 48, 28: 52}
FFDVal-rt100; ;Átlag;29.23;Összes futási eredmény;[29, 30, 28, 29, 30, 30, 29, 30, 29, 29, 30, 29, 30, 31, 29, 29, 29, 28, 29, 29, 29, 29, 30, 29, 30, 30, 29, 29, 29, 30, 30, 30, 29, 30, 29, 29, 30, 29, 30, 29, 29, 29, 29, 30, 29, 29, 29, 29, 28, 29, 29, 29, 29, 29, 29, 29, 30, 29, 29, 29, 30, 29, 29, 30, 29, 29, 29, 30, 29, 29, 29, 29, 29, 30, 30, 29, 29, 29, 29, 29, 29, 29, 30, 28, 28, 30, 30, 28, 30, 29, 29, 30, 30, 29, 29, 29, 28, 29, 29, 29];Eredmények csoportosítva;{29: 64, 30: 28, 28: 7, 31: 1}
L2NotDet-gp1-rn25; ;Átlag;26.0;Összes futási eredmény;[26, 26, 26, 26, 26, 26, 26, 26, 26, 26, 26, 26, 26, 26, 26, 26, 26, 26, 26, 26, 26, 26, 26, 26, 26];Eredmények csoportosítva;{26: 25}
L2NotDet-gp3-rn25; ;Átlag;26.0;Összes futási eredmény;[26, 26, 26, 26, 26, 26, 26, 26, 26, 26, 26, 26, 26, 26, 26, 26, 26, 26, 26, 26, 26, 26, 26, 26, 26];Eredmények csoportosítva;{26: 25}
L2NotDet-gp5-rn25; ;Átlag;26.0;Összes futási eredmény;[26, 26, 26, 26, 26, 26, 26, 26, 26, 26, 26, 26, 26, 26, 26, 26, 26, 26, 26, 26, 26, 26, 26, 26, 26];Eredmények csoportosítva;{26: 25}
