Alsó Korlát;102
FFD-bin-sum;111
FFD-bin-avg;111
FFD-bin-prod;112
FFD-item-sum;111
FFD-item-avg;111
FFD-item-prod;111
dotP-gp1;106
dotP-gp2;106
dotP-gp3;106
dotP-gp4;107
L2-gp1;105
L2-gp2;105
L2-gp3;106
L2-gp4;106
FFDRev;121
FFDRevAdv;122
FFDMP-1.0;111
FFDMP-0.9;111
FFDMP-0.8;111
FFDMP-0.75;111
FFDBox-bx3-rt100; ;Átlag;110.63;Összes futási eredmény;[112, 110, 109, 111, 111, 110, 109, 111, 112, 111, 110, 110, 111, 111, 111, 111, 111, 112, 111, 110, 110, 112, 110, 110, 112, 110, 110, 112, 110, 111, 110, 111, 110, 111, 110, 111, 110, 111, 112, 110, 111, 110, 111, 110, 112, 109, 111, 110, 111, 110, 110, 110, 112, 111, 111, 110, 111, 111, 112, 109, 110, 111, 111, 111, 111, 111, 112, 110, 110, 110, 111, 110, 112, 110, 110, 111, 110, 111, 110, 110, 110, 111, 111, 110, 111, 111, 111, 110, 109, 111, 110, 111, 111, 110, 111, 111, 111, 112, 110, 110];Eredmények csoportosítva;{112: 13, 110: 40, 109: 5, 111: 42}
FFDBox-bx4-rt100; ;Átlag;110.53;Összes futási eredmény;[111, 110, 110, 110, 110, 112, 111, 111, 111, 111, 111, 111, 110, 110, 111, 110, 112, 109, 111, 111, 110, 110, 110, 111, 110, 111, 110, 112, 112, 112, 110, 110, 110, 111, 110, 112, 110, 111, 110, 111, 111, 110, 111, 110, 110, 110, 111, 110, 110, 110, 110, 111, 111, 111, 111, 110, 111, 110, 111, 111, 110, 110, 109, 111, 110, 111, 111, 110, 110, 110, 110, 110, 111, 111, 111, 111, 110, 110, 109, 111, 109, 110, 110, 111, 111, 112, 110, 111, 112, 110, 110, 110, 110, 111, 111, 111, 110, 110, 111, 111];Eredmények csoportosítva;{111: 41, 110: 47, 112: 8, 109: 4}
FFDBox-bx5-rt100; ;Átlag;110.5;Összes futási eredmény;[111, 112, 110, 109, 112, 110, 110, 109, 111, 111, 110, 111, 110, 110, 110, 111, 111, 111, 109, 111, 110, 111, 111, 111, 112, 109, 111, 110, 110, 110, 111, 109, 111, 111, 111, 110, 111, 111, 110, 112, 109, 109, 111, 109, 110, 111, 112, 112, 111, 110, 111, 112, 111, 112, 110, 111, 110, 110, 110, 112, 110, 111, 109, 111, 110, 111, 110, 111, 110, 110, 109, 110, 110, 112, 110, 110, 110, 111, 111, 110, 110, 111, 110, 111, 110, 110, 112, 110, 111, 111, 109, 111, 110, 111, 112, 111, 110, 110, 110, 110];Eredmények csoportosítva;{111: 37, 112: 12, 110: 40, 109: 11}
FFDBox-bx6-rt100; ;Átlag;110.58;Összes futási eredmény;[109, 112, 111, 110, 112, 111, 111, 109, 110, 110, 112, 110, 111, 111, 112, 109, 110, 111, 110, 111, 111, 110, 110, 112, 110, 110, 111, 111, 110, 110, 111, 111, 110, 111, 110, 111, 110, 111, 111, 110, 112, 110, 109, 111, 110, 111, 111, 110, 110, 111, 111, 110, 110, 111, 109, 112, 110, 111, 111, 109, 110, 110, 110, 111, 113, 112, 111, 111, 112, 111, 110, 111, 109, 111, 111, 110, 110, 111, 112, 110, 111, 111, 111, 110, 109, 111, 110, 110, 110, 111, 111, 110, 110, 110, 111, 111, 110, 110, 112, 111];Eredmények csoportosítva;{109: 8, 112: 11, 111: 41, 110: 39, 113: 1}
FFDGroups-gn4-rt100; ;Átlag;111.32;Összes futási eredmény;[112, 112, 111, 110, 111, 112, 111, 112, 112, 113, 111, 110, 111, 112, 112, 111, 111, 112, 111, 111, 111, 111, 112, 112, 110, 112, 111, 111, 110, 111, 112, 111, 112, 111, 112, 110, 111, 111, 111, 111, 112, 112, 110, 110, 111, 110, 111, 112, 111, 111, 111, 111, 111, 111, 111, 111, 112, 111, 112, 112, 113, 111, 113, 111, 111, 112, 110, 111, 110, 111, 112, 111, 111, 112, 112, 110, 112, 111, 113, 111, 110, 113, 112, 111, 111, 112, 112, 110, 113, 112, 111, 111, 111, 112, 111, 112, 112, 111, 112, 111];Eredmények csoportosítva;{112: 33, 111: 48, 110: 13, 113: 6}
FFDGroups-gn6-rt100; ;Átlag;110.8;Összes futási eredmény;[110, 110, 111, 110, 111, 110, 110, 111, 110, 111, 112, 111, 112, 111, 110, 111, 111, 110, 111, 110, 111, 111, 111, 111, 112, 110, 110, 112, 110, 110, 112, 109, 110, 111, 111, 112, 110, 111, 110, 111, 110, 110, 110, 111, 110, 111, 110, 111, 111, 109, 111, 112, 111, 112, 112, 111, 112, 111, 111, 112, 110, 110, 111, 111, 111, 111, 110, 111, 111, 110, 111, 110, 110, 110, 111, 112, 111, 110, 109, 110, 110, 112, 112, 111, 110, 111, 110, 111, 110, 112, 110, 111, 111, 112, 112, 111, 112, 112, 112, 112];Eredmények csoportosítva;{110: 35, 111: 41, 112: 21, 109: 3}
FFDGroups-gn10-rt100; ;Átlag;110.46;Összes futási eredmény;[110, 110, 110, 110, 110, 111, 109, 110, 110, 111, 112, 112, 110, 111, 110, 111, 111, 110, 110, 111, 111, 110, 110, 110, 111, 111, 111, 111, 110, 110, 111, 111, 109, 112, 109, 112, 110, 110, 110, 110, 110, 111, 110, 110, 111, 110, 109, 110, 110, 112, 111, 111, 111, 110, 110, 110, 112, 111, 111, 110, 112, 112, 111, 109, 110, 109, 110, 110, 110, 110, 111, 111, 112, 109, 111, 111, 110, 111, 109, 110, 110, 109, 111, 110, 111, 111, 111, 110, 111, 110, 111, 110, 110, 110, 111, 111, 111, 110, 111, 111];Eredmények csoportosítva;{110: 45, 111: 37, 109: 9, 112: 9}
FFDGroups-gn20-rt100; ;Átlag;110.66;Összes futási eredmény;[111, 110, 111, 109, 109, 111, 111, 111, 110, 111, 110, 112, 111, 109, 109, 111, 112, 111, 112, 112, 109, 110, 110, 111, 112, 111, 111, 112, 110, 112, 111, 110, 111, 112, 111, 110, 111, 111, 110, 110, 109, 111, 111, 112, 111, 110, 112, 111, 110, 112, 111, 111, 111, 111, 110, 111, 109, 111, 111, 111, 110, 110, 112, 110, 111, 110, 109, 111, 110, 111, 113, 110, 110, 111, 110, 110, 111, 111, 109, 111, 110, 109, 112, 111, 110, 112, 109, 110, 112, 110, 112, 111, 113, 110, 111, 109, 110, 110, 110, 111];Eredmények csoportosítva;{111: 40, 110: 30, 109: 12, 112: 16, 113: 2}
FFDBG-gn4-bx4-rt100; ;Átlag;110.59;Összes futási eredmény;[110, 110, 111, 111, 111, 111, 110, 111, 110, 112, 112, 110, 111, 110, 111, 110, 111, 111, 110, 111, 110, 111, 111, 110, 110, 110, 112, 110, 110, 110, 109, 112, 110, 111, 112, 111, 110, 110, 110, 110, 110, 112, 109, 110, 110, 112, 111, 110, 112, 110, 110, 111, 110, 109, 111, 111, 111, 110, 111, 110, 111, 110, 111, 110, 111, 109, 111, 110, 112, 110, 110, 111, 111, 111, 110, 110, 111, 110, 111, 111, 111, 110, 111, 111, 110, 111, 111, 110, 110, 112, 112, 112, 109, 110, 111, 112, 110, 110, 111, 111];Eredmények csoportosítva;{110: 44, 111: 38, 112: 13, 109: 5}
FFDBG-gn6-bx4-rt100; ;Átlag;110.62;Összes futási eredmény;[111, 111, 111, 111, 110, 111, 110, 110, 109, 112, 111, 112, 112, 110, 111, 110, 111, 109, 111, 110, 111, 111, 111, 111, 110, 109, 111, 111, 111, 111, 110, 110, 110, 112, 111, 111, 111, 111, 111, 111, 110, 111, 109, 111, 110, 112, 111, 109, 112, 111, 111, 109, 111, 110, 110, 111, 110, 111, 110, 111, 111, 111, 111, 111, 109, 111, 109, 111, 110, 111, 111, 110, 109, 112, 110, 110, 110, 111, 110, 112, 110, 111, 110, 110, 111, 111, 110, 111, 112, 110, 111, 111, 111, 110, 111, 111, 110, 111, 112, 110];Eredmények csoportosítva;{111: 51, 110: 30, 109: 9, 112: 10}
FFDBG-gn5-bx3-rt100; ;Átlag;110.79;Összes futási eredmény;[110, 111, 111, 110, 110, 110, 111, 111, 112, 111, 111, 111, 111, 111, 110, 109, 111, 110, 110, 112, 111, 112, 112, 111, 110, 111, 110, 112, 110, 111, 112, 111, 111, 111, 111, 112, 111, 110, 110, 110, 111, 110, 111, 112, 110, 111, 111, 111, 111, 110, 110, 111, 109, 110, 110, 111, 109, 110, 111, 112, 113, 110, 112, 111, 111, 111, 112, 110, 110, 111, 112, 110, 110, 110, 109, 111, 110, 110, 112, 110, 111, 112, 110, 111, 111, 111, 112, 111, 111, 109, 112, 111, 112, 113, 110, 110, 111, 112, 111, 110];Eredmények csoportosítva;{110: 33, 111: 42, 112: 18, 109: 5, 113: 2}
FFDRatio-ra2-rt100; ;Átlag;119.11;Összes futási eredmény;[120, 119, 115, 120, 121, 121, 120, 116, 120, 116, 119, 120, 120, 119, 118, 118, 118, 119, 117, 120, 120, 121, 121, 120, 119, 120, 120, 119, 119, 119, 119, 122, 120, 120, 121, 119, 121, 121, 120, 116, 119, 120, 118, 120, 116, 121, 117, 115, 115, 119, 120, 121, 122, 120, 120, 119, 113, 120, 120, 120, 114, 118, 121, 120, 120, 121, 120, 120, 115, 121, 120, 120, 119, 117, 119, 118, 118, 118, 119, 119, 121, 121, 119, 119, 119, 114, 119, 117, 120, 120, 118, 121, 120, 119, 117, 121, 119, 120, 121, 121];Eredmények csoportosítva;{120: 32, 119: 23, 115: 4, 121: 18, 116: 4, 118: 9, 117: 5, 122: 2, 113: 1, 114: 2}
FFDRatio-ra5-rt100; ;Átlag;114.4;Összes futási eredmény;[116, 115, 114, 115, 114, 114, 114, 115, 114, 114, 113, 114, 114, 114, 115, 114, 114, 114, 114, 115, 115, 114, 114, 115, 114, 115, 115, 114, 114, 115, 114, 115, 114, 114, 114, 114, 113, 115, 114, 115, 115, 115, 115, 114, 114, 114, 114, 114, 115, 115, 115, 115, 114, 115, 114, 114, 115, 114, 115, 115, 115, 113, 114, 114, 113, 116, 114, 115, 113, 115, 115, 116, 113, 115, 114, 115, 116, 115, 114, 115, 114, 114, 113, 114, 114, 114, 116, 116, 113, 114, 115, 114, 114, 115, 115, 114, 115, 114, 114, 114];Eredmények csoportosítva;{116: 6, 115: 36, 114: 50, 113: 8}
FFDRatio-ra10-rt100; ;Átlag;113.25;Összes futási eredmény;[113, 114, 114, 114, 114, 113, 114, 115, 113, 114, 112, 114, 113, 113, 112, 115, 114, 114, 114, 112, 112, 115, 113, 112, 113, 112, 114, 115, 112, 113, 115, 112, 114, 114, 113, 112, 113, 113, 114, 113, 114, 116, 115, 113, 113, 112, 115, 112, 114, 114, 113, 113, 112, 112, 113, 113, 114, 114, 112, 113, 114, 113, 112, 114, 113, 112, 112, 112, 112, 113, 115, 112, 113, 115, 115, 112, 115, 113, 113, 112, 113, 113, 112, 112, 114, 113, 113, 112, 114, 113, 113, 113, 112, 112, 113, 115, 113, 114, 114, 113];Eredmények csoportosítva;{113: 35, 114: 25, 115: 12, 112: 27, 116: 1}
FFDRatio-ra15-rt100; ;Átlag;113.0;Összes futási eredmény;[112, 113, 114, 112, 112, 113, 113, 112, 115, 113, 112, 112, 112, 112, 112, 113, 112, 113, 112, 114, 115, 113, 112, 114, 112, 112, 114, 114, 112, 115, 112, 115, 113, 113, 113, 113, 112, 113, 112, 112, 113, 112, 112, 113, 112, 112, 113, 113, 113, 113, 115, 112, 114, 115, 112, 112, 112, 113, 112, 114, 113, 112, 112, 113, 112, 112, 114, 112, 113, 112, 113, 115, 114, 113, 113, 114, 114, 115, 112, 112, 113, 113, 113, 113, 112, 113, 113, 114, 112, 115, 114, 115, 115, 112, 115, 112, 114, 115, 112, 114];Eredmények csoportosítva;{112: 41, 113: 31, 114: 15, 115: 13}
FFDVal-rt100; ;Átlag;114.52;Összes futási eredmény;[115, 113, 114, 114, 115, 115, 115, 116, 112, 114, 114, 114, 115, 114, 115, 114, 115, 114, 113, 114, 116, 114, 115, 114, 115, 116, 115, 115, 114, 115, 114, 114, 115, 115, 115, 116, 116, 115, 115, 116, 115, 115, 114, 114, 115, 113, 116, 115, 113, 114, 114, 115, 114, 115, 115, 116, 114, 114, 114, 115, 114, 115, 115, 114, 114, 113, 116, 114, 113, 114, 114, 116, 116, 116, 114, 114, 113, 113, 115, 114, 114, 114, 115, 114, 114, 115, 114, 115, 115, 114, 115, 114, 116, 114, 116, 113, 116, 113, 115, 114];Eredmények csoportosítva;{115: 34, 113: 10, 114: 40, 116: 15, 112: 1}
L2NotDet-gp1-rn50; ;Átlag;103.0;Összes futási eredmény;[103, 103, 103, 103, 103, 103, 103, 103, 103, 103, 103, 103, 103, 103, 103, 103, 103, 103, 103, 103, 103, 103, 103, 103, 103, 103, 103, 103, 103, 103, 103, 103, 103, 103, 103, 103, 103, 103, 103, 103, 103, 103, 103, 103, 103, 103, 103, 103, 103, 103];Eredmények csoportosítva;{103: 50}
L2NotDet-gp3-rn50; ;Átlag;103.0;Összes futási eredmény;[103, 103, 103, 103, 103, 103, 103, 103, 103, 103, 103, 103, 103, 103, 103, 103, 103, 103, 103, 103, 103, 103, 103, 103, 103, 103, 103, 103, 103, 103, 103, 103, 103, 103, 103, 103, 103, 103, 103, 103, 103, 103, 103, 103, 103, 103, 103, 103, 103, 103];Eredmények csoportosítva;{103: 50}
L2NotDet-gp5-rn50; ;Átlag;103.0;Összes futási eredmény;[103, 103, 103, 103, 103, 103, 103, 103, 103, 103, 103, 103, 103, 103, 103, 103, 103, 103, 103, 103, 103, 103, 103, 103, 103, 103, 103, 103, 103, 103, 103, 103, 103, 103, 103, 103, 103, 103, 103, 103, 103, 103, 103, 103, 103, 103, 103, 103, 103, 103];Eredmények csoportosítva;{103: 50}
Alsó Korlát;102
Alsó Korlát;102
Alsó Korlát;102
