Alsó Korlát;201
FFD-bin-sum;216
FFD-bin-avg;216
FFD-bin-prod;217
FFD-item-sum;214
FFD-item-avg;214
FFD-item-prod;217
dotP-gp1;208
dotP-gp2;207
dotP-gp3;208
dotP-gp4;208
L2-gp1;206
L2-gp2;207
L2-gp3;208
L2-gp4;209
FFDRev;225
FFDRevAdv;226
FFDMP-1.0;214
FFDMP-0.9;214
FFDMP-0.8;214
FFDMP-0.75;215
FFDBox-bx3-rt100; ;Átlag;214.36;Összes futási eredmény;[213, 214, 215, 215, 213, 214, 213, 217, 216, 214, 215, 214, 213, 214, 216, 214, 215, 214, 214, 216, 215, 213, 215, 215, 215, 215, 213, 215, 215, 214, 214, 214, 213, 215, 214, 212, 213, 215, 214, 214, 215, 213, 215, 214, 212, 213, 215, 215, 214, 214, 217, 215, 214, 214, 214, 214, 214, 214, 215, 214, 216, 214, 215, 214, 214, 214, 213, 215, 216, 216, 214, 214, 214, 215, 215, 213, 215, 216, 214, 215, 217, 214, 214, 215, 213, 214, 215, 214, 213, 214, 213, 216, 212, 214, 214, 216, 214, 215, 215, 215];Eredmények csoportosítva;{213: 15, 214: 40, 215: 30, 217: 3, 216: 9, 212: 3}
FFDBox-bx4-rt100; ;Átlag;214.38;Összes futási eredmény;[214, 215, 214, 214, 215, 214, 214, 216, 216, 217, 216, 214, 214, 216, 213, 214, 214, 215, 215, 215, 215, 215, 215, 213, 215, 214, 213, 215, 217, 216, 214, 215, 216, 216, 213, 215, 215, 214, 214, 214, 216, 214, 214, 213, 216, 214, 215, 214, 215, 215, 213, 215, 216, 214, 215, 214, 213, 215, 214, 214, 215, 214, 214, 213, 215, 214, 216, 213, 214, 213, 215, 214, 212, 213, 213, 213, 214, 215, 213, 216, 215, 215, 213, 214, 215, 214, 213, 215, 214, 212, 214, 215, 212, 214, 214, 215, 212, 216, 214, 215];Eredmények csoportosítva;{214: 35, 215: 30, 216: 13, 217: 2, 213: 16, 212: 4}
FFDBox-bx5-rt100; ;Átlag;214.72;Összes futási eredmény;[217, 215, 216, 214, 214, 214, 215, 215, 217, 214, 214, 215, 214, 214, 215, 214, 215, 214, 215, 214, 214, 215, 216, 214, 215, 215, 213, 212, 215, 216, 216, 214, 216, 214, 213, 213, 216, 215, 214, 213, 214, 216, 213, 213, 215, 216, 216, 215, 215, 216, 213, 215, 216, 217, 215, 215, 215, 215, 214, 214, 215, 214, 214, 216, 216, 216, 214, 215, 213, 215, 215, 216, 215, 214, 214, 214, 215, 215, 215, 217, 215, 214, 215, 216, 216, 215, 214, 215, 215, 213, 213, 216, 214, 215, 214, 214, 214, 214, 215, 215];Eredmények csoportosítva;{217: 4, 215: 36, 216: 18, 214: 31, 213: 10, 212: 1}
FFDBox-bx6-rt100; ;Átlag;214.78;Összes futási eredmény;[214, 216, 214, 216, 214, 217, 214, 215, 216, 214, 214, 213, 215, 216, 213, 216, 215, 214, 215, 215, 215, 212, 214, 214, 216, 215, 215, 215, 215, 214, 215, 214, 215, 213, 214, 214, 214, 215, 217, 214, 215, 214, 216, 214, 216, 214, 212, 215, 215, 215, 215, 215, 215, 215, 215, 215, 212, 216, 216, 216, 215, 216, 217, 215, 213, 214, 214, 216, 215, 216, 215, 214, 215, 214, 215, 214, 215, 214, 215, 215, 214, 216, 213, 214, 216, 215, 215, 215, 216, 215, 216, 215, 215, 215, 215, 215, 214, 214, 216, 215];Eredmények csoportosítva;{214: 28, 216: 19, 217: 3, 215: 42, 213: 5, 212: 3}
FFDGroups-gn4-rt100; ;Átlag;217.04;Összes futási eredmény;[216, 217, 215, 217, 218, 218, 217, 216, 219, 217, 217, 218, 217, 217, 217, 217, 217, 216, 217, 217, 219, 216, 215, 217, 217, 217, 216, 218, 217, 217, 219, 217, 216, 219, 215, 217, 216, 216, 217, 218, 215, 216, 217, 217, 217, 219, 217, 216, 217, 217, 217, 218, 218, 217, 218, 216, 216, 216, 217, 218, 218, 216, 218, 216, 218, 217, 217, 217, 219, 217, 217, 217, 217, 217, 218, 218, 217, 219, 217, 217, 217, 216, 218, 218, 216, 217, 217, 219, 216, 218, 216, 217, 217, 217, 218, 217, 217, 216, 216, 216];Eredmények csoportosítva;{216: 22, 217: 48, 215: 4, 218: 18, 219: 8}
FFDGroups-gn6-rt100; ;Átlag;215.56;Összes futási eredmény;[213, 217, 214, 215, 215, 216, 215, 215, 215, 215, 215, 215, 215, 216, 216, 217, 214, 216, 216, 214, 216, 215, 217, 217, 216, 214, 214, 215, 213, 215, 214, 217, 214, 217, 216, 215, 216, 216, 216, 214, 215, 217, 216, 215, 216, 216, 216, 216, 217, 216, 215, 215, 214, 215, 216, 216, 216, 216, 216, 215, 216, 215, 215, 216, 216, 215, 217, 217, 216, 216, 215, 215, 217, 215, 216, 214, 216, 216, 215, 215, 216, 218, 215, 217, 214, 216, 217, 216, 215, 216, 217, 216, 215, 215, 217, 215, 216, 216, 215, 216];Eredmények csoportosítva;{213: 2, 217: 15, 214: 11, 215: 33, 216: 38, 218: 1}
FFDGroups-gn10-rt100; ;Átlag;215.55;Összes futási eredmény;[213, 216, 216, 216, 216, 213, 216, 216, 215, 215, 215, 216, 215, 215, 216, 218, 214, 216, 215, 214, 215, 216, 216, 215, 217, 214, 215, 218, 215, 216, 216, 216, 217, 215, 217, 216, 215, 214, 217, 215, 214, 216, 217, 215, 215, 215, 215, 214, 216, 214, 216, 216, 215, 216, 214, 215, 216, 216, 216, 215, 217, 216, 215, 216, 217, 214, 216, 215, 216, 217, 214, 215, 215, 215, 215, 214, 215, 216, 216, 216, 217, 215, 218, 216, 214, 216, 215, 216, 215, 215, 217, 217, 213, 215, 215, 216, 216, 216, 218, 218];Eredmények csoportosítva;{213: 3, 216: 36, 215: 33, 218: 5, 214: 12, 217: 11}
FFDGroups-gn20-rt100; ;Átlag;215.26;Összes futási eredmény;[215, 215, 215, 217, 215, 214, 215, 215, 215, 213, 217, 217, 214, 216, 215, 214, 216, 216, 216, 217, 215, 217, 214, 215, 214, 218, 214, 215, 216, 216, 215, 214, 216, 216, 215, 216, 215, 214, 215, 216, 216, 215, 215, 216, 215, 214, 215, 215, 215, 217, 215, 216, 215, 217, 216, 216, 217, 215, 215, 214, 214, 214, 213, 214, 214, 215, 214, 214, 216, 215, 216, 216, 216, 215, 215, 216, 217, 217, 215, 215, 217, 215, 215, 215, 214, 215, 215, 216, 214, 214, 217, 215, 215, 215, 212, 217, 216, 215, 217, 214];Eredmények csoportosítva;{215: 40, 217: 14, 214: 20, 213: 2, 216: 22, 218: 1, 212: 1}
FFDBG-gn4-bx4-rt100; ;Átlag;214.65;Összes futási eredmény;[216, 216, 215, 214, 215, 214, 215, 215, 215, 215, 214, 215, 214, 213, 213, 215, 216, 215, 215, 215, 215, 215, 215, 213, 215, 213, 214, 214, 213, 214, 217, 214, 215, 214, 214, 214, 214, 215, 215, 213, 213, 216, 215, 214, 215, 214, 215, 215, 213, 216, 214, 216, 216, 217, 214, 215, 215, 213, 214, 215, 216, 216, 214, 215, 215, 216, 214, 215, 213, 215, 215, 214, 215, 214, 216, 216, 214, 215, 216, 217, 214, 214, 215, 214, 214, 215, 214, 214, 214, 216, 215, 214, 214, 215, 213, 215, 213, 215, 215, 215];Eredmények csoportosítva;{216: 14, 215: 40, 214: 31, 213: 12, 217: 3}
FFDBG-gn6-bx4-rt100; ;Átlag;214.43;Összes futási eredmény;[214, 216, 215, 214, 213, 215, 214, 213, 215, 215, 213, 215, 216, 212, 215, 215, 213, 213, 215, 215, 215, 214, 216, 214, 213, 214, 213, 216, 215, 215, 214, 214, 215, 214, 215, 213, 215, 215, 215, 213, 213, 214, 215, 216, 214, 215, 215, 215, 215, 213, 214, 215, 214, 214, 216, 214, 214, 214, 214, 213, 214, 215, 214, 214, 214, 216, 214, 216, 216, 213, 214, 215, 213, 213, 216, 215, 216, 215, 215, 214, 214, 214, 214, 213, 215, 214, 215, 215, 215, 215, 215, 214, 217, 214, 214, 215, 213, 214, 214, 216];Eredmények csoportosítva;{214: 34, 216: 12, 215: 35, 213: 17, 212: 1, 217: 1}
FFDBG-gn5-bx3-rt100; ;Átlag;214.43;Összes futási eredmény;[215, 215, 215, 215, 215, 214, 214, 213, 214, 215, 216, 215, 213, 213, 213, 214, 214, 215, 213, 216, 214, 215, 214, 214, 214, 215, 215, 215, 214, 214, 214, 214, 215, 214, 213, 215, 215, 215, 214, 214, 214, 215, 214, 214, 215, 213, 215, 213, 216, 214, 217, 214, 216, 216, 214, 214, 213, 213, 216, 213, 215, 215, 211, 214, 216, 214, 216, 214, 216, 215, 214, 215, 215, 214, 213, 214, 215, 214, 214, 213, 216, 216, 214, 214, 215, 214, 215, 215, 214, 214, 215, 214, 214, 215, 214, 215, 215, 214, 214, 216];Eredmények csoportosítva;{215: 32, 214: 41, 213: 13, 216: 12, 217: 1, 211: 1}
FFDRatio-ra2-rt100; ;Átlag;228.18;Összes futási eredmény;[225, 225, 226, 237, 226, 223, 234, 227, 223, 222, 223, 228, 221, 228, 222, 231, 224, 220, 224, 225, 227, 235, 232, 235, 227, 226, 231, 232, 227, 230, 233, 231, 227, 221, 233, 222, 226, 234, 225, 231, 229, 230, 232, 228, 232, 235, 235, 228, 234, 228, 226, 235, 232, 225, 235, 235, 222, 226, 223, 229, 235, 225, 227, 224, 221, 224, 235, 233, 228, 225, 220, 222, 232, 235, 227, 234, 227, 232, 223, 236, 228, 229, 228, 229, 221, 227, 224, 225, 233, 226, 232, 222, 231, 227, 227, 226, 228, 235, 224, 233];Eredmények csoportosítva;{225: 8, 226: 8, 237: 1, 223: 5, 234: 4, 227: 11, 222: 6, 228: 9, 221: 4, 231: 5, 224: 6, 220: 2, 235: 11, 232: 8, 230: 2, 233: 5, 229: 4, 236: 1}
FFDRatio-ra5-rt100; ;Átlag;221.64;Összes futási eredmény;[222, 222, 224, 223, 221, 221, 221, 222, 220, 221, 222, 221, 224, 222, 222, 221, 220, 220, 222, 222, 222, 221, 221, 222, 222, 223, 222, 222, 221, 222, 220, 221, 222, 221, 221, 221, 223, 221, 221, 221, 221, 223, 222, 222, 222, 223, 221, 221, 224, 222, 221, 222, 223, 222, 222, 221, 221, 222, 223, 220, 220, 220, 222, 223, 222, 221, 222, 221, 220, 223, 222, 220, 222, 222, 221, 223, 221, 220, 221, 221, 222, 221, 221, 223, 224, 223, 221, 222, 223, 220, 224, 221, 220, 221, 222, 223, 222, 220, 222, 221];Eredmények csoportosítva;{222: 34, 224: 5, 223: 14, 221: 34, 220: 13}
FFDRatio-ra10-rt100; ;Átlag;218.51;Összes futási eredmény;[219, 218, 219, 218, 218, 218, 218, 218, 219, 218, 216, 219, 219, 219, 218, 219, 219, 218, 219, 218, 219, 219, 217, 219, 218, 218, 218, 218, 219, 218, 218, 219, 220, 220, 219, 219, 219, 217, 219, 220, 219, 220, 218, 217, 218, 218, 219, 217, 218, 219, 219, 219, 219, 218, 218, 219, 218, 219, 218, 218, 218, 220, 218, 218, 219, 218, 218, 218, 218, 219, 218, 219, 219, 218, 219, 219, 218, 219, 219, 219, 219, 218, 220, 219, 218, 218, 219, 219, 217, 219, 218, 219, 219, 219, 220, 218, 218, 218, 219, 218];Eredmények csoportosítva;{219: 44, 218: 43, 216: 1, 217: 5, 220: 7}
FFDRatio-ra15-rt100; ;Átlag;217.15;Összes futási eredmény;[216, 216, 217, 217, 217, 218, 217, 218, 216, 217, 218, 217, 218, 217, 218, 217, 218, 216, 218, 217, 216, 217, 219, 219, 217, 217, 217, 217, 218, 217, 218, 218, 216, 217, 218, 218, 218, 218, 217, 216, 216, 218, 218, 217, 216, 217, 217, 216, 217, 218, 217, 218, 218, 217, 218, 216, 217, 217, 218, 216, 216, 216, 217, 216, 217, 218, 217, 218, 216, 218, 217, 218, 217, 217, 217, 218, 217, 218, 216, 217, 218, 218, 217, 218, 217, 217, 217, 216, 216, 217, 217, 217, 215, 216, 216, 218, 218, 218, 218, 217];Eredmények csoportosítva;{216: 21, 217: 42, 218: 34, 219: 2, 215: 1}
FFDVal-rt100; ;Átlag;222.36;Összes futási eredmény;[222, 223, 221, 221, 224, 223, 222, 220, 221, 221, 222, 223, 221, 222, 223, 222, 221, 225, 223, 220, 222, 223, 223, 223, 220, 223, 222, 221, 221, 221, 223, 223, 224, 223, 224, 223, 224, 223, 222, 224, 223, 224, 221, 222, 222, 221, 222, 223, 224, 222, 223, 225, 224, 222, 221, 223, 223, 220, 223, 223, 223, 222, 222, 221, 222, 223, 220, 223, 220, 224, 223, 222, 222, 222, 223, 222, 224, 221, 223, 222, 222, 223, 223, 223, 222, 222, 222, 221, 224, 222, 222, 222, 222, 221, 224, 223, 223, 223, 222, 223];Eredmények csoportosítva;{222: 30, 223: 34, 221: 16, 224: 12, 220: 6, 225: 2}
L2NotDet-gp1-rn50; ;Átlag;201.0;Összes futási eredmény;[201, 201, 201, 201, 201, 201, 201, 201, 201, 201, 201, 201, 201, 201, 201, 201, 201, 201, 201, 201, 201, 201, 201, 201, 201, 201, 201, 201, 201, 201, 201, 201, 201, 201, 201, 201, 201, 201, 201, 201, 201, 201, 201, 201, 201, 201, 201, 201, 201, 201];Eredmények csoportosítva;{201: 50}
L2NotDet-gp3-rn50; ;Átlag;201.0;Összes futási eredmény;[201, 201, 201, 201, 201, 201, 201, 201, 201, 201, 201, 201, 201, 201, 201, 201, 201, 201, 201, 201, 201, 201, 201, 201, 201, 201, 201, 201, 201, 201, 201, 201, 201, 201, 201, 201, 201, 201, 201, 201, 201, 201, 201, 201, 201, 201, 201, 201, 201, 201];Eredmények csoportosítva;{201: 50}
L2NotDet-gp5-rn50; ;Átlag;201.0;Összes futási eredmény;[201, 201, 201, 201, 201, 201, 201, 201, 201, 201, 201, 201, 201, 201, 201, 201, 201, 201, 201, 201, 201, 201, 201, 201, 201, 201, 201, 201, 201, 201, 201, 201, 201, 201, 201, 201, 201, 201, 201, 201, 201, 201, 201, 201, 201, 201, 201, 201, 201, 201];Eredmények csoportosítva;{201: 50}
Alsó Korlát;201
Alsó Korlát;201
