Alsó Korlát;102
FFD-bin-sum;112
FFD-bin-avg;112
FFD-bin-prod;112
FFD-item-sum;110
FFD-item-avg;110
FFD-item-prod;110
dotP-gp1;106
dotP-gp2;106
dotP-gp3;106
dotP-gp4;107
L2-gp1;105
L2-gp2;106
L2-gp3;106
L2-gp4;107
FFDRev;118
FFDRevAdv;117
FFDMP-1.0;109
FFDMP-0.9;110
FFDMP-0.8;110
FFDMP-0.75;110
FFDBox-bx3-rt100; ;Átlag;109.67;Összes futási eredmény;[110, 110, 110, 110, 109, 108, 110, 110, 110, 110, 110, 109, 110, 109, 110, 109, 110, 109, 110, 110, 109, 109, 110, 110, 108, 109, 110, 110, 109, 109, 110, 109, 108, 110, 110, 108, 110, 111, 109, 111, 110, 110, 110, 110, 110, 110, 110, 110, 110, 110, 109, 109, 110, 110, 110, 110, 110, 110, 109, 111, 111, 110, 109, 109, 110, 110, 110, 110, 110, 110, 111, 110, 110, 109, 109, 110, 110, 110, 110, 109, 110, 109, 110, 109, 109, 109, 110, 110, 111, 110, 110, 110, 110, 109, 108, 109, 110, 108, 110, 109];Eredmények csoportosítva;{110: 61, 109: 27, 108: 6, 111: 6}
FFDBox-bx4-rt100; ;Átlag;109.59;Összes futási eredmény;[110, 110, 109, 109, 110, 109, 109, 109, 108, 110, 109, 110, 109, 112, 110, 111, 109, 110, 110, 109, 108, 109, 110, 110, 109, 109, 109, 108, 109, 108, 110, 109, 110, 110, 108, 109, 109, 111, 110, 109, 110, 110, 110, 109, 110, 109, 110, 109, 109, 110, 109, 110, 111, 110, 109, 110, 110, 109, 110, 109, 109, 110, 110, 110, 111, 110, 109, 109, 110, 110, 110, 110, 110, 109, 110, 109, 110, 109, 109, 110, 111, 109, 111, 110, 110, 109, 110, 110, 110, 109, 110, 110, 110, 110, 110, 110, 109, 109, 110, 109];Eredmények csoportosítva;{110: 49, 109: 39, 108: 5, 112: 1, 111: 6}
FFDBox-bx5-rt100; ;Átlag;109.55;Összes futási eredmény;[109, 109, 110, 110, 109, 111, 110, 110, 109, 110, 110, 110, 109, 108, 108, 110, 109, 110, 109, 109, 110, 109, 110, 109, 110, 109, 109, 109, 111, 109, 109, 110, 110, 110, 109, 109, 110, 110, 109, 109, 109, 111, 109, 109, 110, 110, 110, 110, 109, 109, 109, 111, 109, 109, 109, 110, 108, 110, 108, 110, 109, 109, 109, 109, 110, 110, 111, 110, 109, 110, 111, 110, 110, 108, 109, 110, 110, 110, 110, 109, 109, 109, 110, 110, 109, 110, 110, 110, 109, 109, 110, 112, 110, 110, 109, 110, 109, 109, 110, 110];Eredmények csoportosítva;{109: 43, 110: 45, 111: 6, 108: 5, 112: 1}
FFDBox-bx6-rt100; ;Átlag;109.64;Összes futási eredmény;[111, 109, 111, 109, 110, 108, 110, 109, 111, 110, 110, 109, 109, 109, 110, 109, 109, 110, 109, 110, 109, 109, 111, 109, 109, 110, 110, 108, 110, 110, 110, 109, 108, 109, 110, 109, 110, 109, 109, 110, 110, 110, 109, 111, 109, 111, 110, 110, 110, 110, 113, 111, 110, 110, 109, 110, 110, 109, 110, 111, 110, 109, 110, 111, 110, 110, 110, 109, 108, 109, 109, 109, 110, 111, 109, 110, 109, 109, 110, 110, 110, 110, 109, 108, 109, 109, 111, 110, 109, 110, 110, 108, 110, 110, 109, 109, 110, 110, 109, 109];Eredmények csoportosítva;{111: 11, 109: 38, 110: 44, 108: 6, 113: 1}
FFDGroups-gn4-rt100; ;Átlag;110.36;Összes futási eredmény;[111, 110, 110, 109, 111, 112, 110, 110, 112, 110, 110, 110, 110, 110, 110, 111, 110, 110, 110, 111, 110, 110, 110, 111, 111, 110, 109, 110, 111, 111, 110, 110, 111, 111, 111, 109, 110, 111, 110, 111, 110, 110, 110, 111, 110, 110, 111, 110, 110, 110, 110, 111, 111, 110, 110, 110, 109, 112, 109, 111, 111, 111, 110, 110, 111, 110, 110, 109, 110, 111, 110, 111, 111, 111, 109, 112, 111, 110, 111, 109, 110, 111, 111, 111, 110, 110, 110, 111, 110, 111, 110, 110, 111, 109, 111, 110, 112, 109, 111, 111];Eredmények csoportosítva;{111: 36, 110: 49, 109: 10, 112: 5}
FFDGroups-gn6-rt100; ;Átlag;110.06;Összes futási eredmény;[110, 109, 111, 110, 110, 110, 110, 111, 109, 110, 111, 110, 109, 110, 110, 110, 109, 111, 111, 110, 110, 110, 110, 110, 110, 110, 110, 110, 110, 111, 109, 111, 110, 111, 109, 110, 109, 110, 110, 112, 109, 111, 110, 110, 110, 110, 109, 110, 110, 110, 110, 110, 110, 111, 111, 110, 111, 109, 110, 110, 110, 110, 111, 110, 110, 110, 109, 110, 111, 110, 110, 110, 110, 109, 110, 110, 109, 111, 110, 110, 110, 111, 110, 109, 110, 109, 110, 110, 110, 110, 111, 111, 110, 111, 110, 110, 110, 109, 111, 110];Eredmények csoportosítva;{110: 63, 109: 16, 111: 20, 112: 1}
FFDGroups-gn10-rt100; ;Átlag;109.51;Összes futási eredmény;[109, 110, 110, 111, 109, 111, 111, 109, 109, 110, 110, 109, 109, 110, 109, 109, 110, 108, 110, 109, 109, 109, 111, 110, 110, 112, 109, 111, 109, 109, 109, 110, 110, 109, 110, 111, 109, 111, 110, 109, 109, 109, 109, 109, 109, 108, 109, 109, 110, 108, 109, 109, 108, 109, 110, 110, 110, 109, 109, 109, 109, 109, 110, 109, 110, 108, 109, 110, 110, 108, 110, 110, 110, 110, 109, 109, 110, 110, 111, 109, 109, 110, 111, 109, 110, 108, 109, 109, 110, 110, 112, 109, 110, 110, 110, 110, 109, 108, 109, 109];Eredmények csoportosítva;{109: 46, 110: 35, 111: 9, 108: 8, 112: 2}
FFDGroups-gn20-rt100; ;Átlag;109.83;Összes futási eredmény;[111, 108, 109, 111, 111, 109, 109, 110, 109, 111, 110, 110, 109, 111, 110, 110, 110, 110, 110, 110, 110, 111, 109, 109, 110, 110, 110, 109, 109, 110, 111, 111, 110, 110, 110, 109, 111, 110, 109, 111, 111, 109, 110, 109, 110, 109, 110, 109, 110, 109, 109, 110, 110, 111, 110, 110, 109, 110, 109, 110, 111, 110, 109, 110, 111, 109, 108, 110, 110, 109, 110, 109, 110, 109, 111, 110, 110, 110, 111, 109, 111, 109, 110, 110, 110, 110, 110, 110, 111, 109, 109, 109, 109, 109, 111, 110, 109, 110, 110, 110];Eredmények csoportosítva;{111: 19, 108: 2, 109: 32, 110: 47}
FFDBG-gn4-bx4-rt100; ;Átlag;109.58;Összes futási eredmény;[109, 110, 109, 110, 109, 109, 110, 108, 110, 110, 110, 108, 110, 111, 109, 109, 110, 110, 109, 110, 110, 110, 109, 110, 111, 109, 109, 108, 111, 108, 110, 110, 109, 109, 110, 109, 109, 110, 110, 110, 110, 109, 108, 109, 110, 109, 109, 109, 110, 109, 109, 109, 108, 110, 109, 109, 109, 108, 111, 110, 108, 110, 110, 110, 109, 110, 110, 108, 111, 109, 109, 109, 109, 110, 111, 109, 109, 111, 112, 110, 110, 109, 111, 110, 110, 111, 110, 110, 111, 109, 109, 110, 109, 110, 111, 111, 110, 109, 110, 109];Eredmények csoportosítva;{109: 38, 110: 40, 108: 9, 111: 12, 112: 1}
FFDBG-gn6-bx4-rt100; ;Átlag;109.54;Összes futási eredmény;[109, 109, 109, 109, 110, 111, 110, 110, 109, 109, 109, 108, 109, 109, 110, 110, 110, 111, 110, 110, 109, 110, 110, 108, 109, 110, 110, 110, 111, 110, 109, 110, 111, 110, 109, 109, 110, 109, 109, 110, 109, 111, 111, 109, 111, 109, 109, 109, 108, 110, 110, 112, 110, 109, 109, 108, 110, 111, 109, 110, 109, 110, 109, 109, 109, 109, 109, 109, 110, 109, 111, 109, 109, 109, 110, 110, 109, 110, 110, 109, 109, 111, 111, 110, 110, 110, 108, 109, 108, 110, 108, 110, 110, 108, 110, 110, 110, 108, 109, 109];Eredmények csoportosítva;{109: 41, 110: 38, 111: 11, 108: 9, 112: 1}
FFDBG-gn5-bx3-rt100; ;Átlag;109.61;Összes futási eredmény;[110, 111, 110, 110, 110, 110, 110, 110, 108, 110, 110, 110, 109, 111, 109, 110, 109, 109, 109, 110, 109, 109, 110, 109, 109, 110, 110, 110, 109, 109, 110, 110, 110, 109, 109, 110, 110, 109, 110, 110, 110, 110, 110, 110, 109, 110, 110, 109, 110, 109, 109, 111, 108, 110, 110, 110, 109, 110, 111, 109, 109, 110, 109, 110, 109, 108, 109, 109, 111, 111, 109, 109, 109, 109, 111, 110, 109, 110, 109, 109, 109, 109, 110, 109, 111, 109, 109, 110, 110, 110, 110, 110, 110, 110, 109, 108, 109, 110, 110, 110];Eredmények csoportosítva;{110: 49, 111: 8, 108: 4, 109: 39}
FFDRatio-ra2-rt100; ;Átlag;116.27;Összes futási eredmény;[115, 118, 116, 117, 114, 117, 116, 118, 117, 116, 117, 117, 115, 116, 115, 114, 117, 117, 114, 115, 117, 116, 112, 118, 117, 116, 119, 116, 115, 115, 118, 116, 118, 117, 116, 117, 115, 115, 116, 118, 116, 113, 117, 117, 116, 115, 117, 118, 114, 116, 117, 115, 116, 116, 116, 112, 112, 115, 119, 118, 114, 115, 117, 117, 117, 117, 117, 118, 117, 113, 115, 114, 115, 117, 115, 118, 117, 118, 118, 115, 115, 116, 117, 118, 118, 117, 118, 119, 118, 117, 115, 115, 113, 118, 117, 117, 118, 117, 118, 119];Eredmények csoportosítva;{115: 19, 118: 19, 116: 17, 117: 29, 114: 6, 112: 3, 119: 4, 113: 3}
FFDRatio-ra5-rt100; ;Átlag;112.12;Összes futási eredmény;[112, 111, 112, 111, 112, 112, 112, 111, 113, 112, 112, 112, 110, 113, 112, 112, 114, 111, 113, 112, 113, 111, 112, 111, 112, 111, 112, 112, 112, 112, 113, 112, 113, 112, 112, 111, 112, 112, 112, 111, 113, 111, 111, 113, 112, 112, 112, 111, 113, 113, 112, 112, 114, 114, 111, 113, 112, 111, 112, 112, 112, 113, 112, 112, 112, 112, 112, 112, 112, 113, 111, 112, 113, 113, 112, 111, 114, 112, 113, 112, 112, 113, 112, 111, 113, 112, 112, 113, 112, 113, 113, 113, 112, 113, 111, 113, 112, 112, 112, 112];Eredmények csoportosítva;{112: 53, 111: 18, 113: 24, 110: 1, 114: 4}
FFDRatio-ra10-rt100; ;Átlag;110.54;Összes futási eredmény;[110, 110, 111, 110, 110, 110, 110, 111, 111, 109, 111, 110, 111, 110, 110, 112, 110, 110, 110, 111, 111, 111, 112, 110, 110, 110, 111, 111, 110, 111, 111, 110, 111, 110, 110, 111, 110, 111, 111, 111, 111, 110, 110, 112, 110, 110, 110, 110, 111, 111, 110, 110, 111, 112, 111, 111, 112, 111, 111, 111, 110, 110, 110, 111, 111, 110, 111, 111, 111, 110, 109, 110, 111, 110, 110, 111, 110, 111, 110, 111, 110, 111, 111, 111, 110, 111, 111, 111, 111, 110, 111, 110, 111, 110, 111, 110, 110, 110, 110, 111];Eredmények csoportosítva;{110: 47, 111: 46, 109: 2, 112: 5}
FFDRatio-ra15-rt100; ;Átlag;109.96;Összes futási eredmény;[110, 110, 110, 111, 110, 109, 110, 110, 110, 109, 110, 111, 111, 110, 110, 110, 110, 110, 109, 110, 110, 110, 111, 111, 110, 110, 110, 110, 111, 110, 110, 110, 110, 109, 110, 111, 111, 110, 110, 110, 110, 110, 110, 109, 110, 110, 110, 110, 110, 110, 111, 110, 110, 110, 110, 110, 111, 111, 110, 110, 110, 110, 110, 110, 110, 110, 110, 110, 110, 110, 109, 110, 109, 110, 109, 110, 110, 110, 110, 110, 110, 109, 110, 109, 109, 110, 111, 109, 110, 109, 110, 110, 110, 109, 110, 110, 110, 109, 109, 110];Eredmények csoportosítva;{110: 72, 111: 12, 109: 16}
FFDVal-rt100; ;Átlag;112.65;Összes futási eredmény;[113, 112, 114, 113, 114, 113, 112, 111, 112, 112, 113, 112, 113, 112, 113, 113, 112, 112, 112, 112, 113, 112, 112, 112, 114, 112, 113, 112, 114, 113, 113, 113, 112, 112, 113, 113, 113, 113, 112, 113, 113, 114, 113, 112, 112, 113, 112, 113, 112, 113, 114, 114, 111, 113, 112, 111, 113, 113, 112, 113, 112, 113, 112, 113, 113, 113, 112, 112, 112, 112, 112, 113, 114, 113, 113, 113, 110, 113, 112, 113, 113, 113, 113, 114, 111, 113, 113, 113, 112, 112, 115, 111, 113, 112, 112, 113, 114, 114, 114, 113];Eredmények csoportosítva;{113: 45, 112: 36, 114: 12, 111: 5, 110: 1, 115: 1}
L2NotDet-gp1-rn50; ;Átlag;103.0;Összes futási eredmény;[103, 103, 103, 103, 103, 103, 103, 103, 103, 103, 103, 103, 103, 103, 103, 103, 103, 103, 103, 103, 103, 103, 103, 103, 103, 103, 103, 103, 103, 103, 103, 103, 103, 103, 103, 103, 103, 103, 103, 103, 103, 103, 103, 103, 103, 103, 103, 103, 103, 103];Eredmények csoportosítva;{103: 50}
L2NotDet-gp3-rn50; ;Átlag;103.0;Összes futási eredmény;[103, 103, 103, 103, 103, 103, 103, 103, 103, 103, 103, 103, 103, 103, 103, 103, 103, 103, 103, 103, 103, 103, 103, 103, 103, 103, 103, 103, 103, 103, 103, 103, 103, 103, 103, 103, 103, 103, 103, 103, 103, 103, 103, 103, 103, 103, 103, 103, 103, 103];Eredmények csoportosítva;{103: 50}
L2NotDet-gp5-rn50; ;Átlag;103.0;Összes futási eredmény;[103, 103, 103, 103, 103, 103, 103, 103, 103, 103, 103, 103, 103, 103, 103, 103, 103, 103, 103, 103, 103, 103, 103, 103, 103, 103, 103, 103, 103, 103, 103, 103, 103, 103, 103, 103, 103, 103, 103, 103, 103, 103, 103, 103, 103, 103, 103, 103, 103, 103];Eredmények csoportosítva;{103: 50}
Alsó Korlát;102
Alsó Korlát;102
