4 
1000 1000 1000 1000  
1 427 410 528 412 
2 268 469 754 536 
3 236 472 709 388 
4 384 614 658 356 
5 455 640 223 629 
6 295 446 299 683 
7 414 772 765 742 
8 380 409 606 468 
9 428 661 640 315 
10 572 424 294 684 
11 626 773 402 411 
12 234 541 464 454 
13 570 561 711 521 
14 346 393 791 795 
15 244 627 782 585 
16 254 577 708 302 
17 434 526 295 707 
18 675 586 354 716 
19 656 324 297 289 
20 235 404 620 787 
21 302 650 382 767 
22 465 414 245 313 
23 201 239 411 241 
24 239 613 457 607 
25 771 321 760 245 
26 573 778 514 437 
27 207 568 797 653 
28 713 671 619 641 
29 226 510 466 270 
30 740 319 229 218 
31 798 602 281 654 
32 314 778 619 424 
33 249 500 494 210 
34 402 481 674 309 
35 395 534 484 395 
36 675 402 501 343 
37 322 301 566 321 
38 727 534 741 730 
39 723 452 538 453 
40 566 789 311 292 
41 246 490 398 343 
42 754 320 635 420 
43 703 452 528 306 
44 516 553 682 596 
45 661 213 739 354 
46 747 480 732 290 
47 704 396 370 697 
48 448 216 589 543 
49 734 751 790 552 
50 576 243 638 253 
51 587 594 452 663 
52 225 746 723 250 
53 791 567 542 607 
54 726 515 393 599 
55 600 265 313 570 
56 262 495 647 332 
57 655 703 570 778 
58 583 609 345 619 
59 508 368 538 515 
60 684 738 739 401 
61 500 464 235 584 
62 380 600 618 285 
63 249 468 798 396 
64 675 551 425 678 
65 336 208 482 485 
66 452 229 293 222 
67 201 600 246 770 
68 248 354 771 286 
69 283 452 311 474 
70 758 643 436 531 
71 595 582 666 231 
72 334 322 514 693 
73 424 249 628 489 
74 268 589 365 693 
75 311 350 413 355 
76 578 797 767 366 
77 203 276 324 348 
78 763 716 743 533 
79 518 257 398 266 
80 672 451 326 459 
81 634 790 637 265 
82 770 709 360 463 
83 494 633 575 219 
84 564 264 769 734 
85 676 438 215 666 
86 537 289 478 639 
87 541 398 691 758 
88 225 606 677 412 
89 470 358 628 528 
90 647 431 210 708 
91 799 261 689 434 
92 739 399 722 761 
93 715 608 613 325 
94 376 788 395 695 
95 206 627 792 505 
96 484 213 448 593 
97 302 278 600 527 
98 701 316 570 565 
99 620 710 430 475 
100 522 767 259 748 
101 489 525 361 597 
102 545 237 233 653 
103 735 325 322 349 
104 323 481 796 494 
105 560 314 634 432 
106 778 221 731 571 
107 636 510 441 231 
108 593 325 668 469 
109 670 773 726 392 
110 213 241 604 794 
111 533 566 256 328 
112 231 332 627 436 
113 722 292 686 205 
114 632 391 662 517 
115 532 509 364 343 
116 255 314 478 795 
117 766 290 241 629 
118 520 651 230 245 
119 792 680 452 275 
120 607 220 415 388 
121 704 323 235 420 
122 777 202 671 741 
123 232 593 405 759 
124 247 525 437 695 
125 744 745 260 281 
126 555 384 469 468 
127 777 716 426 683 
128 210 361 616 224 
129 397 274 537 321 
130 757 492 294 306 
131 708 715 424 319 
132 575 317 477 292 
133 412 754 265 244 
134 390 500 443 401 
135 686 798 765 668 
136 638 460 342 282 
137 388 304 446 776 
138 297 547 654 731 
139 273 538 760 271 
140 584 500 766 609 
141 687 558 344 790 
142 754 592 251 681 
143 710 600 463 732 
144 462 401 493 763 
145 726 216 464 545 
146 272 495 771 365 
147 311 668 761 723 
148 796 300 395 298 
149 698 647 446 650 
150 610 649 693 719 
151 523 676 456 439 
152 637 401 791 304 
153 406 431 246 696 
154 606 704 465 425 
155 274 691 700 782 
156 322 331 477 605 
157 467 251 621 406 
158 344 243 692 448 
159 361 800 721 464 
160 307 632 413 200 
161 646 330 428 200 
162 419 752 653 590 
163 680 709 766 647 
164 275 567 298 563 
165 685 564 465 762 
166 740 640 303 737 
167 792 755 689 234 
168 265 765 235 300 
169 415 559 674 661 
170 586 209 216 540 
171 335 349 768 725 
172 447 750 389 711 
173 377 204 330 212 
174 571 481 759 579 
175 648 202 494 209 
176 456 282 582 418 
177 501 437 567 272 
178 657 428 548 291 
179 637 554 366 289 
180 324 516 242 526 
181 626 404 328 779 
182 727 369 239 692 
183 687 202 398 286 
184 311 301 321 305 
185 427 488 756 331 
186 792 397 299 360 
187 563 688 774 276 
188 585 644 766 430 
189 564 392 253 354 
190 468 452 405 547 
191 589 681 677 748 
192 792 581 747 513 
193 571 315 261 235 
194 585 501 570 362 
195 370 765 635 467 
196 392 544 684 505 
197 343 555 510 428 
198 263 483 259 692 
199 359 602 674 747 
200 520 783 646 738 
201 275 528 583 359 
202 777 687 468 202 
203 510 340 537 663 
204 336 584 757 542 
205 793 334 635 639 
206 641 579 520 793 
207 543 654 383 724 
208 607 712 538 491 
209 470 559 779 414 
210 460 568 587 679 
211 543 256 473 664 
212 232 542 386 764 
213 417 643 683 646 
214 488 596 741 563 
215 709 604 255 299 
216 524 254 718 492 
217 610 410 253 686 
218 500 742 672 718 
219 717 461 635 388 
220 503 431 617 330 
221 448 540 429 773 
222 791 654 585 238 
223 532 633 392 265 
224 571 565 370 478 
225 310 302 269 469 
226 254 231 778 253 
227 332 365 698 656 
228 767 790 564 524 
229 334 700 663 425 
230 560 772 635 558 
231 218 699 591 550 
232 289 621 225 703 
233 772 330 372 714 
234 684 737 679 388 
235 522 378 244 360 
236 372 306 290 610 
237 563 522 703 678 
238 601 549 754 235 
239 456 223 686 524 
240 726 663 411 697 
241 401 759 450 216 
242 326 768 542 333 
243 746 400 437 793 
244 314 699 329 741 
245 316 582 268 680 
246 725 579 405 706 
247 700 774 622 358 
248 549 237 640 336 
249 468 548 616 699 
250 490 377 516 201 
251 659 284 477 269 
252 415 248 764 453 
253 457 409 454 654 
254 624 533 234 690 
255 583 218 273 393 
256 202 600 330 703 
257 702 774 336 387 
258 510 689 470 539 
259 439 544 665 753 
260 283 651 279 242 
261 234 492 607 558 
262 233 210 785 254 
263 287 672 505 676 
264 335 534 469 267 
265 762 753 437 343 
266 697 356 621 275 
267 531 543 513 511 
268 495 479 339 605 
269 321 661 636 759 
270 358 230 251 404 
271 440 759 433 612 
272 717 686 412 528 
273 642 759 514 204 
274 445 721 622 579 
275 329 304 467 483 
276 519 615 420 486 
277 463 612 595 504 
278 427 755 503 393 
279 209 482 389 428 
280 710 517 733 333 
281 492 268 530 438 
282 657 418 628 256 
283 258 479 510 756 
284 309 388 780 590 
285 482 436 661 582 
286 494 508 382 687 
287 276 485 327 644 
288 745 440 646 581 
289 380 255 726 545 
290 647 791 412 772 
291 599 295 679 638 
292 604 370 311 336 
293 518 373 461 202 
294 532 645 405 780 
295 209 637 382 368 
296 493 565 240 490 
297 508 751 545 312 
298 550 642 778 406 
299 447 252 418 731 
300 604 316 638 542 
301 318 613 380 775 
302 555 571 585 759 
303 730 492 662 746 
304 277 597 480 770 
305 428 693 508 395 
306 697 284 390 512 
307 643 219 572 314 
308 679 606 536 333 
309 727 746 586 734 
310 250 798 748 710 
311 378 582 316 586 
312 722 244 788 764 
313 711 546 781 711 
314 574 645 552 328 
315 207 799 227 659 
316 443 357 795 505 
317 406 614 696 504 
318 610 416 718 689 
319 566 587 237 385 
320 735 225 207 557 
321 500 667 224 376 
322 638 483 666 273 
323 723 619 644 777 
324 304 253 595 783 
325 792 481 757 485 
326 781 525 569 486 
327 511 602 474 573 
328 383 372 246 483 
329 437 322 449 235 
330 636 697 449 629 
331 680 689 581 330 
332 200 231 627 744 
333 711 363 647 674 
334 652 709 312 786 
335 657 204 468 569 
336 619 638 516 719 
337 592 553 299 445 
338 515 453 597 468 
339 404 521 414 308 
340 348 643 736 264 
341 516 795 441 222 
342 288 685 594 775 
343 462 545 750 534 
344 718 795 253 488 
345 788 699 511 552 
346 279 410 513 539 
347 446 325 701 641 
348 744 735 221 669 
349 430 794 640 450 
350 485 534 712 406 
351 522 215 431 571 
352 216 344 281 214 
353 693 607 613 472 
354 757 473 467 731 
355 469 655 235 459 
356 533 365 471 283 
357 229 239 314 683 
358 769 753 709 577 
359 622 691 317 443 
360 788 225 348 439 
361 667 638 554 734 
362 730 604 569 723 
363 666 502 562 701 
364 799 592 659 651 
365 423 367 703 208 
366 722 348 391 226 
367 562 500 230 336 
368 678 464 622 495 
369 549 594 735 723 
370 449 354 741 797 
371 215 639 698 292 
372 250 453 744 555 
373 500 209 695 272 
374 761 525 375 519 
375 367 654 540 678 
376 441 539 753 521 
377 203 535 629 377 
378 513 436 222 696 
379 390 697 416 288 
380 397 338 344 345 
381 746 774 415 577 
382 219 556 387 302 
383 214 324 450 588 
384 261 350 323 523 
385 325 301 524 739 
386 771 422 700 755 
387 320 268 507 383 
388 272 757 325 216 
389 397 202 414 634 
390 496 434 352 758 
391 202 605 241 329 
392 298 236 392 259 
393 371 547 569 702 
394 461 729 746 551 
395 333 216 431 414 
396 791 666 755 302 
397 736 229 692 614 
398 539 232 564 276 
399 747 320 694 437 
400 532 546 529 623 
401 426 657 769 360 
402 408 421 663 666 
403 215 461 470 393 
404 431 651 416 760 
405 481 499 312 648 
406 679 712 493 688 
407 690 770 568 566 
408 655 750 426 640 
409 304 700 420 390 
410 232 460 687 452 
411 435 268 460 343 
412 212 411 337 759 
413 571 580 627 347 
414 665 328 318 588 
415 633 627 561 630 
416 685 688 240 682 
417 649 665 483 557 
418 287 509 451 600 
419 677 242 732 498 
420 519 339 684 417 
421 211 698 580 789 
422 293 266 654 322 
423 224 472 662 493 
424 427 588 570 441 
425 387 325 559 351 
426 732 551 240 322 
427 313 800 249 622 
428 542 596 304 469 
429 361 562 425 489 
430 310 766 375 682 
431 777 666 426 533 
432 723 613 500 736 
433 411 295 515 764 
434 417 244 554 601 
435 330 674 359 231 
436 513 775 721 554 
437 357 335 374 707 
438 683 456 528 453 
439 275 627 781 564 
440 428 590 633 458 
441 772 428 454 294 
442 243 303 347 742 
443 251 293 619 418 
444 560 419 785 617 
445 783 789 656 439 
446 256 737 255 362 
447 662 560 630 503 
448 554 305 368 327 
449 666 509 347 339 
450 642 711 651 799 
451 748 449 449 787 
452 673 502 579 547 
453 627 379 639 460 
454 626 409 409 734 
455 279 395 652 634 
456 743 685 569 788 
457 458 316 514 788 
458 396 589 275 204 
459 786 543 319 298 
460 544 761 284 207 
461 754 465 799 728 
462 768 588 710 480 
463 441 695 215 671 
464 569 408 662 780 
465 499 533 232 662 
466 236 504 613 587 
467 782 658 626 575 
468 288 513 444 278 
469 552 284 496 684 
470 473 436 433 536 
471 459 777 620 798 
472 682 301 645 309 
473 499 572 610 336 
474 678 424 251 650 
475 253 628 330 521 
476 720 520 647 648 
477 429 578 428 460 
478 359 653 585 732 
479 385 245 203 429 
480 257 462 535 609 
481 695 704 665 268 
482 229 221 362 575 
483 499 498 694 230 
484 538 280 572 336 
485 244 685 378 564 
486 295 264 552 508 
487 340 722 427 293 
488 218 363 662 420 
489 305 417 640 612 
490 756 786 559 215 
491 231 508 759 465 
492 432 526 583 300 
493 429 588 455 294 
494 675 546 563 731 
495 335 251 385 689 
496 547 249 435 779 
497 739 315 777 756 
498 676 448 460 370 
499 741 419 441 537 
500 731 570 508 422 
501 652 651 755 503 
502 661 385 748 237 
503 711 797 425 749 
504 459 581 238 302 
505 671 780 334 758 
506 674 480 387 667 
507 325 246 569 264 
508 523 508 620 658 
509 560 241 631 555 
510 624 271 337 565 
511 238 316 370 328 
512 289 273 367 799 
513 594 764 676 559 
514 334 232 262 273 
515 380 321 272 390 
516 610 280 287 735 
517 784 545 490 679 
518 591 752 425 751 
519 592 230 308 307 
520 475 741 372 719 
521 326 641 367 800 
522 455 404 331 622 
523 737 490 677 303 
524 214 573 223 431 
525 508 580 523 667 
526 462 736 218 522 
527 320 718 207 311 
528 321 354 394 484 
529 672 344 289 684 
530 665 583 455 562 
531 437 216 286 288 
532 319 582 469 522 
533 292 250 246 213 
534 764 306 344 269 
535 335 356 783 560 
536 536 290 391 637 
537 294 300 275 542 
538 574 399 520 759 
539 438 276 770 515 
540 211 740 378 495 
541 303 473 646 478 
542 709 517 428 343 
543 717 209 588 380 
544 352 659 287 379 
545 468 273 719 643 
546 390 256 743 556 
547 463 509 479 637 
548 296 264 772 434 
549 613 492 490 576 
550 749 579 790 466 
551 308 545 740 434 
552 542 530 399 502 
553 700 565 314 702 
554 463 270 734 278 
555 407 581 386 677 
556 475 349 336 433 
557 453 516 650 375 
558 344 499 545 413 
559 443 550 314 339 
560 567 572 208 657 
561 398 560 441 691 
562 480 781 761 792 
563 262 431 700 769 
564 519 280 255 356 
565 735 421 249 471 
566 474 359 514 343 
567 598 537 501 741 
568 334 765 218 413 
569 338 750 729 344 
570 772 697 368 374 
571 330 725 402 310 
572 623 448 698 260 
573 291 233 794 674 
574 230 434 763 511 
575 524 389 551 262 
576 759 306 718 386 
577 656 244 472 793 
578 712 314 744 601 
579 613 437 530 720 
580 708 699 386 394 
581 521 342 529 513 
582 366 753 201 332 
583 262 643 667 326 
584 354 414 731 242 
585 791 503 701 586 
586 628 440 619 414 
587 665 342 667 682 
588 707 687 262 459 
589 534 544 412 540 
590 678 766 794 428 
591 436 675 507 594 
592 490 671 769 274 
593 795 439 687 414 
594 328 714 555 751 
595 378 230 665 208 
596 314 673 416 345 
597 327 668 547 671 
598 599 381 743 670 
599 703 673 228 266 
600 774 459 471 468 
601 637 711 762 341 
602 344 619 318 593 
603 767 304 743 652 
604 470 730 718 668 
605 430 796 449 698 
606 573 462 218 582 
607 349 256 792 338 
608 642 544 774 562 
609 636 496 536 678 
610 685 655 441 411 
611 210 570 509 454 
612 204 594 447 561 
613 796 724 386 235 
614 309 598 400 513 
615 614 672 649 356 
616 240 713 278 774 
617 746 332 342 781 
618 307 209 759 585 
619 218 594 670 791 
620 412 444 209 301 
621 439 321 502 532 
622 539 687 461 377 
623 611 743 467 268 
624 297 279 515 688 
625 228 243 304 560 
626 641 655 353 764 
627 278 595 242 405 
628 411 235 541 400 
629 587 393 315 617 
630 632 437 545 231 
631 392 738 479 627 
632 589 346 473 525 
633 370 363 256 439 
634 479 335 753 659 
635 347 296 361 778 
636 686 295 209 652 
637 400 418 257 553 
638 446 781 408 303 
639 729 492 219 210 
640 280 406 386 522 
641 574 455 309 470 
642 789 778 778 461 
643 347 320 299 622 
644 798 663 407 249 
645 799 549 243 593 
646 749 603 293 417 
647 735 308 454 746 
648 709 700 421 368 
649 388 571 627 271 
650 706 751 461 676 
651 408 776 675 527 
652 310 786 643 592 
653 581 295 681 610 
654 367 411 285 628 
655 289 403 723 651 
656 259 413 311 684 
657 359 517 384 278 
658 512 375 797 474 
659 479 356 404 495 
660 287 335 208 253 
661 654 685 586 341 
662 265 280 721 250 
663 271 264 485 404 
664 618 334 569 780 
665 790 304 703 732 
666 638 201 697 229 
667 473 274 753 491 
668 336 324 720 280 
669 562 767 703 487 
670 405 284 392 742 
671 574 564 588 754 
672 778 713 253 706 
673 753 509 333 204 
674 242 423 627 646 
675 304 672 202 508 
676 248 277 204 516 
677 577 672 771 547 
678 429 229 568 205 
679 606 382 352 259 
680 740 248 594 664 
681 264 562 274 291 
682 408 260 301 219 
683 420 356 776 477 
684 519 315 658 222 
685 661 664 532 299 
686 526 677 777 657 
687 285 800 370 645 
688 534 211 536 623 
689 663 439 370 720 
690 674 603 560 212 
691 439 683 541 475 
692 419 651 557 265 
693 397 769 707 333 
694 356 554 669 719 
695 757 404 454 544 
696 439 343 654 278 
697 419 665 399 225 
698 660 423 465 605 
699 658 481 613 718 
700 216 698 345 721 
701 445 691 777 310 
702 508 675 332 440 
703 332 364 665 634 
704 216 401 411 269 
705 469 414 532 607 
706 680 299 222 362 
707 431 649 796 628 
708 715 218 582 387 
709 401 733 557 415 
710 450 506 621 252 
711 422 258 694 377 
712 317 738 723 762 
713 674 329 207 319 
714 369 343 320 485 
715 766 748 440 794 
716 330 495 350 248 
717 380 338 519 435 
718 304 371 638 537 
719 563 793 687 597 
720 423 295 259 752 
721 664 237 450 309 
722 223 620 264 368 
723 745 737 710 541 
724 239 493 385 701 
725 618 295 219 543 
726 514 682 610 578 
727 522 515 269 276 
728 702 672 496 361 
729 558 266 480 263 
730 399 363 387 420 
731 641 722 423 233 
732 535 562 337 423 
733 501 416 386 613 
734 241 490 240 548 
735 306 322 260 629 
736 322 513 420 787 
737 596 745 313 534 
738 614 417 394 471 
739 336 329 275 435 
740 321 479 301 700 
741 256 667 255 769 
742 777 459 292 214 
743 560 779 676 425 
744 529 480 449 303 
745 226 431 224 208 
746 698 795 332 649 
747 496 385 786 608 
748 327 616 336 429 
749 348 338 324 690 
750 314 592 654 350 
751 443 496 445 369 
752 443 630 800 299 
753 670 596 226 499 
754 551 222 708 314 
755 650 282 363 498 
756 374 700 348 433 
757 283 571 224 672 
758 716 673 286 383 
759 646 568 520 782 
760 479 325 292 518 
761 777 318 634 575 
762 742 225 346 311 
763 297 483 800 591 
764 592 221 356 381 
765 645 450 575 386 
766 355 589 481 349 
767 547 477 310 776 
768 614 462 515 515 
769 284 266 780 598 
770 716 398 520 318 
771 209 252 518 739 
772 770 605 420 416 
773 406 549 639 735 
774 471 280 423 329 
775 792 248 647 758 
776 244 786 766 547 
777 486 616 760 335 
778 775 250 632 371 
779 260 603 429 610 
780 328 466 447 795 
781 353 413 566 356 
782 729 755 210 463 
783 673 209 784 508 
784 674 646 401 406 
785 660 755 574 470 
786 387 420 751 485 
787 765 533 744 565 
788 205 349 360 457 
789 569 690 517 375 
790 328 253 476 303 
791 345 794 713 238 
792 614 767 660 380 
793 347 786 275 310 
794 629 474 481 330 
795 738 547 715 748 
796 687 215 361 646 
797 642 752 334 492 
798 289 662 736 799 
799 522 468 238 371 
800 360 453 228 543 
