4 
10 10 10 10  
1 1 4 8 5 
2 1 6 10 4 
3 9 2 10 2 
4 3 3 3 6 
5 2 1 2 7 
6 6 5 8 2 
7 10 2 4 5 
8 10 2 4 4 
9 5 3 8 9 
10 2 8 10 5 
11 10 2 8 10 
12 4 4 8 5 
13 6 1 10 3 
14 9 8 8 1 
15 8 6 4 6 
16 2 5 9 9 
17 4 4 1 1 
18 2 8 5 8 
19 6 9 9 6 
20 10 2 9 2 
21 4 6 5 10 
22 7 9 10 9 
23 1 5 3 4 
24 3 1 5 3 
25 2 6 6 6 
26 1 5 8 1 
27 2 5 6 2 
28 2 2 5 8 
29 10 9 7 2 
30 9 5 1 3 
31 2 7 4 6 
32 8 4 5 3 
33 7 8 3 4 
34 8 1 1 9 
35 3 3 4 5 
36 9 3 7 2 
37 2 1 2 1 
38 9 4 10 9 
39 4 8 2 8 
40 8 5 2 9 
41 6 10 4 4 
42 5 8 4 7 
43 7 7 7 6 
44 3 4 9 3 
45 1 3 9 2 
46 5 2 7 4 
47 7 5 9 2 
48 6 10 6 6 
49 7 2 10 3 
50 7 5 8 7 
51 6 7 6 4 
52 7 8 4 5 
53 4 10 8 4 
54 1 8 10 2 
55 10 4 3 8 
56 5 8 1 10 
57 1 5 2 2 
58 1 3 2 2 
59 10 7 8 2 
60 6 8 7 5 
61 7 2 5 1 
62 5 2 9 1 
63 7 10 6 3 
64 9 5 10 1 
65 1 5 4 1 
66 1 10 5 2 
67 9 4 7 8 
68 7 3 6 6 
69 10 1 1 3 
70 6 1 8 4 
71 1 8 6 3 
72 3 10 1 5 
73 4 7 1 8 
74 5 9 6 3 
75 3 2 4 10 
76 3 5 4 5 
77 2 10 3 8 
78 9 3 3 3 
79 4 2 6 8 
80 2 9 6 6 
81 6 5 1 8 
82 4 6 5 3 
83 1 3 10 1 
84 4 4 7 6 
85 7 5 2 6 
86 4 4 8 10 
87 1 6 4 3 
88 10 1 1 10 
89 2 4 8 7 
90 10 8 4 9 
91 10 3 5 5 
92 3 10 2 1 
93 1 10 4 1 
94 5 10 7 1 
95 7 9 4 5 
96 1 8 4 4 
97 8 9 4 2 
98 4 6 9 8 
99 2 4 3 8 
100 5 7 6 3 
101 6 4 4 4 
102 6 1 10 3 
103 7 1 3 4 
104 1 8 1 5 
105 7 7 9 8 
106 3 9 4 6 
107 2 5 2 5 
108 8 4 1 10 
109 1 7 3 4 
110 4 10 3 1 
111 2 2 4 10 
112 4 9 9 6 
113 10 2 7 2 
114 5 6 3 6 
115 9 9 3 3 
116 4 6 3 4 
117 2 9 7 2 
118 7 10 9 4 
119 5 10 2 4 
120 3 2 1 1 
121 3 2 4 4 
122 9 9 3 6 
123 5 3 5 8 
124 5 8 10 7 
125 7 8 3 1 
126 7 3 9 9 
127 10 5 5 9 
128 9 4 9 3 
129 8 6 5 3 
130 10 3 1 6 
131 2 5 8 1 
132 2 5 9 4 
133 10 2 10 3 
134 8 7 1 9 
135 10 8 10 9 
136 2 9 8 9 
137 1 10 4 3 
138 10 9 1 5 
139 2 10 9 4 
140 9 4 7 5 
141 5 5 4 7 
142 7 7 10 10 
143 5 1 2 7 
144 8 5 7 2 
145 8 7 4 9 
146 4 3 10 9 
147 2 3 2 2 
148 6 4 5 4 
149 9 3 1 5 
150 5 8 8 10 
151 4 6 1 2 
152 7 6 8 2 
153 5 5 2 10 
154 6 5 10 9 
155 3 4 2 2 
156 5 1 4 2 
157 4 5 2 3 
158 5 9 2 2 
159 9 5 7 9 
160 2 8 9 3 
161 6 7 5 4 
162 9 5 7 1 
163 1 7 9 10 
164 3 3 4 2 
165 8 8 6 1 
166 8 6 10 9 
167 7 7 7 4 
168 8 5 4 9 
169 4 5 7 6 
170 8 6 3 4 
171 2 5 3 2 
172 4 3 6 8 
173 3 3 1 5 
174 7 10 7 6 
175 9 3 8 7 
176 1 5 3 10 
177 10 9 3 2 
178 4 7 7 1 
179 4 9 1 1 
180 3 6 8 7 
181 9 9 9 9 
182 7 4 6 9 
183 9 5 2 2 
184 4 3 3 6 
185 9 9 4 9 
186 9 5 5 1 
187 8 2 1 1 
188 3 2 8 1 
189 6 1 6 1 
190 9 10 9 10 
191 2 9 3 10 
192 4 9 7 3 
193 6 5 6 1 
194 3 3 2 5 
195 8 2 1 6 
196 5 8 1 4 
197 10 6 4 8 
198 1 2 3 8 
199 5 6 1 3 
200 5 8 5 2 
201 10 6 6 3 
202 10 2 6 8 
203 7 5 6 5 
204 10 6 8 8 
205 6 5 6 9 
206 8 10 9 9 
207 6 7 4 2 
208 5 8 9 1 
209 4 10 2 5 
210 4 7 4 8 
211 9 6 6 4 
212 8 4 7 3 
213 7 8 10 5 
214 6 7 1 7 
215 10 6 8 2 
216 7 2 7 5 
217 1 1 1 10 
218 2 5 3 9 
219 8 4 7 4 
220 10 2 6 7 
221 5 5 7 3 
222 6 4 4 2 
223 3 5 10 2 
224 5 6 7 8 
225 2 4 6 8 
226 5 3 5 4 
227 8 4 2 3 
228 3 8 8 9 
229 7 2 5 1 
230 10 9 1 1 
231 5 5 9 8 
232 3 6 5 8 
233 7 10 7 1 
234 1 3 6 8 
235 1 7 6 7 
236 4 4 2 1 
237 2 4 6 8 
238 4 7 6 10 
239 10 4 10 7 
240 10 10 7 8 
241 8 2 10 9 
242 7 3 7 7 
243 7 10 3 1 
244 7 1 3 2 
245 7 6 8 8 
246 4 9 2 3 
247 10 4 4 2 
248 10 5 2 3 
249 4 2 6 1 
250 3 4 8 7 
251 2 10 7 10 
252 3 4 2 10 
253 8 3 6 4 
254 9 9 9 8 
255 8 1 9 7 
256 4 1 8 3 
257 6 7 7 6 
258 7 1 3 1 
259 5 1 8 4 
260 5 2 1 10 
261 8 6 1 4 
262 1 2 1 5 
263 6 2 6 4 
264 4 6 10 3 
265 6 2 10 9 
266 6 8 4 8 
267 6 8 10 8 
268 3 8 7 1 
269 5 9 8 8 
270 9 9 8 2 
271 6 5 9 5 
272 9 4 9 1 
273 7 9 2 6 
274 5 2 4 10 
275 6 10 8 2 
276 9 3 10 6 
277 8 6 8 9 
278 6 10 3 6 
279 4 3 10 2 
280 2 5 7 7 
281 3 6 3 10 
282 9 5 1 3 
283 9 1 10 4 
284 1 7 7 9 
285 7 7 8 7 
286 3 8 1 1 
287 4 7 2 2 
288 7 3 1 9 
289 6 9 6 1 
290 3 9 1 10 
291 9 2 5 5 
292 8 9 1 9 
293 10 5 8 3 
294 2 7 9 8 
295 10 2 2 7 
296 3 8 10 9 
297 2 5 8 10 
298 9 5 4 4 
299 1 2 10 10 
300 2 8 10 3 
301 6 3 1 2 
302 4 9 6 9 
303 3 7 4 2 
304 7 1 4 8 
305 1 7 2 3 
306 8 2 2 9 
307 7 9 10 9 
308 2 7 2 4 
309 9 5 4 9 
310 4 4 3 5 
311 8 1 5 3 
312 10 8 4 3 
313 9 1 2 4 
314 1 2 6 4 
315 10 8 6 8 
316 9 2 5 1 
317 7 8 4 4 
318 3 10 4 3 
319 5 4 10 6 
320 4 5 8 3 
321 7 3 7 2 
322 2 7 9 6 
323 4 9 5 8 
324 1 1 2 2 
325 4 10 10 3 
326 2 6 10 4 
327 6 5 6 7 
328 1 4 2 4 
329 9 4 5 9 
330 8 6 10 5 
331 6 10 9 4 
332 5 3 8 9 
333 4 10 2 7 
334 7 10 2 3 
335 3 2 7 7 
336 7 2 8 4 
337 8 7 4 5 
338 8 1 1 5 
339 5 9 5 1 
340 3 10 6 5 
341 2 9 3 3 
342 6 2 5 9 
343 8 4 7 10 
344 6 3 7 2 
345 2 5 9 7 
346 8 10 4 9 
347 3 3 3 2 
348 9 7 1 6 
349 5 7 10 1 
350 3 2 9 1 
351 4 1 6 1 
352 1 4 2 9 
353 4 9 10 9 
354 1 1 2 8 
355 2 8 2 1 
356 2 4 4 9 
357 9 10 4 6 
358 5 6 5 9 
359 8 9 8 5 
360 5 7 8 10 
361 8 2 7 1 
362 8 10 2 8 
363 4 5 1 3 
364 1 8 7 6 
365 6 8 2 10 
366 1 8 6 3 
367 1 7 4 5 
368 3 7 9 8 
369 7 2 1 3 
370 6 4 5 5 
371 5 2 9 10 
372 2 9 6 6 
373 1 3 4 3 
374 8 6 7 6 
375 1 10 10 2 
376 10 8 9 2 
377 1 10 5 2 
378 2 3 8 5 
379 1 10 5 1 
380 7 10 1 6 
381 10 6 7 3 
382 9 8 1 4 
383 10 3 2 7 
384 2 4 3 6 
385 9 4 3 9 
386 8 9 5 6 
387 1 4 8 4 
388 4 3 10 3 
389 5 4 6 8 
390 6 3 1 10 
391 8 7 3 6 
392 2 4 3 1 
393 1 3 6 6 
394 1 4 9 3 
395 1 10 7 8 
396 3 1 4 8 
397 8 9 1 8 
398 4 3 7 8 
399 7 8 6 4 
400 10 6 5 8 
401 1 1 5 9 
402 8 6 8 10 
403 8 1 5 2 
404 6 4 8 1 
405 4 6 1 5 
406 8 2 10 7 
407 7 3 2 7 
408 1 9 1 5 
409 7 5 2 10 
410 8 3 10 1 
411 1 2 10 10 
412 5 2 6 6 
413 9 3 7 4 
414 8 10 3 1 
415 7 8 2 8 
416 8 9 3 8 
417 3 9 5 10 
418 10 2 2 1 
419 8 3 7 4 
420 10 6 5 4 
421 8 4 10 5 
422 8 3 3 4 
423 10 7 9 7 
424 5 5 8 9 
425 2 1 6 5 
426 1 1 2 3 
427 6 9 10 3 
428 7 4 3 10 
429 8 6 8 4 
430 5 1 3 5 
431 1 8 8 1 
432 2 1 10 10 
433 6 5 8 8 
434 5 10 3 9 
435 6 5 4 3 
436 3 4 2 2 
437 1 10 9 5 
438 6 9 1 10 
439 8 5 3 9 
440 5 4 7 2 
441 10 9 7 3 
442 6 2 7 9 
443 9 5 4 2 
444 2 10 5 9 
445 1 4 3 4 
446 3 2 7 9 
447 9 6 1 4 
448 1 3 1 7 
449 5 1 2 6 
450 10 6 4 5 
451 5 5 2 6 
452 8 8 4 5 
453 9 6 4 10 
454 3 8 7 1 
455 3 2 4 6 
456 2 5 4 4 
457 3 10 3 1 
458 1 3 5 10 
459 8 6 7 3 
460 1 9 9 2 
461 6 7 3 2 
462 5 1 9 7 
463 2 5 2 1 
464 8 4 3 5 
465 9 5 3 3 
466 9 2 8 2 
467 3 4 6 3 
468 8 6 1 10 
469 3 10 9 3 
470 5 6 6 5 
471 10 10 4 3 
472 4 9 6 6 
473 7 2 6 2 
474 5 9 6 8 
475 8 10 6 5 
476 1 10 6 5 
477 6 4 3 5 
478 10 3 6 4 
479 9 3 6 1 
480 4 1 1 1 
481 3 8 6 10 
482 5 4 5 1 
483 1 9 10 5 
484 5 7 5 6 
485 4 5 9 8 
486 6 10 8 4 
487 10 10 5 1 
488 1 8 3 9 
489 1 7 4 4 
490 9 6 5 1 
491 5 3 1 2 
492 5 5 1 1 
493 8 6 9 9 
494 10 3 9 6 
495 3 4 10 8 
496 1 10 7 7 
497 10 3 10 10 
498 8 6 6 2 
499 1 4 9 5 
500 6 9 2 6 
501 5 2 10 6 
502 5 7 4 10 
503 10 6 7 6 
504 5 6 1 3 
505 4 3 9 6 
506 3 10 7 9 
507 8 7 7 5 
508 1 10 10 1 
509 2 3 3 10 
510 6 7 4 6 
511 4 4 6 4 
512 6 2 2 4 
513 2 3 3 2 
514 8 5 5 8 
515 6 9 3 1 
516 3 2 9 9 
517 10 9 2 3 
518 2 3 2 7 
519 10 10 7 5 
520 10 2 3 4 
521 7 8 4 10 
522 9 6 10 4 
523 10 5 10 8 
524 4 2 3 2 
525 3 7 8 10 
526 3 4 2 2 
527 7 8 1 5 
528 6 10 4 6 
529 6 8 7 4 
530 10 5 2 9 
531 3 1 2 8 
532 8 9 4 2 
533 5 3 9 10 
534 6 1 9 3 
535 6 9 10 6 
536 10 7 6 3 
537 3 8 3 9 
538 9 8 5 6 
539 6 7 7 9 
540 1 7 8 3 
541 2 7 1 3 
542 8 3 6 1 
543 4 4 10 2 
544 2 7 1 8 
545 9 3 4 2 
546 9 1 8 9 
547 6 1 10 8 
548 5 6 5 8 
549 10 10 1 4 
550 5 1 4 2 
551 5 5 6 6 
552 3 9 7 4 
553 9 2 3 1 
554 6 9 8 3 
555 10 2 4 6 
556 5 1 1 10 
557 4 4 1 5 
558 8 5 6 10 
559 10 5 10 6 
560 6 5 3 1 
561 7 3 10 9 
562 5 1 4 6 
563 5 5 7 7 
564 7 2 9 8 
565 4 1 9 7 
566 2 5 7 6 
567 2 6 1 6 
568 1 2 10 2 
569 1 1 9 9 
570 10 10 1 7 
571 3 1 3 2 
572 8 2 4 5 
573 2 6 2 7 
574 7 5 6 6 
575 6 6 1 9 
576 5 10 4 1 
577 8 7 5 10 
578 8 1 10 8 
579 2 4 3 9 
580 3 10 3 7 
581 9 9 8 4 
582 4 9 5 1 
583 7 2 3 2 
584 10 10 9 5 
585 4 4 5 1 
586 1 4 3 1 
587 3 3 2 1 
588 1 2 2 9 
589 8 8 8 5 
590 9 10 4 7 
591 1 8 5 1 
592 2 5 2 3 
593 7 7 6 7 
594 4 5 6 5 
595 6 1 3 10 
596 1 10 9 10 
597 9 9 10 7 
598 9 10 10 9 
599 4 4 3 6 
600 10 2 6 1 
601 3 9 10 10 
602 10 8 3 10 
603 10 6 1 4 
604 2 6 10 2 
605 3 3 5 4 
606 7 5 1 7 
607 2 8 10 10 
608 3 2 7 4 
609 6 4 2 2 
610 9 6 6 1 
611 3 2 5 9 
612 5 9 4 4 
613 9 4 4 1 
614 7 8 6 8 
615 6 3 3 9 
616 6 9 7 2 
617 8 2 5 9 
618 1 4 9 5 
619 10 8 9 7 
620 4 10 10 4 
621 2 7 2 5 
622 4 8 3 3 
623 2 9 7 2 
624 1 5 3 3 
625 7 2 9 8 
626 5 10 10 3 
627 3 4 1 10 
628 1 9 9 9 
629 7 3 1 6 
630 10 6 2 10 
631 6 10 5 1 
632 7 10 1 5 
633 1 7 8 5 
634 3 7 4 5 
635 1 3 8 1 
636 1 8 4 4 
637 2 1 4 10 
638 7 6 10 4 
639 4 7 8 2 
640 7 10 2 9 
641 4 2 1 2 
642 10 7 9 1 
643 6 3 8 3 
644 8 3 4 10 
645 5 4 3 7 
646 6 10 7 5 
647 9 5 4 6 
648 6 7 10 7 
649 7 4 5 8 
650 4 2 4 10 
651 4 9 3 3 
652 8 9 1 9 
653 4 3 6 7 
654 2 7 8 5 
655 1 3 6 7 
656 6 8 7 5 
657 3 4 2 7 
658 4 5 6 7 
659 1 10 6 8 
660 4 2 4 3 
661 2 3 10 1 
662 9 9 9 3 
663 2 5 5 9 
664 8 8 9 1 
665 4 8 1 3 
666 7 7 4 2 
667 1 9 7 2 
668 7 10 6 3 
669 9 9 8 9 
670 10 3 4 3 
671 3 2 5 5 
672 8 7 10 10 
673 10 8 10 3 
674 8 6 10 5 
675 8 3 4 10 
676 6 1 7 8 
677 4 6 6 5 
678 10 4 10 7 
679 7 8 2 4 
680 3 7 6 10 
681 7 10 5 1 
682 6 6 6 5 
683 9 3 7 10 
684 3 6 3 3 
685 7 4 7 9 
686 9 8 4 3 
687 5 9 10 4 
688 5 8 1 8 
689 9 6 3 3 
690 6 2 3 3 
691 6 8 2 10 
692 9 2 6 4 
693 3 10 8 10 
694 6 9 5 5 
695 10 10 1 8 
696 10 1 8 7 
697 6 4 8 2 
698 7 2 6 6 
699 4 4 10 10 
700 2 1 3 9 
701 6 6 10 10 
702 4 3 10 10 
703 8 6 4 6 
704 1 2 7 10 
705 3 10 3 1 
706 1 7 9 1 
707 1 6 10 7 
708 1 10 9 9 
709 10 3 8 7 
710 6 2 4 10 
711 4 8 4 2 
712 7 6 5 5 
713 5 10 2 6 
714 2 4 6 10 
715 2 10 5 4 
716 4 4 10 2 
717 2 3 5 1 
718 5 2 6 5 
719 2 5 1 5 
720 2 3 4 7 
721 7 8 6 4 
722 1 9 9 6 
723 1 8 6 5 
724 1 7 8 5 
725 5 9 8 4 
726 7 3 5 10 
727 1 10 10 6 
728 4 4 9 10 
729 8 5 2 10 
730 3 8 3 5 
731 2 4 4 2 
732 2 5 5 3 
733 8 3 7 4 
734 10 9 4 3 
735 5 8 10 1 
736 9 4 10 4 
737 6 2 1 1 
738 4 2 3 7 
739 6 2 9 3 
740 6 7 9 2 
741 6 6 8 3 
742 7 5 3 2 
743 7 5 10 7 
744 4 7 8 6 
745 3 9 2 4 
746 2 9 4 7 
747 1 1 8 8 
748 10 5 8 4 
749 2 10 6 6 
750 4 10 8 6 
751 7 3 5 3 
752 1 5 7 10 
753 5 10 7 9 
754 9 6 7 5 
755 4 4 6 6 
756 9 9 4 9 
757 10 1 6 4 
758 1 8 3 3 
759 9 6 9 6 
760 1 5 9 4 
761 1 5 10 2 
762 5 3 2 9 
763 6 10 7 6 
764 10 6 4 10 
765 2 8 1 9 
766 6 6 10 9 
767 8 5 5 4 
768 2 6 7 4 
769 5 3 3 2 
770 10 10 7 8 
771 3 10 2 3 
772 10 8 7 6 
773 5 3 10 7 
774 4 9 5 8 
775 8 1 8 7 
776 6 5 9 6 
777 6 5 6 7 
778 5 6 5 10 
779 10 2 7 3 
780 3 2 2 7 
781 6 10 4 3 
782 5 8 7 2 
783 4 6 8 7 
784 7 7 7 2 
785 3 6 1 7 
786 1 7 1 2 
787 4 2 10 6 
788 7 2 2 7 
789 8 5 10 2 
790 3 3 7 10 
791 7 8 3 6 
792 8 9 4 6 
793 3 6 8 10 
794 2 4 5 9 
795 1 5 5 10 
796 6 4 3 10 
797 9 5 7 1 
798 10 9 6 6 
799 9 2 2 9 
800 3 1 7 2 
801 7 3 10 7 
802 5 2 1 2 
803 8 2 3 4 
804 6 6 9 2 
805 10 8 1 3 
806 7 1 3 7 
807 1 8 9 6 
808 7 1 9 3 
809 5 2 10 8 
810 7 9 7 9 
811 4 8 8 2 
812 7 9 10 6 
813 4 7 8 5 
814 8 8 2 9 
815 8 4 10 2 
816 10 9 4 9 
817 3 1 1 10 
818 2 2 7 4 
819 5 10 6 1 
820 10 9 10 1 
821 6 10 3 8 
822 5 7 4 9 
823 2 8 9 5 
824 6 9 6 8 
825 7 9 5 7 
826 9 10 10 7 
827 6 6 1 2 
828 5 1 6 8 
829 8 10 2 3 
830 3 2 6 6 
831 7 1 2 9 
832 3 6 4 10 
833 6 8 8 3 
834 9 7 7 3 
835 2 8 1 7 
836 5 8 2 2 
837 5 6 3 1 
838 4 9 9 4 
839 8 2 4 1 
840 4 10 4 4 
841 3 6 9 10 
842 7 10 1 6 
843 10 1 10 3 
844 10 4 2 8 
845 10 2 1 5 
846 10 9 3 3 
847 8 6 5 3 
848 1 1 1 2 
849 9 5 9 8 
850 4 8 7 10 
851 7 9 10 7 
852 8 1 7 4 
853 3 9 7 6 
854 1 2 8 5 
855 6 4 6 3 
856 2 2 5 1 
857 8 4 7 10 
858 5 4 10 5 
859 9 10 2 2 
860 9 10 4 5 
861 8 9 1 1 
862 5 5 1 3 
863 2 2 7 7 
864 9 5 7 10 
865 3 8 2 7 
866 6 8 3 7 
867 8 1 2 2 
868 9 2 4 9 
869 5 8 3 10 
870 4 5 7 3 
871 10 9 4 6 
872 2 1 4 3 
873 4 1 6 3 
874 5 1 10 5 
875 6 6 10 9 
876 3 8 4 8 
877 1 4 5 3 
878 5 2 9 6 
879 2 7 2 9 
880 8 9 7 7 
881 8 2 6 4 
882 4 2 10 7 
883 5 6 1 3 
884 5 2 2 8 
885 5 3 4 5 
886 4 6 5 5 
887 2 7 6 8 
888 1 7 4 3 
889 8 7 3 8 
890 5 6 8 8 
891 4 8 10 1 
892 8 7 3 8 
893 3 5 3 8 
894 4 1 5 9 
895 4 8 1 10 
896 4 1 8 7 
897 6 8 4 7 
898 10 6 1 5 
899 1 6 7 5 
900 5 4 8 5 
901 4 2 9 8 
902 5 5 8 3 
903 8 9 2 10 
904 9 8 10 3 
905 9 5 6 1 
906 6 9 9 7 
907 6 6 8 10 
908 2 2 9 8 
909 3 7 1 3 
910 5 1 8 7 
911 6 1 5 3 
912 2 9 6 9 
913 10 5 8 2 
914 10 9 10 2 
915 5 8 9 4 
916 5 7 7 4 
917 6 6 9 9 
918 1 7 9 7 
919 10 10 8 10 
920 4 3 9 8 
921 7 1 8 9 
922 8 2 7 4 
923 6 8 1 2 
924 5 9 6 9 
925 1 4 9 5 
926 3 8 6 2 
927 7 2 4 6 
928 8 5 9 10 
929 1 6 2 8 
930 7 5 3 4 
931 10 10 2 7 
932 3 7 6 1 
933 7 2 4 3 
934 2 5 6 7 
935 1 6 6 3 
936 6 9 3 7 
937 9 8 1 10 
938 5 5 6 10 
939 5 6 3 3 
940 6 6 3 5 
941 4 8 1 8 
942 8 3 9 9 
943 1 6 10 1 
944 3 8 3 10 
945 8 10 7 2 
946 3 9 5 4 
947 1 3 3 2 
948 6 8 2 3 
949 1 3 5 5 
950 9 5 3 9 
951 10 1 9 5 
952 4 8 10 7 
953 4 6 3 8 
954 7 2 9 6 
955 10 5 2 10 
956 5 8 7 8 
957 2 6 5 1 
958 8 1 10 1 
959 10 8 5 2 
960 9 3 4 4 
961 9 7 6 9 
962 8 7 10 5 
963 9 6 5 8 
964 8 4 7 2 
965 6 3 2 9 
966 8 6 6 2 
967 2 4 1 10 
968 4 10 6 9 
969 2 3 3 4 
970 4 6 3 4 
971 1 8 8 2 
972 2 1 4 7 
973 7 1 10 2 
974 2 6 10 8 
975 1 10 5 5 
976 7 7 7 5 
977 10 9 5 2 
978 8 7 9 2 
979 9 6 3 3 
980 9 9 4 3 
981 6 6 1 10 
982 6 4 1 10 
983 10 2 1 2 
984 2 8 3 2 
985 10 1 9 9 
986 8 2 3 6 
987 1 10 9 2 
988 7 8 6 1 
989 1 10 10 6 
990 3 3 7 3 
991 8 7 5 2 
992 7 2 5 4 
993 8 7 9 9 
994 7 9 2 2 
995 7 6 6 1 
996 3 1 3 1 
997 3 2 6 10 
998 7 3 10 6 
999 8 3 4 10 
1000 2 8 10 6 
