4 
1000 1000 1000 1000  
1 392 650 266 367 
2 707 740 329 345 
3 320 488 635 285 
4 548 728 281 796 
5 302 415 289 792 
6 484 496 725 492 
7 722 553 698 396 
8 221 311 514 517 
9 296 683 768 684 
10 282 431 418 539 
11 211 340 273 523 
12 543 553 797 331 
13 574 431 319 616 
14 456 660 389 596 
15 225 674 686 634 
16 706 609 742 781 
17 369 246 326 201 
18 776 565 350 740 
19 527 730 434 470 
20 586 628 349 635 
21 610 463 528 450 
22 494 656 270 478 
23 772 683 611 309 
24 200 749 389 785 
25 488 242 724 268 
26 759 786 393 790 
27 301 291 261 710 
28 705 735 712 548 
29 649 226 751 784 
30 313 536 497 453 
31 358 202 597 356 
32 499 674 400 605 
33 641 525 436 578 
34 215 711 448 649 
35 721 301 543 230 
36 751 658 781 662 
37 459 269 257 497 
38 686 686 660 773 
39 773 401 418 521 
40 576 724 229 751 
41 547 795 251 211 
42 548 348 414 428 
43 271 768 364 758 
44 327 624 720 317 
45 696 659 749 304 
46 431 275 394 345 
47 337 752 374 725 
48 622 780 238 591 
49 209 506 511 482 
50 720 478 257 783 
51 252 534 788 346 
52 755 800 522 527 
53 437 528 598 401 
54 387 564 305 645 
55 375 477 723 224 
56 201 419 777 573 
57 610 457 755 493 
58 747 780 604 590 
59 468 669 715 493 
60 438 573 599 736 
61 207 301 551 460 
62 679 217 352 678 
63 709 401 666 788 
64 396 291 674 517 
65 465 271 533 776 
66 521 626 685 544 
67 596 340 276 465 
68 353 330 747 430 
69 303 780 651 799 
70 283 214 444 281 
71 789 785 376 420 
72 349 682 781 670 
73 269 550 445 320 
74 608 403 543 759 
75 302 642 284 738 
76 662 229 691 529 
77 660 651 564 296 
78 741 554 773 243 
79 605 549 581 678 
80 290 453 489 408 
81 358 507 278 430 
82 665 362 447 652 
83 694 497 705 695 
84 615 723 290 756 
85 526 361 627 611 
86 752 481 557 737 
87 742 248 743 566 
88 463 565 583 382 
89 363 595 490 798 
90 298 486 578 661 
91 268 795 725 422 
92 288 707 763 684 
93 359 499 743 647 
94 541 633 341 550 
95 424 477 380 610 
96 771 694 638 482 
97 519 325 426 272 
98 775 635 474 361 
99 353 240 216 614 
100 536 528 554 395 
101 756 737 363 282 
102 310 475 312 652 
103 562 712 287 491 
104 631 639 433 389 
105 408 239 537 367 
106 428 397 407 357 
107 637 794 398 360 
108 289 406 776 516 
109 404 692 625 716 
110 573 200 504 341 
111 240 544 479 305 
112 367 423 674 569 
113 356 725 315 464 
114 365 544 271 342 
115 498 750 315 501 
116 723 433 406 523 
117 731 657 243 214 
118 373 426 533 367 
119 558 388 744 583 
120 387 350 759 691 
121 523 764 223 557 
122 269 732 764 784 
123 591 274 381 743 
124 205 660 365 571 
125 701 262 558 370 
126 762 616 422 304 
127 253 666 455 361 
128 211 392 715 732 
129 643 662 210 315 
130 256 367 706 255 
131 737 607 794 424 
132 728 224 237 347 
133 780 224 299 269 
134 498 370 322 476 
135 509 720 668 287 
136 455 388 631 690 
137 740 764 502 555 
138 480 475 333 346 
139 724 777 618 358 
140 494 573 476 229 
141 325 258 533 586 
142 474 424 387 728 
143 800 585 298 544 
144 268 670 221 588 
145 750 235 593 210 
146 705 452 211 274 
147 214 521 284 606 
148 666 622 554 747 
149 411 698 353 624 
150 201 338 334 787 
151 330 222 601 774 
152 557 234 569 340 
153 256 243 261 796 
154 220 356 579 757 
155 449 629 296 419 
156 781 354 524 299 
157 793 498 402 699 
158 551 205 655 547 
159 749 457 631 798 
160 659 237 427 563 
161 752 493 590 611 
162 232 227 398 380 
163 413 393 700 574 
164 248 679 719 399 
165 381 682 220 442 
166 537 288 298 208 
167 274 545 541 528 
168 275 498 609 515 
169 436 444 492 228 
170 486 448 562 647 
171 414 415 563 384 
172 349 609 665 244 
173 243 336 326 231 
174 712 235 446 630 
175 351 730 690 799 
176 507 537 498 742 
177 602 285 293 766 
178 319 735 742 346 
179 633 258 626 616 
180 330 650 279 781 
181 230 226 656 751 
182 537 521 651 204 
183 643 564 515 632 
184 768 449 621 777 
185 353 372 482 691 
186 570 683 292 492 
187 454 466 691 582 
188 399 619 332 667 
189 702 399 377 203 
190 204 253 467 454 
191 326 276 554 351 
192 652 274 583 418 
193 664 229 658 465 
194 724 793 592 621 
195 667 704 703 326 
196 776 363 503 246 
197 683 599 481 471 
198 630 626 349 690 
199 256 734 449 778 
200 595 321 301 374 
201 695 414 634 545 
202 646 550 451 665 
203 264 628 361 399 
204 665 743 274 539 
205 775 625 717 388 
206 342 674 781 539 
207 342 799 452 530 
208 648 345 784 234 
209 601 274 235 257 
210 611 690 593 514 
211 797 607 507 633 
212 456 300 250 591 
213 252 755 291 661 
214 591 464 226 586 
215 505 526 530 562 
216 312 566 291 613 
217 416 544 348 732 
218 590 779 789 396 
219 449 492 763 592 
220 559 767 651 648 
221 742 317 722 413 
222 322 349 248 418 
223 639 486 799 621 
224 628 381 222 459 
225 423 414 729 341 
226 661 418 320 688 
227 362 591 460 612 
228 374 321 656 658 
229 520 523 217 409 
230 304 543 214 290 
231 503 347 301 552 
232 302 253 498 746 
233 791 762 336 559 
234 580 376 488 625 
235 462 390 445 356 
236 497 497 675 523 
237 582 337 659 534 
238 543 460 425 532 
239 507 718 502 514 
240 527 229 200 563 
241 506 435 408 404 
242 737 459 517 268 
243 732 771 335 455 
244 429 614 625 415 
245 458 619 538 765 
246 501 249 722 566 
247 777 385 512 392 
248 778 747 357 433 
249 732 420 485 290 
250 353 237 480 683 
251 775 241 524 645 
252 548 765 718 524 
253 647 331 430 486 
254 740 319 412 558 
255 310 627 283 275 
256 221 737 776 279 
257 716 440 611 310 
258 470 390 757 711 
259 319 791 243 249 
260 537 621 796 441 
261 708 485 769 575 
262 224 647 520 687 
263 576 431 251 519 
264 326 401 605 742 
265 618 365 377 473 
266 448 391 601 442 
267 315 222 258 546 
268 743 778 361 648 
269 532 411 436 477 
270 317 431 210 575 
271 407 680 344 482 
272 544 751 688 799 
273 472 296 214 317 
274 354 555 629 710 
275 676 579 475 620 
276 423 785 396 595 
277 438 484 274 314 
278 506 212 500 653 
279 671 694 601 429 
280 452 247 612 363 
281 584 401 680 550 
282 375 312 295 611 
283 216 437 462 669 
284 327 307 206 766 
285 498 268 288 588 
286 385 375 662 259 
287 516 722 621 292 
288 478 603 618 656 
289 333 422 658 571 
290 404 472 569 641 
291 455 796 203 571 
292 736 739 299 395 
293 386 442 698 607 
294 339 581 576 596 
295 595 454 342 471 
296 211 772 275 305 
297 763 708 440 547 
298 476 406 208 543 
299 657 668 687 740 
300 339 675 620 621 
301 221 645 685 465 
302 459 609 669 500 
303 624 438 279 790 
304 458 297 579 294 
305 578 752 201 386 
306 394 682 577 338 
307 333 574 251 631 
308 272 281 393 684 
309 574 265 250 614 
310 523 604 658 502 
311 773 662 630 280 
312 648 495 484 306 
313 523 712 541 478 
314 280 390 672 799 
315 778 767 625 348 
316 553 394 522 231 
317 282 296 710 539 
318 258 748 239 740 
319 700 209 351 709 
320 686 327 531 323 
321 480 320 790 388 
322 665 797 565 298 
323 549 684 759 780 
324 771 376 715 686 
325 570 575 423 593 
326 416 799 261 270 
327 437 660 795 748 
328 422 634 440 454 
329 604 681 421 274 
330 544 589 591 377 
331 622 239 284 372 
332 309 635 575 479 
333 567 454 396 442 
334 479 735 460 700 
335 692 575 552 506 
336 426 643 247 690 
337 272 516 275 781 
338 353 285 635 332 
339 473 702 790 494 
340 393 799 358 749 
341 238 705 523 684 
342 301 497 676 540 
343 236 515 612 688 
344 699 777 621 631 
345 576 671 312 257 
346 274 684 473 447 
347 500 532 558 713 
348 307 318 556 422 
349 737 371 662 436 
350 705 384 760 602 
351 428 468 671 511 
352 209 273 284 294 
353 207 202 588 314 
354 547 569 767 690 
355 210 477 267 744 
356 468 644 657 642 
357 215 404 674 323 
358 580 546 392 436 
359 646 215 586 299 
360 743 539 795 698 
361 521 366 751 733 
362 446 576 317 460 
363 556 304 595 598 
364 634 779 268 693 
365 225 550 561 392 
366 278 281 264 547 
367 348 381 422 623 
368 671 758 250 296 
369 427 242 276 561 
370 626 564 539 311 
371 305 620 513 564 
372 561 425 680 391 
373 788 727 741 436 
374 721 619 730 676 
375 584 333 541 279 
376 279 439 784 421 
377 580 441 782 773 
378 337 634 487 713 
379 204 294 599 760 
380 295 226 513 655 
381 787 510 560 297 
382 367 566 570 212 
383 521 753 516 269 
384 422 781 669 642 
385 273 503 310 540 
386 249 552 559 535 
387 390 375 630 393 
388 464 667 790 614 
389 424 767 510 604 
390 298 509 399 595 
391 550 616 787 371 
392 629 357 699 263 
393 579 432 513 610 
394 770 290 481 379 
395 534 363 422 578 
396 603 448 204 734 
397 268 220 788 315 
398 649 368 520 611 
399 212 591 395 654 
400 710 458 622 637 
401 583 653 577 420 
402 380 776 340 245 
403 512 605 703 499 
404 299 535 221 438 
405 682 686 327 372 
406 461 757 776 457 
407 766 391 233 723 
408 403 467 422 266 
409 267 732 507 405 
410 571 612 634 264 
411 356 448 754 332 
412 690 479 253 639 
413 795 449 435 471 
414 577 640 314 599 
415 412 449 498 226 
416 210 340 499 475 
417 559 304 694 577 
418 760 442 332 592 
419 688 361 252 247 
420 751 713 767 476 
421 660 595 753 713 
422 493 368 296 652 
423 377 246 519 341 
424 572 699 626 216 
425 420 276 661 395 
426 364 678 322 798 
427 568 589 757 638 
428 648 327 334 778 
429 622 771 689 272 
430 556 479 672 370 
431 692 678 241 448 
432 460 736 274 240 
433 581 597 358 279 
434 675 753 518 601 
435 795 709 245 737 
436 409 254 595 708 
437 511 282 674 439 
438 320 666 276 469 
439 711 498 672 681 
440 761 211 259 624 
441 730 800 367 270 
442 547 285 209 606 
443 238 405 704 298 
444 660 677 415 511 
445 415 264 308 455 
446 233 278 694 660 
447 272 762 759 367 
448 675 436 324 783 
449 479 465 209 304 
450 271 519 699 708 
451 450 312 605 232 
452 401 580 352 496 
453 691 763 591 648 
454 689 281 258 267 
455 358 505 777 482 
456 770 776 256 709 
457 622 439 696 421 
458 310 416 758 515 
459 750 468 342 305 
460 348 338 298 323 
461 725 449 579 486 
462 468 700 644 597 
463 435 605 454 453 
464 651 551 564 332 
465 709 470 743 264 
466 729 286 237 673 
467 419 457 693 205 
468 658 227 216 410 
469 654 233 713 798 
470 691 626 377 311 
471 791 715 576 236 
472 255 653 553 488 
473 270 555 703 752 
474 587 602 330 591 
475 534 427 571 799 
476 681 593 800 553 
477 362 216 709 784 
478 536 779 541 281 
479 212 351 319 289 
480 297 680 321 709 
481 544 434 505 388 
482 525 525 392 240 
483 472 391 268 265 
484 342 403 791 460 
485 350 746 572 524 
486 545 702 753 471 
487 536 304 329 610 
488 795 676 352 534 
489 746 359 473 421 
490 325 766 757 416 
491 371 747 323 433 
492 253 530 302 729 
493 573 238 643 751 
494 800 285 511 256 
495 513 378 558 677 
496 586 454 493 685 
497 687 476 358 236 
498 725 612 504 784 
499 651 473 308 517 
500 799 212 767 219 
501 586 458 313 250 
502 756 562 742 709 
503 310 574 238 428 
504 298 336 375 752 
505 520 756 516 478 
506 715 604 320 201 
507 789 506 425 400 
508 535 414 672 269 
509 356 624 615 434 
510 628 423 381 735 
511 252 328 728 791 
512 461 692 485 703 
513 556 636 776 422 
514 500 447 276 595 
515 747 787 574 366 
516 598 757 394 747 
517 718 408 582 363 
518 246 592 229 418 
519 430 350 774 315 
520 216 768 679 541 
521 639 506 621 568 
522 443 533 290 730 
523 469 258 413 274 
524 547 484 792 533 
525 546 534 360 733 
526 601 619 230 730 
527 574 505 476 798 
528 436 455 489 455 
529 398 668 330 313 
530 467 220 430 205 
531 425 793 448 544 
532 462 536 606 725 
533 375 319 390 800 
534 792 431 466 623 
535 622 552 403 375 
536 251 689 592 743 
537 788 498 788 239 
538 422 273 572 485 
539 441 703 661 506 
540 770 314 223 604 
541 786 749 275 352 
542 546 785 611 599 
543 554 482 354 753 
544 498 551 599 790 
545 697 620 266 662 
546 604 394 761 799 
547 244 362 787 539 
548 556 451 492 432 
549 357 661 330 493 
550 217 205 515 729 
551 626 446 406 679 
552 202 421 684 511 
553 449 651 545 530 
554 780 549 426 800 
555 756 277 482 587 
556 579 656 339 657 
557 423 670 254 229 
558 585 412 797 201 
559 381 301 724 354 
560 707 469 259 282 
561 791 778 516 663 
562 620 671 243 570 
563 221 586 586 230 
564 293 548 448 243 
565 642 714 700 793 
566 493 214 320 515 
567 331 698 590 523 
568 559 241 776 443 
569 282 351 343 381 
570 517 729 391 602 
571 525 720 682 232 
572 741 698 447 279 
573 570 207 313 635 
574 422 369 376 288 
575 508 715 308 253 
576 450 458 228 280 
577 768 572 755 680 
578 513 405 731 335 
579 445 319 234 620 
580 332 213 377 446 
581 792 705 793 411 
582 319 391 447 752 
583 700 454 719 653 
584 295 620 766 498 
585 385 722 471 798 
586 460 282 469 339 
587 698 672 339 755 
588 635 246 574 273 
589 574 240 649 205 
590 651 695 335 279 
591 466 471 592 534 
592 264 504 727 548 
593 456 681 403 214 
594 622 373 497 551 
595 650 353 379 200 
596 410 517 229 254 
597 477 645 718 377 
598 483 524 508 720 
599 443 288 362 392 
600 376 294 268 657 
601 695 611 321 476 
602 752 702 266 360 
603 726 445 524 781 
604 787 435 700 626 
605 444 467 491 704 
606 685 261 376 740 
607 725 643 489 646 
608 367 455 340 492 
609 553 446 485 223 
610 561 205 313 322 
611 327 696 348 474 
612 695 361 382 474 
613 452 693 493 742 
614 408 569 698 731 
615 656 280 357 237 
616 728 254 615 446 
617 207 546 347 315 
618 361 291 439 707 
619 680 396 471 640 
620 669 226 729 543 
621 776 569 374 778 
622 446 201 674 491 
623 261 620 530 399 
624 579 240 720 206 
625 314 589 799 492 
626 303 344 543 605 
627 277 361 635 579 
628 710 496 726 590 
629 322 303 397 620 
630 360 219 570 409 
631 360 465 366 786 
632 529 489 479 501 
633 693 778 352 636 
634 763 395 267 257 
635 211 493 530 647 
636 798 672 488 700 
637 574 448 414 739 
638 495 630 637 780 
639 717 397 217 686 
640 362 791 746 414 
641 615 595 690 201 
642 240 563 711 610 
643 208 522 650 369 
644 275 439 222 736 
645 738 409 394 601 
646 295 215 200 398 
647 291 347 494 375 
648 334 662 648 653 
649 774 258 277 620 
650 759 464 653 335 
651 698 570 448 763 
652 349 750 371 707 
653 350 768 514 380 
654 469 538 665 672 
655 716 584 376 232 
656 408 378 319 513 
657 692 555 523 722 
658 650 301 554 731 
659 576 489 636 484 
660 641 336 600 524 
661 581 315 626 780 
662 383 572 319 522 
663 379 315 379 312 
664 638 718 308 222 
665 519 655 559 616 
666 668 587 543 252 
667 333 361 583 674 
668 628 231 211 352 
669 249 245 426 721 
670 580 643 200 574 
671 334 656 323 241 
672 284 763 655 232 
673 417 379 466 487 
674 744 206 683 788 
675 501 551 339 781 
676 452 710 689 465 
677 701 201 729 426 
678 436 324 636 563 
679 402 608 426 464 
680 639 512 699 727 
681 630 776 622 579 
682 480 526 674 489 
683 428 646 475 298 
684 699 510 249 223 
685 394 663 765 694 
686 772 604 725 716 
687 502 554 715 419 
688 655 777 282 223 
689 667 610 446 286 
690 242 559 793 577 
691 283 447 722 574 
692 511 604 445 499 
693 363 575 755 443 
694 362 289 762 360 
695 781 440 328 418 
696 396 414 594 412 
697 746 502 510 627 
698 301 212 446 554 
699 310 741 437 220 
700 455 236 662 555 
701 562 623 771 513 
702 200 334 734 507 
703 740 762 259 375 
704 681 357 365 486 
705 385 597 257 429 
706 295 694 743 651 
707 273 549 764 573 
708 313 661 690 569 
709 756 790 655 442 
710 555 399 588 736 
711 346 787 761 305 
712 233 351 221 793 
713 356 471 553 385 
714 357 683 469 365 
715 571 332 434 626 
716 621 649 485 409 
717 368 634 724 507 
718 345 491 731 270 
719 661 474 292 254 
720 328 396 203 219 
721 695 329 677 354 
722 349 312 547 217 
723 694 507 394 530 
724 525 728 360 767 
725 618 597 451 573 
726 637 324 793 399 
727 664 679 691 508 
728 776 240 310 437 
729 334 323 734 351 
730 236 490 309 522 
731 580 637 412 359 
732 567 338 470 297 
733 216 736 652 573 
734 639 479 791 454 
735 721 362 300 738 
736 467 606 279 294 
737 700 530 779 513 
738 782 342 474 639 
739 474 251 678 483 
740 799 644 740 432 
741 638 587 761 209 
742 695 499 507 310 
743 463 589 509 238 
744 528 293 272 572 
745 631 503 712 378 
746 364 647 511 207 
747 440 602 799 758 
748 450 579 341 282 
749 779 678 650 754 
750 575 686 361 414 
751 783 685 277 665 
752 419 201 511 609 
753 494 705 786 512 
754 384 332 626 700 
755 263 332 697 547 
756 434 468 201 414 
757 202 440 251 563 
758 480 617 659 604 
759 645 353 368 216 
760 320 394 492 218 
761 283 438 706 296 
762 317 365 496 393 
763 356 794 779 358 
764 449 338 315 390 
765 528 382 255 752 
766 602 255 674 673 
767 777 325 788 374 
768 716 513 580 616 
769 300 613 517 688 
770 432 292 564 576 
771 330 376 229 207 
772 707 585 240 605 
773 338 244 548 530 
774 739 442 353 449 
775 353 668 345 296 
776 528 789 753 441 
777 689 213 701 337 
778 319 776 620 395 
779 212 214 510 208 
780 367 658 795 542 
781 742 539 272 390 
782 206 576 660 341 
783 676 430 245 572 
784 258 517 322 218 
785 629 248 569 750 
786 609 708 725 451 
787 762 781 254 413 
788 284 201 767 254 
789 225 251 558 237 
790 408 513 757 241 
791 436 312 511 715 
792 240 375 412 726 
793 627 207 517 669 
794 485 236 554 545 
795 499 289 583 796 
796 634 452 335 474 
797 252 242 215 330 
798 725 774 353 550 
799 754 383 232 606 
800 609 388 535 786 
801 750 580 664 566 
802 486 633 594 235 
803 788 644 789 772 
804 467 657 516 418 
805 559 765 243 778 
806 574 375 764 729 
807 606 286 508 693 
808 383 568 309 408 
809 334 487 618 501 
810 546 641 622 524 
811 516 574 451 501 
812 487 240 516 690 
813 363 533 651 587 
814 376 235 744 514 
815 335 352 591 511 
816 476 355 340 494 
817 450 347 758 706 
818 249 631 675 300 
819 388 551 638 327 
820 752 424 239 668 
821 686 263 567 452 
822 500 525 549 639 
823 667 580 332 485 
824 346 651 372 600 
825 701 657 418 249 
826 464 751 394 587 
827 750 640 659 725 
828 319 492 766 475 
829 672 272 332 362 
830 735 550 583 487 
831 792 437 664 564 
832 735 297 319 518 
833 763 553 732 347 
834 283 364 230 367 
835 436 273 623 272 
836 456 514 731 410 
837 487 530 394 324 
838 773 521 532 648 
839 549 270 338 324 
840 717 422 665 233 
841 314 588 456 591 
842 363 518 796 723 
843 403 698 279 490 
844 272 515 427 453 
845 625 735 313 415 
846 364 741 517 745 
847 480 280 227 669 
848 498 616 657 464 
849 358 770 245 719 
850 290 613 785 672 
851 276 647 737 610 
852 418 697 331 235 
853 702 364 717 637 
854 204 461 532 625 
855 420 621 205 364 
856 704 596 754 493 
857 791 248 723 364 
858 208 654 225 770 
859 310 460 305 560 
860 241 721 428 343 
861 579 722 784 556 
862 403 353 619 430 
863 752 716 621 304 
864 497 749 405 222 
865 650 253 770 423 
866 219 503 701 397 
867 591 372 475 635 
868 279 492 341 663 
869 485 770 322 606 
870 557 269 504 419 
871 245 621 721 524 
872 312 510 779 520 
873 438 488 586 321 
874 674 480 778 651 
875 338 443 301 509 
876 763 742 404 640 
877 414 334 697 557 
878 504 496 392 424 
879 573 624 696 733 
880 751 489 411 438 
881 307 389 499 680 
882 300 477 383 655 
883 735 790 687 368 
884 508 213 638 557 
885 746 325 292 742 
886 599 589 413 422 
887 537 519 707 624 
888 349 600 576 418 
889 210 564 405 441 
890 599 737 379 528 
891 339 787 337 541 
892 290 793 478 307 
893 229 401 344 452 
894 755 468 660 388 
895 333 585 659 639 
896 751 413 546 257 
897 592 290 693 306 
898 364 673 578 658 
899 698 597 565 774 
900 453 408 517 413 
901 379 468 463 202 
902 567 404 473 562 
903 775 422 449 479 
904 277 367 548 733 
905 275 745 353 672 
906 775 504 447 278 
907 780 433 613 563 
908 624 222 228 702 
909 356 441 274 437 
910 239 752 574 341 
911 617 283 202 636 
912 556 280 496 391 
913 386 717 722 446 
914 369 266 423 630 
915 239 380 701 419 
916 271 340 570 718 
917 758 237 732 413 
918 388 384 288 438 
919 699 725 259 493 
920 779 746 709 230 
921 647 667 240 786 
922 267 572 233 763 
923 295 356 423 499 
924 558 321 771 422 
925 698 562 795 283 
926 582 695 282 322 
927 541 354 581 472 
928 268 647 652 669 
929 429 217 736 622 
930 616 366 635 434 
931 733 499 696 692 
932 247 732 324 285 
933 476 751 200 672 
934 324 208 369 685 
935 701 281 796 200 
936 333 478 368 301 
937 526 376 527 584 
938 620 586 698 344 
939 401 294 247 417 
940 501 472 283 304 
941 274 621 485 412 
942 395 785 428 620 
943 698 322 795 464 
944 216 246 733 428 
945 304 621 238 632 
946 302 757 536 546 
947 510 260 429 468 
948 391 331 756 529 
949 330 202 605 337 
950 564 710 216 459 
951 405 337 574 719 
952 615 669 285 521 
953 280 599 252 452 
954 646 232 761 535 
955 537 269 294 450 
956 704 695 276 665 
957 340 491 419 652 
958 679 217 348 355 
959 535 355 580 578 
960 675 759 722 767 
961 555 364 749 286 
962 225 565 512 578 
963 395 696 356 370 
964 245 764 478 392 
965 571 492 368 778 
966 651 205 617 671 
967 727 569 376 619 
968 608 221 236 375 
969 500 622 715 749 
970 311 650 527 406 
971 201 387 534 391 
972 432 633 689 449 
973 576 289 413 513 
974 688 238 204 430 
975 603 568 720 749 
976 787 249 545 518 
977 707 381 253 575 
978 256 776 650 570 
979 292 213 477 700 
980 326 289 541 538 
981 260 228 203 445 
982 536 482 665 387 
983 451 665 458 530 
984 298 367 683 635 
985 250 367 214 325 
986 652 534 568 531 
987 368 263 667 559 
988 433 339 728 449 
989 261 587 281 608 
990 349 240 257 531 
991 683 612 467 664 
992 581 303 458 766 
993 422 430 205 635 
994 484 428 501 648 
995 460 515 476 499 
996 204 486 281 313 
997 462 522 290 452 
998 271 498 229 419 
999 673 294 374 299 
1000 418 466 749 380 
