4 
1000 1000 1000 1000  
1 248 393 111 257 
2 154 389 129 224 
3 103 237 145 157 
4 136 151 172 143 
5 267 258 335 373 
6 255 142 272 113 
7 191 372 146 195 
8 148 171 232 381 
9 312 319 330 210 
10 144 323 398 400 
11 128 356 134 154 
12 336 330 389 304 
13 211 360 137 210 
14 253 124 144 154 
15 346 317 130 244 
16 397 326 195 290 
17 251 365 155 177 
18 335 177 120 272 
19 375 347 378 333 
20 204 123 219 289 
21 366 183 371 299 
22 122 130 118 175 
23 242 356 400 204 
24 283 259 317 239 
25 328 221 104 109 
26 176 350 158 200 
27 160 122 185 350 
28 195 393 117 310 
29 239 222 220 345 
30 361 291 394 177 
31 280 262 391 145 
32 266 398 385 113 
33 117 311 345 292 
34 371 393 364 239 
35 156 293 340 171 
36 284 392 143 220 
37 243 270 357 318 
38 372 117 212 388 
39 118 272 256 288 
40 252 361 326 279 
41 241 298 135 272 
42 185 337 251 351 
43 137 304 341 308 
44 329 317 236 249 
45 180 329 147 290 
46 309 238 101 330 
47 348 303 203 388 
48 290 117 248 213 
49 164 335 243 317 
50 112 138 118 169 
51 392 195 262 368 
52 102 164 279 174 
53 285 141 129 214 
54 288 348 103 129 
55 119 306 287 309 
56 245 374 381 167 
57 279 315 257 295 
58 277 266 106 172 
59 248 365 353 247 
60 124 375 244 194 
61 376 270 114 265 
62 324 171 247 325 
63 349 166 128 177 
64 175 331 345 345 
65 232 331 344 123 
66 325 196 344 179 
67 171 340 288 293 
68 319 111 399 376 
69 280 260 252 111 
70 149 306 289 281 
71 145 125 140 230 
72 158 154 258 297 
73 161 120 287 295 
74 379 199 172 195 
75 369 174 211 277 
76 213 113 387 195 
77 134 106 387 327 
78 126 385 366 121 
79 393 293 392 106 
80 382 256 392 207 
81 135 296 292 118 
82 163 227 220 255 
83 133 367 133 319 
84 136 101 168 312 
85 234 364 400 133 
86 260 283 383 202 
87 370 183 235 295 
88 252 358 275 122 
89 228 152 359 153 
90 286 110 390 264 
91 120 260 113 335 
92 110 326 194 281 
93 291 197 286 301 
94 207 264 376 164 
95 127 369 217 382 
96 346 159 319 102 
97 351 143 131 354 
98 224 111 343 359 
99 142 370 165 210 
100 265 136 310 365 
101 127 324 148 368 
102 308 285 111 163 
103 284 153 376 178 
104 122 195 178 112 
105 225 292 315 318 
106 277 352 153 185 
107 387 274 385 215 
108 176 218 347 161 
109 235 380 170 341 
110 303 367 181 286 
111 225 121 205 106 
112 250 397 180 187 
113 386 190 292 210 
114 394 187 139 153 
115 210 249 220 124 
116 207 120 306 103 
117 241 309 319 160 
118 382 371 121 333 
119 349 162 100 378 
120 311 399 240 298 
121 229 247 372 370 
122 212 175 201 284 
123 269 306 160 115 
124 362 365 105 124 
125 341 380 229 340 
126 122 398 389 348 
127 312 250 227 268 
128 223 377 335 336 
129 164 171 338 322 
130 277 123 253 313 
131 201 381 247 317 
132 118 199 205 246 
133 235 224 249 230 
134 216 155 288 277 
135 270 315 208 106 
136 296 347 356 250 
137 397 311 176 301 
138 216 207 232 284 
139 301 158 234 258 
140 283 266 208 303 
141 253 225 368 322 
142 215 221 201 186 
143 291 302 176 252 
144 384 175 229 322 
145 147 238 282 334 
146 350 343 286 220 
147 379 285 261 304 
148 389 329 209 286 
149 395 101 141 157 
150 338 163 186 297 
151 208 298 111 167 
152 342 124 120 138 
153 159 385 202 213 
154 169 163 364 227 
155 110 313 134 102 
156 148 310 135 348 
157 153 248 397 365 
158 244 376 282 214 
159 349 307 394 198 
160 249 168 338 346 
161 359 244 305 356 
162 221 255 375 351 
163 202 162 257 158 
164 210 155 235 315 
165 319 124 290 270 
166 209 398 326 114 
167 342 154 389 229 
168 311 263 355 258 
169 321 225 292 238 
170 293 229 175 349 
171 162 202 250 299 
172 200 192 377 240 
173 360 260 306 343 
174 121 286 322 221 
175 274 138 315 291 
176 337 170 138 293 
177 137 229 203 103 
178 134 141 283 102 
179 291 168 230 279 
180 360 268 298 324 
181 346 261 360 363 
182 273 218 146 291 
183 390 253 122 223 
184 286 206 111 241 
185 159 304 118 189 
186 235 103 344 270 
187 167 165 281 278 
188 131 233 400 219 
189 251 157 103 254 
190 210 244 391 219 
191 167 343 363 350 
192 390 270 153 267 
193 321 141 176 205 
194 348 384 137 206 
195 303 303 359 189 
196 245 182 268 126 
197 154 248 383 114 
198 288 195 323 392 
199 152 109 243 231 
200 198 333 246 152 
201 118 199 278 137 
202 163 397 319 375 
203 300 276 378 399 
204 312 266 123 342 
205 299 346 163 197 
206 392 169 264 265 
207 349 240 223 151 
208 377 205 164 292 
209 117 392 377 377 
210 312 244 344 384 
211 131 186 348 390 
212 125 176 327 182 
213 373 146 150 267 
214 112 358 176 331 
215 395 248 342 336 
216 313 363 127 348 
217 249 159 209 188 
218 252 367 109 381 
219 154 261 342 316 
220 190 209 387 120 
221 125 255 200 109 
222 369 122 242 243 
223 351 399 397 127 
224 362 232 308 214 
225 213 340 294 108 
226 143 188 160 222 
227 277 145 280 166 
228 382 233 228 348 
229 213 153 180 191 
230 221 256 203 188 
231 266 377 269 186 
232 119 302 375 285 
233 391 242 137 272 
234 312 277 250 246 
235 367 164 158 102 
236 346 316 328 164 
237 380 263 207 275 
238 145 247 399 125 
239 259 255 276 186 
240 176 382 189 313 
241 179 257 315 103 
242 387 229 280 107 
243 303 324 131 258 
244 193 194 196 185 
245 203 206 258 339 
246 377 303 313 356 
247 391 208 140 223 
248 155 240 172 268 
249 332 160 350 203 
250 131 362 264 291 
251 293 314 390 353 
252 350 155 127 292 
253 164 171 235 377 
254 341 142 221 370 
255 377 242 133 256 
256 193 284 349 256 
257 255 208 340 327 
258 309 311 291 103 
259 189 375 115 231 
260 120 367 199 388 
261 303 153 250 375 
262 368 329 357 219 
263 338 175 395 350 
264 247 347 313 354 
265 138 293 195 150 
266 241 133 128 367 
267 170 322 139 249 
268 326 313 249 161 
269 311 235 396 265 
270 342 251 234 284 
271 243 331 278 158 
272 164 235 302 107 
273 211 319 298 135 
274 158 105 245 156 
275 112 121 366 339 
276 368 219 346 314 
277 354 321 260 241 
278 156 149 112 151 
279 186 176 364 248 
280 347 282 197 164 
281 234 161 225 359 
282 319 208 185 158 
283 233 348 289 201 
284 348 335 332 321 
285 128 147 381 137 
286 192 340 330 303 
287 170 121 355 269 
288 138 323 136 243 
289 151 315 394 207 
290 339 238 331 129 
291 213 173 219 114 
292 233 324 377 122 
293 240 253 355 209 
294 356 342 211 353 
295 108 351 174 245 
296 374 303 327 168 
297 187 331 328 254 
298 125 185 314 224 
299 323 134 265 231 
300 233 105 141 326 
301 341 169 257 371 
302 366 110 241 211 
303 356 343 340 398 
304 332 233 251 392 
305 399 232 217 158 
306 130 240 332 314 
307 374 281 253 209 
308 383 344 253 331 
309 122 231 331 314 
310 235 176 280 378 
311 190 208 398 181 
312 359 151 314 177 
313 102 271 163 258 
314 142 278 327 271 
315 266 388 226 241 
316 239 266 370 108 
317 179 221 183 348 
318 173 235 308 303 
319 170 118 217 253 
320 182 354 273 109 
321 290 189 113 327 
322 235 158 257 213 
323 163 326 165 257 
324 356 226 194 185 
325 311 232 138 175 
326 348 353 275 194 
327 194 185 376 126 
328 359 266 202 268 
329 288 279 273 253 
330 390 140 171 110 
331 111 170 181 285 
332 106 331 342 359 
333 100 229 337 366 
334 240 281 236 319 
335 113 162 176 186 
336 139 240 241 359 
337 377 349 130 284 
338 126 391 118 186 
339 386 333 158 247 
340 177 145 277 330 
341 300 291 350 161 
342 231 202 243 144 
343 345 241 226 108 
344 160 252 178 179 
345 184 164 336 395 
346 211 125 185 188 
347 295 314 196 215 
348 102 349 318 387 
349 127 255 279 321 
350 136 282 105 255 
351 363 259 257 235 
352 207 209 362 392 
353 288 280 219 327 
354 389 151 172 307 
355 106 363 301 295 
356 318 374 181 284 
357 318 114 387 158 
358 250 309 278 197 
359 246 100 187 239 
360 258 193 359 143 
361 205 236 319 289 
362 281 145 216 389 
363 258 187 393 199 
364 307 244 340 397 
365 246 234 315 364 
366 204 167 126 143 
367 347 105 397 331 
368 217 391 329 291 
369 116 124 353 359 
370 187 267 293 213 
371 381 174 150 398 
372 399 301 349 213 
373 392 315 338 392 
374 186 159 201 261 
375 239 262 312 159 
376 112 252 394 342 
377 395 319 151 260 
378 204 400 229 137 
379 210 234 290 334 
380 363 287 116 306 
381 161 353 281 248 
382 149 370 187 105 
383 277 393 328 207 
384 359 310 246 130 
385 367 156 169 213 
386 362 253 184 106 
387 177 118 377 327 
388 198 266 207 100 
389 274 368 252 218 
390 388 362 375 136 
391 384 122 374 343 
392 135 160 110 326 
393 266 391 299 254 
394 376 258 263 151 
395 383 247 242 359 
396 222 204 249 227 
397 344 111 397 141 
398 294 352 304 377 
399 141 310 387 395 
400 212 270 180 200 
