4 
10 10 10 10  
1 1 2 8 6 
2 3 1 4 10 
3 3 5 1 8 
4 4 3 8 10 
5 9 7 4 5 
6 2 5 2 3 
7 1 10 10 8 
8 7 10 10 7 
9 6 10 1 5 
10 8 2 1 5 
11 7 2 2 10 
12 2 3 7 3 
13 8 7 6 9 
14 9 1 7 6 
15 2 9 2 7 
16 5 5 5 9 
17 7 8 9 8 
18 6 7 7 4 
19 3 8 5 10 
20 7 10 2 3 
21 6 2 4 9 
22 5 3 1 1 
23 7 6 3 10 
24 5 6 1 7 
25 10 1 10 6 
26 6 1 4 1 
27 3 3 7 6 
28 8 2 10 8 
29 2 4 3 5 
30 3 5 8 7 
31 8 9 3 6 
32 10 1 1 3 
33 6 4 6 8 
34 7 3 2 10 
35 4 10 8 2 
36 2 1 3 4 
37 7 2 8 5 
38 10 9 6 8 
39 10 5 2 8 
40 1 5 6 9 
41 10 3 2 6 
42 5 2 5 2 
43 3 10 4 7 
44 10 3 7 4 
45 4 4 1 4 
46 6 4 5 9 
47 9 2 3 6 
48 2 1 7 9 
49 7 9 7 9 
50 1 4 7 7 
51 9 1 8 5 
52 5 7 8 10 
53 1 7 8 10 
54 5 2 9 1 
55 10 10 3 7 
56 6 10 8 10 
57 4 6 9 5 
58 5 10 10 1 
59 1 5 3 1 
60 5 1 4 10 
61 3 4 1 7 
62 3 1 7 8 
63 9 4 4 6 
64 2 7 9 1 
65 9 1 8 9 
66 5 10 5 3 
67 4 5 5 2 
68 1 1 10 10 
69 6 6 7 2 
70 3 2 9 4 
71 2 4 10 2 
72 8 5 2 1 
73 9 9 7 2 
74 3 8 1 4 
75 2 10 2 7 
76 9 2 3 7 
77 5 7 4 9 
78 3 3 6 4 
79 1 6 3 1 
80 1 3 4 5 
81 5 6 3 4 
82 10 8 3 9 
83 10 2 2 5 
84 2 3 8 3 
85 9 8 6 9 
86 3 3 8 8 
87 10 4 5 7 
88 10 1 7 7 
89 9 5 1 7 
90 4 4 9 1 
91 5 4 3 7 
92 3 6 10 7 
93 6 2 8 8 
94 5 4 1 2 
95 6 6 8 4 
96 7 1 4 1 
97 1 6 3 9 
98 9 8 2 4 
99 3 1 4 5 
100 9 2 10 6 
101 7 3 7 2 
102 7 5 8 10 
103 1 10 10 10 
104 7 4 1 10 
105 10 4 2 2 
106 7 9 5 9 
107 1 3 5 10 
108 9 5 10 1 
109 2 9 9 7 
110 8 9 10 10 
111 7 3 10 6 
112 4 7 10 1 
113 1 4 6 7 
114 3 8 3 7 
115 1 3 9 7 
116 10 10 6 2 
117 3 4 6 6 
118 3 3 1 8 
119 4 7 1 5 
120 5 1 6 2 
121 2 7 6 5 
122 6 3 8 6 
123 9 1 6 5 
124 3 2 3 8 
125 1 2 6 6 
126 5 6 9 4 
127 6 4 10 7 
128 3 1 7 7 
129 1 6 3 2 
130 2 5 10 6 
131 1 3 10 6 
132 9 8 5 8 
133 6 1 7 4 
134 3 1 5 10 
135 10 1 4 1 
136 1 7 6 7 
137 5 1 10 2 
138 5 9 3 5 
139 4 4 3 1 
140 8 3 6 10 
141 5 8 9 6 
142 2 10 2 4 
143 10 6 7 6 
144 5 9 3 3 
145 2 5 9 2 
146 2 1 3 6 
147 8 8 2 4 
148 10 5 10 10 
149 2 5 4 5 
150 10 6 4 7 
151 8 7 9 1 
152 5 9 1 8 
153 10 9 10 8 
154 4 1 4 2 
155 3 3 10 4 
156 2 3 9 4 
157 7 1 7 5 
158 7 5 6 2 
159 6 3 10 10 
160 7 9 2 2 
161 5 9 9 1 
162 8 9 10 8 
163 9 7 6 2 
164 8 7 9 10 
165 3 1 7 8 
166 9 7 5 7 
167 6 5 2 2 
168 4 10 5 10 
169 7 5 1 10 
170 10 8 4 9 
171 8 6 7 4 
172 4 9 7 9 
173 6 5 10 2 
174 10 2 6 1 
175 4 3 9 8 
176 7 1 2 5 
177 3 9 2 8 
178 5 8 9 2 
179 10 8 6 9 
180 9 2 6 6 
181 8 5 7 5 
182 5 10 6 8 
183 2 6 9 6 
184 1 1 3 9 
185 3 3 7 5 
186 6 2 6 9 
187 6 6 6 1 
188 5 10 8 8 
189 10 7 2 6 
190 1 6 6 9 
191 10 3 4 7 
192 10 5 9 8 
193 6 10 2 9 
194 2 1 8 4 
195 7 3 9 1 
196 7 7 2 4 
197 8 1 4 5 
198 6 2 1 10 
199 8 5 3 9 
200 5 5 6 10 
201 7 6 7 1 
202 9 2 9 5 
203 4 4 4 1 
204 10 6 7 7 
205 9 7 2 1 
206 6 9 10 2 
207 8 4 6 10 
208 4 9 5 7 
209 10 4 6 6 
210 6 4 3 5 
211 3 1 2 1 
212 9 7 7 4 
213 2 1 10 7 
214 6 6 4 1 
215 4 4 5 8 
216 7 3 7 7 
217 5 10 3 7 
218 10 1 6 4 
219 10 9 2 3 
220 8 1 1 1 
221 5 7 3 10 
222 3 1 7 9 
223 3 1 7 1 
224 8 5 6 2 
225 7 4 9 6 
226 6 10 9 8 
227 6 2 2 4 
228 5 5 9 5 
229 5 5 10 10 
230 2 3 6 9 
231 6 1 7 8 
232 7 10 2 8 
233 2 10 1 7 
234 1 6 10 7 
235 7 1 9 4 
236 4 9 3 7 
237 7 4 5 2 
238 6 6 3 4 
239 4 4 6 8 
240 1 1 2 1 
241 1 9 10 5 
242 8 3 5 10 
243 9 9 10 5 
244 9 10 4 2 
245 4 3 4 5 
246 8 7 10 2 
247 4 10 9 10 
248 6 5 10 7 
249 4 8 9 9 
250 9 10 5 2 
251 2 7 6 8 
252 9 10 5 5 
253 2 7 9 4 
254 8 8 8 9 
255 9 6 1 10 
256 7 3 1 7 
257 2 6 1 4 
258 4 10 1 5 
259 3 10 6 10 
260 8 7 8 5 
261 3 6 3 9 
262 2 10 8 10 
263 10 2 10 3 
264 2 7 10 3 
265 6 4 9 4 
266 6 10 2 10 
267 10 8 10 1 
268 10 3 8 10 
269 10 2 4 7 
270 9 10 10 4 
271 10 2 9 2 
272 6 5 5 5 
273 10 4 4 8 
274 2 1 5 7 
275 7 2 1 4 
276 7 9 10 1 
277 10 9 3 4 
278 5 10 7 6 
279 8 6 10 7 
280 4 7 10 9 
281 1 7 2 1 
282 8 8 9 10 
283 3 10 2 9 
284 8 2 2 3 
285 10 9 10 2 
286 5 2 5 4 
287 4 8 8 7 
288 6 2 9 6 
289 4 3 1 8 
290 10 2 1 7 
291 9 8 9 3 
292 9 7 9 2 
293 6 5 7 9 
294 9 2 8 2 
295 7 3 7 1 
296 4 8 4 7 
297 5 10 4 7 
298 4 5 6 5 
299 7 2 5 7 
300 3 1 5 9 
301 3 4 7 8 
302 8 8 9 5 
303 7 6 9 10 
304 2 5 7 8 
305 8 10 6 7 
306 3 4 10 10 
307 4 7 1 4 
308 6 8 2 9 
309 3 4 8 4 
310 2 6 8 10 
311 4 2 9 5 
312 3 1 7 5 
313 10 7 5 3 
314 9 1 5 2 
315 1 6 3 2 
316 5 7 9 10 
317 8 4 8 6 
318 10 8 6 10 
319 8 10 2 9 
320 9 2 6 5 
321 2 5 1 10 
322 5 4 7 6 
323 4 6 9 6 
324 10 5 3 1 
325 2 6 2 2 
326 1 9 1 2 
327 3 4 7 4 
328 6 1 9 10 
329 4 1 2 10 
330 3 8 5 8 
331 9 1 5 8 
332 6 7 7 4 
333 4 3 10 3 
334 7 4 10 6 
335 2 5 5 2 
336 1 3 6 4 
337 9 2 4 3 
338 5 6 3 7 
339 1 4 8 6 
340 1 9 6 10 
341 3 10 6 6 
342 9 10 6 5 
343 2 2 9 10 
344 6 6 9 9 
345 6 6 1 4 
346 10 10 9 3 
347 4 3 5 6 
348 9 4 5 5 
349 8 3 1 10 
350 5 3 3 2 
351 3 6 1 10 
352 7 6 4 9 
353 2 3 6 3 
354 4 4 3 6 
355 6 10 7 5 
356 2 7 4 6 
357 3 8 1 5 
358 9 2 6 1 
359 3 10 1 5 
360 10 4 6 2 
361 8 5 2 7 
362 5 3 9 6 
363 4 4 10 10 
364 2 3 3 2 
365 5 4 5 3 
366 7 3 4 4 
367 2 2 6 10 
368 9 5 7 5 
369 7 9 2 4 
370 7 7 1 5 
371 9 9 6 3 
372 5 10 6 3 
373 6 7 3 4 
374 8 3 7 8 
375 9 9 5 8 
376 2 6 7 3 
377 4 9 5 8 
378 2 10 6 8 
379 9 7 8 2 
380 8 7 9 6 
381 8 3 9 6 
382 2 9 6 2 
383 9 6 9 10 
384 9 5 1 7 
385 9 1 4 10 
386 2 9 5 2 
387 2 5 8 9 
388 2 4 8 2 
389 6 9 3 6 
390 9 5 2 5 
391 9 1 10 8 
392 10 10 6 8 
393 6 1 7 7 
394 4 4 5 3 
395 10 10 8 3 
396 7 3 2 8 
397 4 3 7 5 
398 8 3 7 6 
399 1 6 2 7 
400 1 3 4 1 
401 8 8 10 3 
402 9 10 8 3 
403 9 4 4 10 
404 10 3 5 4 
405 6 4 6 5 
406 6 9 4 4 
407 8 4 3 5 
408 2 6 10 2 
409 1 1 6 8 
410 5 7 8 6 
411 3 5 9 7 
412 10 10 8 6 
413 6 5 9 4 
414 8 3 2 9 
415 3 5 6 1 
416 7 8 4 10 
417 2 10 3 10 
418 7 9 6 4 
419 6 8 1 2 
420 3 5 1 9 
421 2 8 9 5 
422 7 8 7 2 
423 6 1 5 1 
424 4 10 10 8 
425 7 3 6 7 
426 8 8 9 6 
427 8 10 8 6 
428 2 3 5 1 
429 9 6 7 3 
430 9 2 8 1 
431 4 3 4 1 
432 7 6 4 6 
433 10 8 9 2 
434 4 5 7 1 
435 6 9 3 5 
436 1 8 6 4 
437 8 1 1 5 
438 1 9 9 4 
439 10 4 1 5 
440 7 4 4 5 
441 1 6 10 5 
442 3 8 10 3 
443 5 3 3 10 
444 9 6 1 6 
445 4 3 2 9 
446 5 6 3 2 
447 1 8 5 3 
448 7 8 10 7 
449 9 5 10 3 
450 9 8 2 7 
451 1 2 4 7 
452 3 2 6 5 
453 2 2 7 5 
454 8 10 8 1 
455 7 6 1 8 
456 1 7 8 3 
457 1 10 1 10 
458 7 10 5 7 
459 10 3 6 5 
460 8 6 8 5 
461 7 7 4 2 
462 3 7 2 3 
463 9 5 3 3 
464 10 6 9 1 
465 7 9 6 7 
466 9 10 2 7 
467 2 5 8 3 
468 8 9 2 7 
469 1 7 10 1 
470 7 5 10 4 
471 2 10 1 5 
472 1 5 7 2 
473 8 10 1 2 
474 7 7 8 9 
475 9 2 8 2 
476 7 5 3 10 
477 1 3 5 8 
478 1 8 4 7 
479 4 4 4 2 
480 2 7 1 7 
481 10 2 7 4 
482 6 3 8 5 
483 1 10 8 7 
484 5 3 2 1 
485 10 9 6 2 
486 10 8 9 2 
487 4 1 6 9 
488 3 4 1 7 
489 3 4 1 7 
490 2 8 7 2 
491 6 9 2 1 
492 9 6 1 4 
493 6 2 9 1 
494 4 3 2 2 
495 5 7 5 4 
496 6 3 9 8 
497 1 1 7 9 
498 2 7 10 6 
499 10 6 5 6 
500 7 6 2 2 
501 2 5 8 5 
502 7 10 10 4 
503 10 9 10 2 
504 4 8 9 1 
505 6 4 2 3 
506 10 2 2 1 
507 3 5 10 4 
508 9 2 1 7 
509 6 5 10 1 
510 9 10 8 6 
511 7 2 8 10 
512 5 1 9 9 
513 3 5 1 9 
514 1 1 10 1 
515 10 9 5 4 
516 6 8 8 10 
517 6 4 3 4 
518 6 6 4 5 
519 10 1 7 7 
520 4 2 2 6 
521 3 5 2 4 
522 7 7 2 6 
523 8 1 10 8 
524 5 9 6 4 
525 7 6 1 10 
526 4 2 9 1 
527 9 6 1 3 
528 9 8 9 8 
529 10 7 4 7 
530 2 1 5 4 
531 5 7 9 9 
532 7 10 8 5 
533 4 4 3 10 
534 8 5 8 9 
535 4 6 8 5 
536 3 1 2 3 
537 5 4 5 1 
538 10 3 1 4 
539 10 5 10 2 
540 8 3 2 5 
541 3 4 6 6 
542 2 10 3 7 
543 4 2 4 4 
544 8 7 9 4 
545 10 10 7 5 
546 10 1 5 4 
547 1 3 9 10 
548 5 8 10 9 
549 5 10 2 10 
550 3 3 2 10 
551 9 10 1 8 
552 1 9 7 6 
553 6 5 5 9 
554 5 10 4 5 
555 2 3 6 3 
556 4 6 10 7 
557 8 1 4 5 
558 4 8 10 6 
559 1 2 1 9 
560 8 10 1 2 
561 1 2 1 2 
562 7 6 1 10 
563 4 2 1 1 
564 8 6 9 1 
565 6 8 7 7 
566 7 6 6 7 
567 8 7 2 2 
568 3 10 8 1 
569 6 6 6 1 
570 5 8 4 4 
571 4 1 10 1 
572 5 10 5 1 
573 2 8 3 4 
574 6 4 9 10 
575 3 7 4 10 
576 7 4 5 3 
577 8 7 7 6 
578 2 3 10 9 
579 10 2 3 4 
580 8 10 8 6 
581 5 6 8 1 
582 4 1 2 7 
583 10 6 3 1 
584 4 1 10 5 
585 5 5 5 8 
586 7 10 6 4 
587 5 4 3 8 
588 1 1 8 1 
589 8 10 9 6 
590 1 4 3 10 
591 5 2 7 7 
592 7 8 4 5 
593 2 10 8 6 
594 1 1 7 5 
595 5 9 3 5 
596 2 3 6 2 
597 2 7 3 10 
598 8 3 3 8 
599 8 9 1 7 
600 9 9 1 4 
601 1 10 10 5 
602 5 4 5 2 
603 3 10 1 4 
604 9 7 3 6 
605 6 5 6 6 
606 6 1 5 5 
607 1 9 6 3 
608 8 4 1 8 
609 1 8 4 4 
610 5 7 4 7 
611 4 4 2 10 
612 9 2 1 4 
613 3 2 7 7 
614 3 6 9 8 
615 6 4 8 7 
616 8 8 6 10 
617 1 6 7 1 
618 1 7 6 9 
619 8 4 9 2 
620 10 6 1 1 
621 5 5 3 7 
622 1 3 8 3 
623 6 2 7 1 
624 4 3 5 2 
625 5 8 10 8 
626 8 2 2 7 
627 10 4 3 6 
628 5 8 1 3 
629 8 9 10 4 
630 1 6 6 1 
631 9 4 3 2 
632 7 8 7 2 
633 9 8 3 3 
634 3 7 3 4 
635 5 7 6 5 
636 3 7 3 3 
637 7 9 3 7 
638 10 3 10 1 
639 8 10 5 2 
640 8 3 3 1 
641 4 6 2 8 
642 1 10 10 1 
643 4 5 10 3 
644 3 8 3 7 
645 5 3 3 1 
646 7 8 1 6 
647 5 4 1 8 
648 6 5 5 8 
649 5 10 1 7 
650 6 6 5 1 
651 1 4 5 2 
652 4 4 2 7 
653 7 1 1 4 
654 1 6 4 8 
655 9 8 2 4 
656 7 4 8 10 
657 3 9 10 9 
658 4 3 5 2 
659 1 2 2 5 
660 6 1 9 8 
661 7 3 4 6 
662 9 5 1 10 
663 10 5 4 7 
664 6 5 2 9 
665 4 4 6 5 
666 6 6 8 5 
667 3 5 7 4 
668 2 4 5 2 
669 5 6 4 7 
670 3 4 9 10 
671 7 3 9 10 
672 10 4 10 5 
673 8 8 9 1 
674 6 2 6 1 
675 2 7 2 5 
676 3 6 5 7 
677 9 4 4 2 
678 4 5 9 2 
679 2 5 7 1 
680 6 3 7 4 
681 6 7 1 9 
682 5 1 1 4 
683 7 7 2 2 
684 3 4 9 6 
685 3 3 3 7 
686 10 8 4 8 
687 5 6 3 8 
688 8 1 8 7 
689 4 4 2 4 
690 9 6 1 7 
691 9 1 6 1 
692 5 4 6 4 
693 8 6 1 7 
694 7 2 6 6 
695 3 1 1 8 
696 4 3 2 4 
697 5 5 5 9 
698 9 1 3 4 
699 7 6 2 9 
700 6 7 3 2 
701 3 8 4 8 
702 10 7 1 1 
703 4 5 6 8 
704 6 8 7 2 
705 8 9 8 8 
706 2 6 3 5 
707 10 10 4 9 
708 5 7 10 3 
709 7 3 3 6 
710 2 1 9 5 
711 8 4 3 4 
712 2 2 10 1 
713 10 9 1 4 
714 9 1 5 1 
715 8 9 5 9 
716 5 2 7 5 
717 10 2 8 9 
718 8 4 10 5 
719 7 2 7 7 
720 3 6 7 5 
721 10 1 2 1 
722 1 6 5 5 
723 10 8 4 1 
724 3 3 9 9 
725 10 9 7 2 
726 5 1 2 4 
727 7 9 9 4 
728 8 3 6 2 
729 4 4 10 3 
730 1 6 6 10 
731 5 4 8 1 
732 9 10 5 2 
733 2 5 7 9 
734 8 7 1 1 
735 4 5 6 9 
736 9 9 1 4 
737 4 7 9 9 
738 3 1 6 1 
739 9 2 5 9 
740 10 5 9 4 
741 5 7 4 2 
742 8 5 7 4 
743 8 3 9 10 
744 5 4 2 5 
745 4 7 7 3 
746 1 5 2 4 
747 2 4 10 2 
748 8 9 2 6 
749 6 1 6 10 
750 10 2 8 3 
751 4 4 8 10 
752 1 7 8 3 
753 5 4 10 5 
754 1 7 2 8 
755 10 4 6 6 
756 6 9 4 9 
757 2 2 10 5 
758 3 4 8 7 
759 9 2 9 8 
760 3 3 10 5 
761 10 10 10 4 
762 7 10 6 1 
763 4 6 7 4 
764 1 2 10 10 
765 1 7 2 2 
766 8 8 5 5 
767 7 8 8 2 
768 10 4 1 6 
769 5 5 5 1 
770 9 6 5 5 
771 6 3 9 5 
772 5 1 5 2 
773 2 8 4 2 
774 2 4 8 1 
775 1 4 3 10 
776 2 6 3 7 
777 6 8 7 1 
778 3 3 9 8 
779 8 2 3 3 
780 1 8 10 3 
781 10 9 6 10 
782 2 7 6 10 
783 1 10 1 4 
784 1 3 9 8 
785 10 6 1 6 
786 5 6 2 8 
787 5 6 5 1 
788 2 3 3 3 
789 5 4 8 5 
790 8 8 10 2 
791 2 9 5 9 
792 7 6 9 2 
793 10 8 4 4 
794 6 7 7 6 
795 5 3 1 5 
796 2 7 4 10 
797 4 4 2 8 
798 7 10 3 7 
799 10 4 5 1 
800 5 10 7 10 
