4 
100 100 100 100  
1 26 17 20 13 
2 49 33 5 37 
3 11 39 41 24 
4 27 24 8 37 
5 18 4 21 15 
6 41 3 47 14 
7 41 43 17 11 
8 32 24 8 3 
9 26 6 15 38 
10 47 16 20 40 
11 5 17 6 6 
12 45 29 14 45 
13 9 50 14 14 
14 15 46 33 25 
15 24 25 15 26 
16 21 48 4 40 
17 20 31 25 27 
18 7 24 24 42 
19 23 23 29 5 
20 11 47 47 39 
21 6 9 42 44 
22 3 45 26 37 
23 43 25 10 19 
24 10 1 9 4 
25 16 9 48 38 
26 6 3 36 32 
27 31 47 24 19 
28 48 30 17 22 
29 20 2 39 5 
30 40 43 46 11 
31 39 3 2 41 
32 34 16 44 41 
33 47 6 48 45 
34 27 41 42 17 
35 35 27 42 34 
36 24 2 36 9 
37 35 36 16 2 
38 32 16 5 11 
39 8 12 2 48 
40 30 29 9 30 
41 45 29 3 49 
42 23 50 33 50 
43 41 49 28 45 
44 23 11 14 32 
45 12 3 3 36 
46 29 2 8 31 
47 12 13 41 26 
48 3 29 1 49 
49 33 12 4 3 
50 29 15 26 16 
51 12 5 35 9 
52 14 39 29 33 
53 7 10 39 18 
54 37 3 49 50 
55 48 35 49 31 
56 16 16 27 28 
57 44 35 18 12 
58 50 35 22 35 
59 24 20 13 37 
60 41 32 12 19 
61 34 22 32 48 
62 47 35 6 10 
63 18 29 22 38 
64 44 36 20 18 
65 25 8 37 4 
66 27 33 8 28 
67 1 14 14 43 
68 4 23 18 15 
69 44 40 10 40 
70 7 30 2 16 
71 11 17 38 40 
72 8 45 41 36 
73 30 17 17 28 
74 18 21 4 42 
75 7 14 23 48 
76 22 16 35 47 
77 13 24 35 45 
78 28 2 28 13 
79 46 9 39 8 
80 10 49 23 42 
81 39 1 31 50 
82 10 14 39 28 
83 11 12 32 2 
84 14 25 20 48 
85 24 49 7 26 
86 44 39 7 20 
87 25 20 23 21 
88 30 7 5 28 
89 2 33 46 11 
90 19 41 27 15 
91 3 5 20 14 
92 30 33 27 33 
93 12 24 11 26 
94 7 44 16 33 
95 15 24 42 43 
96 45 40 27 28 
97 24 1 43 28 
98 38 43 44 26 
99 20 10 15 21 
100 8 28 10 6 
101 43 46 18 44 
102 48 17 47 35 
103 35 20 19 40 
104 32 35 43 44 
105 34 1 8 36 
106 39 14 22 12 
107 1 25 41 18 
108 29 43 11 20 
109 30 34 41 27 
110 9 1 17 45 
111 17 5 9 12 
112 30 10 44 27 
113 6 3 1 7 
114 35 43 24 22 
115 47 27 26 23 
116 4 29 29 14 
117 38 24 38 41 
118 44 9 30 1 
119 11 40 31 14 
120 24 38 21 24 
121 45 15 41 8 
122 19 8 25 43 
123 15 3 27 40 
124 16 23 5 15 
125 44 13 30 13 
126 47 5 38 22 
127 42 26 25 27 
128 29 18 39 13 
129 36 46 31 50 
130 40 33 17 47 
131 8 28 8 7 
132 6 48 4 13 
133 39 11 46 18 
134 15 45 2 6 
135 2 21 4 31 
136 40 32 6 17 
137 37 19 45 35 
138 33 45 23 8 
139 18 4 9 48 
140 45 23 50 33 
141 46 9 41 49 
142 44 10 29 19 
143 33 11 2 4 
144 10 34 11 8 
145 12 28 34 46 
146 5 42 17 27 
147 15 45 35 8 
148 10 23 49 29 
149 17 11 22 47 
150 21 6 49 19 
151 37 14 10 6 
152 18 5 40 19 
153 41 44 2 24 
154 18 50 1 23 
155 30 18 42 7 
156 31 19 4 43 
157 19 15 25 42 
158 45 21 25 34 
159 12 10 43 35 
160 4 4 25 5 
161 16 25 45 18 
162 17 40 18 35 
163 16 16 49 48 
164 46 22 17 35 
165 15 26 1 40 
166 50 36 24 36 
167 25 10 21 47 
168 44 37 50 26 
169 47 24 17 19 
170 36 34 33 27 
171 9 49 11 18 
172 24 6 30 21 
173 13 47 19 34 
174 39 36 15 42 
175 26 50 49 37 
176 45 34 12 20 
177 30 9 29 6 
178 47 18 27 2 
179 29 37 22 49 
180 10 48 15 42 
181 1 24 38 41 
182 49 2 10 11 
183 21 2 31 48 
184 8 3 21 19 
185 42 16 26 33 
186 9 33 24 36 
187 12 13 19 20 
188 13 22 42 49 
189 32 4 4 50 
190 39 50 19 6 
191 39 39 21 50 
192 46 28 40 21 
193 7 15 49 45 
194 45 35 29 10 
195 47 21 10 15 
196 18 25 50 39 
197 7 42 28 28 
198 12 27 6 1 
199 18 45 15 13 
200 8 22 2 14 
201 49 31 15 35 
202 44 36 46 45 
203 10 44 15 9 
204 34 38 40 1 
205 18 25 20 50 
206 9 47 32 20 
207 7 31 49 22 
208 3 7 19 7 
209 35 6 3 3 
210 39 45 19 33 
211 37 8 43 25 
212 15 22 15 23 
213 44 25 29 15 
214 39 27 15 31 
215 10 42 18 34 
216 14 28 32 41 
217 19 49 38 45 
218 2 6 18 39 
219 11 34 49 19 
220 8 26 49 14 
221 39 40 26 50 
222 38 16 44 5 
223 22 18 24 18 
224 31 31 28 29 
225 15 25 24 50 
226 26 16 16 1 
227 2 44 38 5 
228 27 15 37 39 
229 48 28 43 20 
230 5 7 25 47 
231 14 37 4 8 
232 12 21 41 11 
233 22 27 50 21 
234 37 11 22 34 
235 17 20 11 38 
236 47 22 22 10 
237 23 21 40 30 
238 19 36 34 35 
239 34 44 22 23 
240 15 18 21 10 
241 48 8 43 27 
242 24 23 31 49 
243 4 33 6 38 
244 21 26 23 44 
245 19 13 40 13 
246 44 23 18 11 
247 42 33 44 18 
248 39 31 4 43 
249 35 19 39 17 
250 15 5 12 12 
251 30 47 47 2 
252 20 5 46 17 
253 23 49 14 10 
254 5 18 26 13 
255 16 2 46 33 
256 46 26 42 8 
257 7 30 12 25 
258 42 2 43 3 
259 8 18 13 25 
260 7 32 50 21 
261 7 19 20 44 
262 1 35 17 22 
263 13 17 20 28 
264 43 9 29 12 
265 12 32 14 50 
266 22 50 16 15 
267 3 22 33 42 
268 34 14 33 38 
269 3 38 24 9 
270 11 15 33 36 
271 26 23 22 34 
272 14 25 17 42 
273 11 47 48 36 
274 3 25 37 2 
275 32 44 39 13 
276 28 47 36 43 
277 3 26 39 43 
278 26 9 25 32 
279 43 2 35 23 
280 5 39 27 1 
281 46 49 9 25 
282 38 31 43 17 
283 37 26 19 9 
284 32 35 18 38 
285 44 14 4 16 
286 44 9 3 34 
287 4 2 15 20 
288 28 21 36 2 
289 10 4 11 21 
290 30 2 50 31 
291 49 15 40 5 
292 23 18 42 22 
293 2 27 34 1 
294 13 4 12 20 
295 17 38 48 16 
296 15 45 24 6 
297 44 23 48 36 
298 23 32 13 39 
299 37 50 47 24 
300 36 23 31 42 
301 1 20 25 7 
302 21 49 50 27 
303 16 30 49 24 
304 7 9 32 43 
305 43 13 48 19 
306 5 18 24 48 
307 35 28 47 39 
308 43 49 27 37 
309 31 37 5 13 
310 18 28 26 10 
311 14 49 28 40 
312 14 46 13 38 
313 34 16 28 2 
314 18 35 47 31 
315 46 49 35 8 
316 1 19 20 10 
317 43 18 5 10 
318 42 32 27 33 
319 3 19 11 31 
320 17 40 41 25 
321 37 47 16 31 
322 1 21 47 44 
323 7 41 22 33 
324 30 16 47 2 
325 33 12 30 7 
326 23 24 26 15 
327 6 6 44 5 
328 32 42 13 43 
329 31 22 6 47 
330 31 13 14 11 
331 21 26 18 5 
332 22 11 27 21 
333 20 34 28 21 
334 35 2 22 31 
335 28 8 31 48 
336 39 24 13 2 
337 39 42 29 34 
338 8 17 16 37 
339 14 39 26 21 
340 8 13 26 32 
341 22 28 11 13 
342 27 22 10 1 
343 35 47 41 6 
344 43 15 27 40 
345 48 8 41 10 
346 38 30 47 36 
347 1 13 50 3 
348 34 33 10 27 
349 32 38 27 5 
350 18 20 9 27 
351 43 3 28 3 
352 38 29 39 47 
353 26 41 2 25 
354 7 26 26 46 
355 35 3 26 11 
356 19 3 15 16 
357 18 38 12 16 
358 14 47 38 44 
359 38 30 19 48 
360 1 11 48 46 
361 20 23 3 3 
362 7 18 39 47 
363 26 22 9 30 
364 49 21 29 23 
365 7 43 20 42 
366 7 40 43 40 
367 16 2 18 38 
368 8 11 30 43 
369 6 23 11 6 
370 15 29 38 48 
371 14 31 10 39 
372 13 7 50 6 
373 28 40 12 34 
374 23 29 26 44 
375 29 50 43 43 
376 50 12 39 28 
377 21 47 22 42 
378 24 22 27 33 
379 48 11 48 19 
380 16 33 8 39 
381 2 25 14 28 
382 48 13 34 37 
383 11 1 15 23 
384 50 12 39 1 
385 2 38 8 39 
386 28 39 18 22 
387 40 23 24 8 
388 9 21 37 42 
389 3 9 26 5 
390 48 45 10 28 
391 49 16 23 39 
392 46 25 34 22 
393 28 39 36 16 
394 41 24 30 8 
395 38 9 12 14 
396 10 49 10 41 
397 17 27 13 38 
398 41 16 38 11 
399 39 44 29 17 
400 40 28 42 3 
